DATETIME,CARRY,CARRY_CONTRACT,PRICE,PRICE_CONTRACT,FORWARD,FORWARD_CONTRACT
2013-03-12 23:00:00,263.3,20130900,263.5,20130600,263.3,20130900
2013-03-13 23:00:00,262.9,20130900,263.3,20130600,262.9,20130900
2013-03-14 23:00:00,264.6,20130900,265.0,20130600,264.6,20130900
2013-03-15 23:00:00,263.4,20130900,263.8,20130600,263.4,20130900
2013-03-18 23:00:00,262.5,20130900,263.6,20130600,262.5,20130900
2013-03-19 23:00:00,261.9,20130900,262.0,20130600,261.9,20130900
2013-03-20 23:00:00,262.3,20130900,263.3,20130600,262.3,20130900
2013-03-21 23:00:00,260.7,20130900,261.7,20130600,260.7,20130900
2013-03-22 23:00:00,259.8,20130900,260.8,20130600,259.8,20130900
2013-03-25 23:00:00,258.3,20130900,259.0,20130600,258.3,20130900
2013-03-26 23:00:00,258.3,20130900,259.0,20130600,258.3,20130900
2013-03-27 23:00:00,255.1,20130900,256.0,20130600,255.1,20130900
2013-03-28 23:00:00,257.0,20130900,257.9,20130600,257.0,20130900
2013-04-02 23:00:00,259.8,20130900,260.7,20130600,259.8,20130900
2013-04-03 23:00:00,257.8,20130900,258.7,20130600,257.8,20130900
2013-04-04 23:00:00,255.9,20130900,256.8,20130600,255.9,20130900
2013-04-05 23:00:00,252.0,20130900,252.9,20130600,252.0,20130900
2013-04-08 23:00:00,251.9,20130900,252.8,20130600,251.9,20130900
2013-04-09 23:00:00,252.6,20130900,253.5,20130600,252.6,20130900
2013-04-10 23:00:00,258.6,20130900,259.5,20130600,258.6,20130900
2013-04-11 23:00:00,260.6,20130900,261.5,20130600,260.6,20130900
2013-04-12 23:00:00,258.4,20130900,259.3,20130600,258.4,20130900
2013-04-15 23:00:00,255.4,20130900,256.3,20130600,255.4,20130900
2013-04-16 23:00:00,253.8,20130900,254.7,20130600,253.8,20130900
2013-04-17 23:00:00,250.3,20130900,251.2,20130600,250.3,20130900
2013-04-18 23:00:00,250.2,20130900,251.1,20130600,250.2,20130900
2013-04-19 23:00:00,251.9,20130900,252.8,20130600,251.9,20130900
2013-04-22 23:00:00,254.2,20130900,255.1,20130600,254.2,20130900
2013-04-23 23:00:00,260.5,20130900,261.4,20130600,260.5,20130900
2013-04-24 23:00:00,262.2,20130900,263.1,20130600,262.2,20130900
2013-04-25 23:00:00,263.8,20130900,264.7,20130600,263.8,20130900
2013-04-26 23:00:00,262.1,20130900,263.0,20130600,262.1,20130900
2013-04-29 23:00:00,264.1,20130900,265.0,20130600,264.1,20130900
2013-04-30 23:00:00,263.8,20130900,264.7,20130600,263.8,20130900
2013-05-02 23:00:00,263.2,20130900,264.1,20130600,263.2,20130900
2013-05-03 23:00:00,266.4,20130900,267.3,20130600,266.4,20130900
2013-05-06 23:00:00,266.9,20130900,267.8,20130600,266.9,20130900
2013-05-07 23:00:00,268.2,20130900,269.1,20130600,268.2,20130900
2013-05-08 23:00:00,269.6,20130900,270.5,20130600,269.6,20130900
2013-05-09 23:00:00,269.5,20130900,270.4,20130600,269.5,20130900
2013-05-10 23:00:00,270.2,20130900,271.2,20130600,270.2,20130900
2013-05-13 23:00:00,270.2,20130900,271.2,20130600,270.2,20130900
2013-05-14 23:00:00,271.4,20130900,272.4,20130600,271.4,20130900
2013-05-15 23:00:00,273.4,20130900,274.4,20130600,273.4,20130900
2013-05-16 23:00:00,272.8,20130900,273.8,20130600,272.8,20130900
2013-05-17 23:00:00,273.4,20130900,274.4,20130600,273.4,20130900
2013-05-20 23:00:00,274.8,20130900,275.8,20130600,274.8,20130900
2013-05-21 23:00:00,274.5,20130900,275.5,20130600,274.5,20130900
2013-05-22 23:00:00,276.0,20130900,277.0,20130600,276.0,20130900
2013-05-23 23:00:00,271.5,20130900,272.5,20130600,271.5,20130900
2013-05-24 23:00:00,270.9,20130900,271.9,20130600,270.9,20130900
2013-05-27 23:00:00,272.3,20130900,273.3,20130600,272.3,20130900
2013-05-28 23:00:00,276.3,20130900,277.3,20130600,276.3,20130900
2013-05-29 23:00:00,272.2,20130900,273.2,20130600,272.2,20130900
2013-05-30 23:00:00,273.1,20130900,274.1,20130600,273.1,20130900
2013-05-31 23:00:00,271.4,20130900,272.4,20130600,271.4,20130900
2013-06-03 23:00:00,269.8,20130900,270.8,20130600,269.8,20130900
2013-06-04 23:00:00,270.7,20130900,271.7,20130600,270.7,20130900
2013-06-05 23:00:00,268.0,20130900,269.0,20130600,268.0,20130900
2013-06-06 23:00:00,266.5,20130900,267.5,20130600,266.5,20130900
2013-06-07 23:00:00,268.3,20130900,269.3,20130600,268.3,20130900
2013-06-10 23:00:00,267.9,20130900,268.9,20130600,267.9,20130900
2013-06-11 23:00:00,265.5,20130900,266.5,20130600,265.5,20130900
2013-06-12 23:00:00,264.0,20131200,265.0,20130900,264.0,20131200
2013-06-13 23:00:00,263.4,20131200,264.7,20130900,263.4,20131200
2013-06-14 23:00:00,264.9,20131200,265.9,20130900,264.9,20131200
2013-06-17 23:00:00,266.7,20131200,268.0,20130900,266.7,20131200
2013-06-18 23:00:00,268.2,20131200,269.2,20130900,268.2,20131200
2013-06-19 23:00:00,267.5,20131200,268.6,20130900,267.5,20131200
2013-06-20 23:00:00,260.7,20131200,261.8,20130900,260.7,20131200
2013-06-21 23:00:00,255.8,20131200,256.9,20130900,255.8,20131200
2013-06-24 23:00:00,250.9,20131200,251.5,20130900,250.9,20131200
2013-06-25 23:00:00,253.2,20131200,253.8,20130900,253.2,20131200
2013-06-26 23:00:00,256.8,20131200,257.4,20130900,256.8,20131200
2013-06-27 23:00:00,259.5,20131200,260.1,20130900,259.5,20131200
2013-06-28 23:00:00,258.1,20131200,258.7,20130900,258.1,20131200
2013-07-01 23:00:00,260.6,20131200,261.2,20130900,260.6,20131200
2013-07-02 23:00:00,260.4,20131200,261.0,20130900,260.4,20131200
2013-07-03 23:00:00,258.6,20131200,259.2,20130900,258.6,20131200
2013-07-04 23:00:00,263.4,20131200,264.0,20130900,263.4,20131200
2013-07-05 23:00:00,261.6,20131200,262.2,20130900,261.6,20131200
2013-07-08 23:00:00,265.0,20131200,265.6,20130900,265.0,20131200
2013-07-09 23:00:00,266.8,20131200,267.4,20130900,266.8,20131200
2013-07-10 23:00:00,266.2,20131200,267.3,20130900,266.2,20131200
2013-07-11 23:00:00,268.0,20131200,269.1,20130900,268.0,20131200
2013-07-12 23:00:00,266.5,20131200,267.6,20130900,266.5,20131200
2013-07-15 23:00:00,267.4,20131200,268.5,20130900,267.4,20131200
2013-07-16 23:00:00,267.2,20131200,268.3,20130900,267.2,20131200
2013-07-17 23:00:00,267.7,20131200,268.8,20130900,267.7,20131200
2013-07-18 23:00:00,270.4,20131200,271.5,20130900,270.4,20131200
2013-07-19 23:00:00,271.0,20131200,272.1,20130900,271.0,20131200
2013-07-22 23:00:00,270.6,20131200,271.7,20130900,270.6,20131200
2013-07-23 23:00:00,270.9,20131200,272.0,20130900,270.9,20131200
2013-07-24 23:00:00,273.7,20131200,274.8,20130900,273.7,20131200
2013-07-25 23:00:00,273.2,20131200,274.3,20130900,273.2,20131200
2013-07-26 23:00:00,273.1,20131200,274.2,20130900,273.1,20131200
2013-07-29 23:00:00,272.8,20131200,274.0,20130900,272.8,20131200
2013-07-30 23:00:00,275.4,20131200,276.6,20130900,275.4,20131200
2013-07-31 23:00:00,274.8,20131200,276.0,20130900,274.8,20131200
2013-08-01 23:00:00,280.2,20131200,281.4,20130900,280.2,20131200
2013-08-02 23:00:00,280.4,20131200,281.6,20130900,280.4,20131200
2013-08-05 23:00:00,281.2,20131200,282.4,20130900,281.2,20131200
2013-08-06 23:00:00,279.5,20131200,280.7,20130900,279.5,20131200
2013-08-07 23:00:00,279.9,20131200,281.1,20130900,279.9,20131200
2013-08-08 23:00:00,284.4,20131200,285.6,20130900,284.4,20131200
2013-08-09 23:00:00,287.3,20131200,288.5,20130900,287.3,20131200
2013-08-12 23:00:00,288.0,20131200,289.2,20130900,288.0,20131200
2013-08-13 23:00:00,289.0,20131200,290.2,20130900,289.0,20131200
2013-08-14 23:00:00,290.1,20131200,291.3,20130900,290.1,20131200
2013-08-15 23:00:00,287.9,20131200,289.1,20130900,287.9,20131200
2013-08-16 23:00:00,289.6,20131200,290.6,20130900,289.6,20131200
2013-08-19 23:00:00,287.7,20131200,288.7,20130900,287.7,20131200
2013-08-20 23:00:00,284.1,20131200,284.8,20130900,284.1,20131200
2013-08-21 23:00:00,284.3,20131200,285.3,20130900,284.3,20131200
2013-08-22 23:00:00,288.0,20131200,289.0,20130900,288.0,20131200
2013-08-23 23:00:00,289.1,20131200,290.1,20130900,289.1,20131200
2013-08-26 23:00:00,287.6,20131200,288.6,20130900,287.6,20131200
2013-08-27 23:00:00,281.6,20131200,282.6,20130900,281.6,20131200
2013-08-28 23:00:00,281.0,20131200,282.0,20130900,281.0,20131200
2013-08-29 23:00:00,283.1,20131200,284.1,20130900,283.1,20131200
2013-08-30 23:00:00,280.4,20131200,281.3,20130900,280.4,20131200
2013-09-02 23:00:00,283.7,20131200,284.8,20130900,283.7,20131200
2013-09-03 23:00:00,284.2,20131200,285.3,20130900,284.2,20131200
2013-09-04 23:00:00,284.1,20131200,285.2,20130900,284.1,20131200
2013-09-05 23:00:00,285.7,20131200,286.8,20130900,285.7,20131200
2013-09-06 23:00:00,287.3,20131200,288.4,20130900,287.3,20131200
2013-09-09 23:00:00,288.4,20131200,289.4,20130900,288.4,20131200
2013-09-10 23:00:00,292.3,20131200,293.3,20130900,292.3,20131200
2013-09-11 23:00:00,293.0,20131200,294.0,20130900,293.0,20131200
2013-09-12 23:00:00,294.2,20140300,294.0,20131200,294.2,20140300
2013-09-13 23:00:00,294.3,20140300,294.1,20131200,294.3,20140300
2013-09-16 23:00:00,296.8,20140300,296.6,20131200,296.8,20140300
2013-09-17 23:00:00,296.0,20140300,295.8,20131200,296.0,20140300
2013-09-18 23:00:00,296.6,20140300,296.5,20131200,296.6,20140300
2013-09-19 23:00:00,298.3,20140300,298.4,20131200,298.3,20140300
2013-09-20 23:00:00,299.2,20140300,299.3,20131200,299.2,20140300
2013-09-23 23:00:00,296.2,20140300,296.7,20131200,296.2,20140300
2013-09-24 23:00:00,296.9,20140300,297.8,20131200,296.9,20140300
2013-09-25 23:00:00,296.2,20140300,297.1,20131200,296.2,20140300
2013-09-26 23:00:00,296.1,20140300,297.0,20131200,296.1,20140300
2013-09-27 23:00:00,295.3,20140300,296.2,20131200,295.3,20140300
2013-09-30 23:00:00,293.8,20140300,294.2,20131200,293.8,20140300
2013-10-01 23:00:00,297.0,20140300,297.4,20131200,297.0,20140300
2013-10-02 23:00:00,296.5,20140300,296.9,20131200,296.5,20140300
2013-10-03 23:00:00,294.9,20140300,295.3,20131200,294.9,20140300
2013-10-04 23:00:00,296.4,20140300,296.8,20131200,296.4,20140300
2013-10-07 23:00:00,295.0,20140300,295.4,20131200,295.0,20140300
2013-10-08 23:00:00,294.2,20140300,294.6,20131200,294.2,20140300
2013-10-09 23:00:00,293.2,20140300,293.6,20131200,293.2,20140300
2013-10-10 23:00:00,298.5,20140300,298.9,20131200,298.5,20140300
2013-10-11 23:00:00,298.4,20140300,298.8,20131200,298.4,20140300
2013-10-14 23:00:00,297.9,20140300,298.3,20131200,297.9,20140300
2013-10-15 23:00:00,301.2,20140300,301.6,20131200,301.2,20140300
2013-10-16 23:00:00,303.0,20140300,303.4,20131200,303.0,20140300
2013-10-17 23:00:00,302.2,20140300,302.6,20131200,302.2,20140300
2013-10-18 23:00:00,304.8,20140300,305.1,20131200,304.8,20140300
2013-10-21 23:00:00,305.8,20140300,306.1,20131200,305.8,20140300
2013-10-22 23:00:00,306.0,20140300,306.3,20131200,306.0,20140300
2013-10-23 23:00:00,303.4,20140300,303.7,20131200,303.4,20140300
2013-10-24 23:00:00,305.3,20140300,305.6,20131200,305.3,20140300
2013-10-25 23:00:00,304.0,20140300,304.3,20131200,304.0,20140300
2013-10-28 23:00:00,303.3,20140300,303.6,20131200,303.3,20140300
2013-10-29 23:00:00,305.0,20140300,305.3,20131200,305.0,20140300
2013-10-30 23:00:00,305.2,20140300,305.5,20131200,305.2,20140300
2013-10-31 23:00:00,308.1,20140300,308.4,20131200,308.1,20140300
2013-11-01 23:00:00,307.4,20140300,307.7,20131200,307.4,20140300
2013-11-04 23:00:00,309.4,20140300,309.7,20131200,309.4,20140300
2013-11-05 23:00:00,308.3,20140300,308.6,20131200,308.3,20140300
2013-11-06 23:00:00,310.8,20140300,311.1,20131200,310.8,20140300
2013-11-07 23:00:00,309.8,20140300,310.1,20131200,309.8,20140300
2013-11-08 23:00:00,307.8,20140300,309.8,20131200,307.8,20140300
2013-11-11 23:00:00,311.6,20140300,312.0,20131200,311.6,20140300
2013-11-12 23:00:00,309.9,20140300,310.3,20131200,309.9,20140300
2013-11-13 23:00:00,308.1,20140300,308.5,20131200,308.1,20140300
2013-11-14 23:00:00,309.9,20140300,310.3,20131200,309.9,20140300
2013-11-15 23:00:00,310.1,20140300,310.5,20131200,310.1,20140300
2013-11-18 23:00:00,312.0,20140300,312.4,20131200,312.0,20140300
2013-11-19 23:00:00,309.7,20140300,310.1,20131200,309.7,20140300
2013-11-20 23:00:00,308.5,20140300,308.9,20131200,308.5,20140300
2013-11-21 23:00:00,308.8,20140300,309.2,20131200,308.8,20140300
2013-11-22 23:00:00,309.1,20140300,309.5,20131200,309.1,20140300
2013-11-25 23:00:00,310.3,20140300,310.7,20131200,310.3,20140300
2013-11-26 23:00:00,309.7,20140300,310.1,20131200,309.7,20140300
2013-11-27 23:00:00,311.2,20140300,311.6,20131200,311.2,20140300
2013-11-28 23:00:00,312.8,20140300,313.2,20131200,312.8,20140300
2013-11-29 23:00:00,313.1,20140300,313.5,20131200,313.1,20140300
2013-12-02 23:00:00,311.6,20140300,312.0,20131200,311.6,20140300
2013-12-03 23:00:00,305.8,20140300,306.2,20131200,305.8,20140300
2013-12-04 23:00:00,303.8,20140300,304.2,20131200,303.8,20140300
2013-12-05 23:00:00,301.5,20140300,301.9,20131200,301.5,20140300
2013-12-06 23:00:00,302.4,20140300,302.8,20131200,302.4,20140300
2013-12-09 23:00:00,304.0,20140300,304.4,20131200,304.0,20140300
2013-12-10 23:00:00,303.5,20140300,303.9,20131200,303.5,20140300
2013-12-11 23:00:00,302.0,20140300,302.4,20131200,302.0,20140300
2013-12-12 23:00:00,292.9,20140600,299.3,20140300,292.9,20140600
2013-12-13 23:00:00,293.2,20140600,299.6,20140300,293.2,20140600
2013-12-16 23:00:00,296.1,20140600,302.8,20140300,296.1,20140600
2013-12-17 23:00:00,294.3,20140600,300.7,20140300,294.3,20140600
2013-12-18 23:00:00,296.1,20140600,302.7,20140300,296.1,20140600
2013-12-19 23:00:00,299.7,20140600,306.3,20140300,299.7,20140600
2013-12-20 23:00:00,301.3,20140600,307.9,20140300,301.3,20140600
2013-12-23 23:00:00,304.2,20140600,310.2,20140300,304.2,20140600
2013-12-27 23:00:00,308.2,20140600,314.2,20140300,308.2,20140600
2013-12-30 23:00:00,309.2,20140600,315.2,20140300,309.2,20140600
2014-01-02 23:00:00,307.6,20140600,313.6,20140300,307.6,20140600
2014-01-03 23:00:00,309.5,20140600,315.0,20140300,309.5,20140600
2014-01-06 23:00:00,310.1,20140600,315.6,20140300,310.1,20140600
2014-01-07 23:00:00,313.2,20140600,318.7,20140300,313.2,20140600
2014-01-08 23:00:00,314.4,20140600,319.9,20140300,314.4,20140600
2014-01-09 23:00:00,314.3,20140600,319.8,20140300,314.3,20140600
2014-01-10 23:00:00,315.6,20140600,321.1,20140300,315.6,20140600
2014-01-13 23:00:00,318.5,20140600,324.0,20140300,318.5,20140600
2014-01-14 23:00:00,318.6,20140600,324.1,20140300,318.6,20140600
2014-01-15 23:00:00,321.8,20140600,327.3,20140300,321.8,20140600
2014-01-16 23:00:00,321.5,20140600,327.0,20140300,321.5,20140600
2014-01-17 23:00:00,322.1,20140600,327.6,20140300,322.1,20140600
2014-01-20 23:00:00,321.7,20140600,327.2,20140300,321.7,20140600
2014-01-21 23:00:00,321.0,20140600,326.5,20140300,321.0,20140600
2014-01-22 23:00:00,320.1,20140600,325.6,20140300,320.1,20140600
2014-01-23 23:00:00,319.5,20140600,325.0,20140300,319.5,20140600
2014-01-24 23:00:00,311.4,20140600,317.0,20140300,311.4,20140600
2014-01-27 23:00:00,309.7,20140600,315.3,20140300,309.7,20140600
2014-01-28 23:00:00,312.4,20140600,318.0,20140300,312.4,20140600
2014-01-29 23:00:00,312.4,20140600,317.9,20140300,312.4,20140600
2014-01-30 23:00:00,312.5,20140600,318.0,20140300,312.5,20140600
2014-01-31 23:00:00,310.7,20140600,316.2,20140300,310.7,20140600
2014-02-03 23:00:00,307.3,20140600,312.8,20140300,307.3,20140600
2014-02-04 23:00:00,307.5,20140600,313.0,20140300,307.5,20140600
2014-02-05 23:00:00,308.7,20140600,314.2,20140300,308.7,20140600
2014-02-06 23:00:00,314.2,20140600,319.7,20140300,314.2,20140600
2014-02-07 23:00:00,315.5,20140600,321.0,20140300,315.5,20140600
2014-02-10 23:00:00,316.1,20140600,321.4,20140300,316.1,20140600
2014-02-11 23:00:00,319.4,20140600,324.7,20140300,319.4,20140600
2014-02-12 23:00:00,321.1,20140600,326.4,20140300,321.1,20140600
2014-02-13 23:00:00,321.6,20140600,326.9,20140300,321.6,20140600
2014-02-14 23:00:00,323.6,20140600,328.9,20140300,323.6,20140600
2014-02-17 23:00:00,325.2,20140600,330.5,20140300,325.2,20140600
2014-02-18 23:00:00,324.5,20140600,329.8,20140300,324.5,20140600
2014-02-19 23:00:00,324.1,20140600,329.4,20140300,324.1,20140600
2014-02-20 23:00:00,323.2,20140600,328.5,20140300,323.2,20140600
2014-02-21 23:00:00,325.2,20140600,330.5,20140300,325.2,20140600
2014-02-24 23:00:00,327.7,20140600,333.0,20140300,327.7,20140600
2014-02-25 23:00:00,328.8,20140600,334.1,20140300,328.8,20140600
2014-02-26 23:00:00,327.5,20140600,332.8,20140300,327.5,20140600
2014-02-27 23:00:00,327.9,20140600,333.2,20140300,327.9,20140600
2014-02-28 23:00:00,328.5,20140600,333.8,20140300,328.5,20140600
2014-03-03 23:00:00,320.9,20140600,326.2,20140300,320.9,20140600
2014-03-04 23:00:00,327.8,20140600,333.1,20140300,327.8,20140600
2014-03-05 23:00:00,329.2,20140600,334.5,20140300,329.2,20140600
2014-03-06 23:00:00,332.2,20140600,337.5,20140300,332.2,20140600
2014-03-07 23:00:00,328.7,20140600,334.0,20140300,328.7,20140600
2014-03-10 23:00:00,328.0,20140600,333.3,20140300,328.0,20140600
2014-03-11 23:00:00,328.1,20140600,333.4,20140300,328.1,20140600
2014-03-12 23:00:00,322.8,20140900,324.8,20140600,322.8,20140900
2014-03-13 23:00:00,318.7,20140900,320.7,20140600,318.7,20140900
2014-03-14 23:00:00,315.1,20140900,317.1,20140600,315.1,20140900
2014-03-17 23:00:00,320.5,20140900,322.6,20140600,320.5,20140900
2014-03-18 23:00:00,323.3,20140900,325.5,20140600,323.3,20140900
2014-03-19 23:00:00,322.7,20140900,324.7,20140600,322.7,20140900
2014-03-20 23:00:00,323.2,20140900,325.2,20140600,323.2,20140900
2014-03-21 23:00:00,323.4,20140900,325.4,20140600,323.4,20140900
2014-03-24 23:00:00,319.1,20140900,320.3,20140600,319.1,20140900
2014-03-25 23:00:00,322.2,20140900,323.4,20140600,322.2,20140900
2014-03-26 23:00:00,326.1,20140900,327.3,20140600,326.1,20140900
2014-03-27 23:00:00,326.1,20140900,327.3,20140600,326.1,20140900
2014-03-28 23:00:00,329.0,20140900,330.2,20140600,329.0,20140900
2014-03-31 23:00:00,330.8,20140900,332.0,20140600,330.8,20140900
2014-04-01 23:00:00,334.4,20140900,335.6,20140600,334.4,20140900
2014-04-02 23:00:00,333.9,20140900,335.1,20140600,333.9,20140900
2014-04-03 23:00:00,334.7,20140900,335.9,20140600,334.7,20140900
2014-04-04 23:00:00,336.1,20140900,337.3,20140600,336.1,20140900
2014-04-07 23:00:00,333.2,20140900,334.4,20140600,333.2,20140900
2014-04-08 23:00:00,328.9,20140900,330.1,20140600,328.9,20140900
2014-04-09 23:00:00,331.3,20140900,332.5,20140600,331.3,20140900
2014-04-10 23:00:00,328.3,20140900,329.5,20140600,328.3,20140900
2014-04-11 23:00:00,324.0,20140900,325.2,20140600,324.0,20140900
2014-04-14 23:00:00,321.8,20140900,323.0,20140600,321.8,20140900
2014-04-15 23:00:00,318.0,20140900,319.2,20140600,318.0,20140900
2014-04-16 23:00:00,324.9,20140900,326.1,20140600,324.9,20140900
2014-04-17 23:00:00,327.0,20140900,328.2,20140600,327.0,20140900
2014-04-22 23:00:00,331.7,20140900,332.9,20140600,331.7,20140900
2014-04-23 23:00:00,331.4,20140900,332.6,20140600,331.4,20140900
2014-04-24 23:00:00,331.3,20140900,332.5,20140600,331.3,20140900
2014-04-25 23:00:00,328.1,20140900,329.3,20140600,328.1,20140900
2014-04-28 23:00:00,328.0,20140900,329.2,20140600,328.0,20140900
2014-04-29 23:00:00,331.8,20140900,333.0,20140600,331.8,20140900
2014-04-30 23:00:00,331.0,20140900,332.2,20140600,331.0,20140900
2014-05-02 23:00:00,330.6,20140900,331.8,20140600,330.6,20140900
2014-05-05 23:00:00,330.2,20140900,331.4,20140600,330.2,20140900
2014-05-06 23:00:00,329.0,20140900,330.2,20140600,329.0,20140900
2014-05-07 23:00:00,327.3,20140900,328.5,20140600,327.3,20140900
2014-05-08 23:00:00,331.2,20140900,332.4,20140600,331.2,20140900
2014-05-09 23:00:00,329.5,20140900,330.7,20140600,329.5,20140900
2014-05-12 23:00:00,332.7,20140900,333.9,20140600,332.7,20140900
2014-05-13 23:00:00,332.6,20140900,333.8,20140600,332.6,20140900
2014-05-14 23:00:00,331.0,20140900,332.2,20140600,331.0,20140900
2014-05-15 23:00:00,325.3,20140900,326.5,20140600,325.3,20140900
2014-05-16 23:00:00,325.0,20140900,326.2,20140600,325.0,20140900
2014-05-19 23:00:00,326.6,20140900,327.8,20140600,326.6,20140900
2014-05-20 23:00:00,327.3,20140900,328.5,20140600,327.3,20140900
2014-05-21 23:00:00,328.2,20140900,329.4,20140600,328.2,20140900
2014-05-22 23:00:00,328.9,20140900,330.1,20140600,328.9,20140900
2014-05-23 23:00:00,331.4,20140900,332.6,20140600,331.4,20140900
2014-05-26 23:00:00,335.9,20140900,337.1,20140600,335.9,20140900
2014-05-27 23:00:00,336.3,20140900,337.5,20140600,336.3,20140900
2014-05-28 23:00:00,337.0,20140900,338.2,20140600,337.0,20140900
2014-05-29 23:00:00,337.3,20140900,338.5,20140600,337.3,20140900
2014-05-30 23:00:00,338.0,20140900,339.2,20140600,338.0,20140900
2014-06-02 23:00:00,339.4,20140900,340.6,20140600,339.4,20140900
2014-06-03 23:00:00,336.7,20140900,337.9,20140600,336.7,20140900
2014-06-04 23:00:00,336.7,20140900,337.9,20140600,336.7,20140900
2014-06-05 23:00:00,339.8,20140900,341.0,20140600,339.8,20140900
2014-06-06 23:00:00,343.6,20140900,344.8,20140600,343.6,20140900
2014-06-09 23:00:00,345.9,20140900,347.1,20140600,345.9,20140900
2014-06-10 23:00:00,345.8,20140900,347.0,20140600,345.8,20140900
2014-06-11 23:00:00,341.7,20140900,342.9,20140600,341.7,20140900
2014-06-12 23:00:00,342.0,20141200,342.8,20140900,342.0,20141200
2014-06-13 23:00:00,340.3,20141200,341.1,20140900,340.3,20141200
2014-06-16 23:00:00,338.7,20141200,339.5,20140900,338.7,20141200
2014-06-17 23:00:00,339.9,20141200,340.7,20140900,339.9,20141200
2014-06-18 23:00:00,340.1,20141200,340.9,20140900,340.1,20141200
2014-06-19 23:00:00,340.4,20141200,341.5,20140900,340.4,20141200
2014-06-20 23:00:00,339.3,20141200,340.4,20140900,339.3,20141200
2014-06-23 23:00:00,337.1,20141200,337.8,20140900,337.1,20141200
2014-06-24 23:00:00,336.7,20141200,337.4,20140900,336.7,20141200
2014-06-25 23:00:00,332.9,20141200,333.6,20140900,332.9,20141200
2014-06-26 23:00:00,332.8,20141200,333.5,20140900,332.8,20141200
2014-06-27 23:00:00,332.8,20141200,333.5,20140900,332.8,20141200
2014-06-30 23:00:00,332.1,20141200,332.8,20140900,332.1,20141200
2014-07-01 23:00:00,332.7,20141200,333.4,20140900,332.7,20141200
2014-07-02 23:00:00,334.2,20141200,334.9,20140900,334.2,20141200
2014-07-03 23:00:00,336.4,20141200,337.1,20140900,336.4,20141200
2014-07-04 23:00:00,335.4,20141200,336.1,20140900,335.4,20141200
2014-07-07 23:00:00,332.2,20141200,332.9,20140900,332.2,20141200
2014-07-08 23:00:00,325.9,20141200,326.6,20140900,325.9,20141200
2014-07-09 23:00:00,325.9,20141200,326.6,20140900,325.9,20141200
2014-07-10 23:00:00,320.9,20141200,321.6,20140900,320.9,20141200
2014-07-11 23:00:00,321.5,20141200,322.2,20140900,321.5,20141200
2014-07-14 23:00:00,324.4,20141200,325.1,20140900,324.4,20141200
2014-07-15 23:00:00,322.5,20141200,323.2,20140900,322.5,20141200
2014-07-16 23:00:00,327.2,20141200,327.9,20140900,327.2,20141200
2014-07-17 23:00:00,324.4,20141200,325.1,20140900,324.4,20141200
2014-07-18 23:00:00,324.6,20141200,325.3,20140900,324.6,20141200
2014-07-21 23:00:00,323.4,20141200,324.1,20140900,323.4,20141200
2014-07-22 23:00:00,326.9,20141200,327.6,20140900,326.9,20141200
2014-07-23 23:00:00,327.3,20141200,328.0,20140900,327.3,20141200
2014-07-24 23:00:00,330.6,20141200,331.3,20140900,330.6,20141200
2014-07-25 23:00:00,328.5,20141200,329.2,20140900,328.5,20141200
2014-07-28 23:00:00,327.5,20141200,328.2,20140900,327.5,20141200
2014-07-29 23:00:00,328.5,20141200,329.2,20140900,328.5,20141200
2014-07-30 23:00:00,326.8,20141200,327.5,20140900,326.8,20141200
2014-07-31 23:00:00,321.9,20141200,322.6,20140900,321.9,20141200
2014-08-01 23:00:00,316.2,20141200,316.9,20140900,316.2,20141200
2014-08-04 23:00:00,315.8,20141200,316.5,20140900,315.8,20141200
2014-08-05 23:00:00,313.9,20141200,314.6,20140900,313.9,20141200
2014-08-06 23:00:00,308.9,20141200,309.6,20140900,308.9,20141200
2014-08-07 23:00:00,306.1,20141200,306.8,20140900,306.1,20141200
2014-08-08 23:00:00,305.0,20141200,305.7,20140900,305.0,20141200
2014-08-11 23:00:00,310.2,20141200,310.9,20140900,310.2,20141200
2014-08-12 23:00:00,309.6,20141200,310.3,20140900,309.6,20141200
2014-08-13 23:00:00,311.3,20141200,312.0,20140900,311.3,20141200
2014-08-14 23:00:00,313.0,20141200,313.7,20140900,313.0,20141200
2014-08-15 23:00:00,312.4,20141200,313.1,20140900,312.4,20141200
2014-08-18 23:00:00,315.7,20141200,316.4,20140900,315.7,20141200
2014-08-19 23:00:00,317.0,20141200,317.7,20140900,317.0,20141200
2014-08-20 23:00:00,316.7,20141200,317.4,20140900,316.7,20141200
2014-08-21 23:00:00,320.4,20141200,321.1,20140900,320.4,20141200
2014-08-22 23:00:00,320.2,20141200,320.9,20140900,320.2,20141200
2014-08-25 23:00:00,323.3,20141200,324.0,20140900,323.3,20141200
2014-08-26 23:00:00,326.2,20141200,326.9,20140900,326.2,20141200
2014-08-27 23:00:00,327.9,20141200,328.6,20140900,327.9,20141200
2014-08-28 23:00:00,324.4,20141200,325.1,20140900,324.4,20141200
2014-08-29 23:00:00,324.0,20141200,324.7,20140900,324.0,20141200
2014-09-01 23:00:00,324.5,20141200,325.2,20140900,324.5,20141200
2014-09-02 23:00:00,324.8,20141200,325.7,20140900,324.8,20141200
2014-09-03 23:00:00,328.0,20141200,328.9,20140900,328.0,20141200
2014-09-04 23:00:00,331.6,20141200,332.3,20140900,331.6,20141200
2014-09-05 23:00:00,332.2,20141200,332.9,20140900,332.2,20141200
2014-09-08 23:00:00,331.3,20141200,332.0,20140900,331.3,20141200
2014-09-09 23:00:00,329.2,20141200,329.9,20140900,329.2,20141200
2014-09-10 23:00:00,328.2,20141200,328.9,20140900,328.2,20141200
2014-09-11 23:00:00,327.7,20141200,328.4,20140900,327.7,20141200
2014-09-12 23:00:00,328.0,20150300,327.5,20141200,328.0,20150300
2014-09-15 23:00:00,326.0,20150300,325.4,20141200,326.0,20150300
2014-09-16 23:00:00,324.1,20150300,323.5,20141200,324.1,20150300
2014-09-17 23:00:00,326.6,20150300,326.1,20141200,326.6,20150300
2014-09-18 23:00:00,327.9,20150300,327.4,20141200,327.9,20150300
2014-09-19 23:00:00,327.9,20150300,327.4,20141200,327.9,20150300
2014-09-22 23:00:00,324.4,20150300,324.7,20141200,324.4,20150300
2014-09-23 23:00:00,319.7,20150300,320.0,20141200,319.7,20150300
2014-09-24 23:00:00,320.0,20150300,320.3,20141200,320.0,20150300
2014-09-25 23:00:00,318.5,20150300,318.1,20141200,318.5,20150300
2014-09-26 23:00:00,320.1,20150300,319.9,20141200,320.1,20150300
2014-09-29 23:00:00,318.7,20150300,318.5,20141200,318.7,20150300
2014-09-30 23:00:00,321.4,20150300,321.2,20141200,321.4,20150300
2014-10-01 23:00:00,317.9,20150300,318.3,20141200,317.9,20150300
2014-10-02 23:00:00,315.3,20150300,311.3,20141200,315.3,20150300
2014-10-03 23:00:00,318.4,20150300,314.4,20141200,318.4,20150300
2014-10-06 23:00:00,314.6,20150300,314.9,20141200,314.6,20150300
2014-10-07 23:00:00,309.6,20150300,309.9,20141200,309.6,20150300
2014-10-08 23:00:00,306.2,20150300,306.5,20141200,306.2,20150300
2014-10-09 23:00:00,303.9,20150300,304.2,20141200,303.9,20150300
2014-10-10 23:00:00,299.6,20150300,299.9,20141200,299.6,20150300
2014-10-13 23:00:00,298.4,20150300,298.7,20141200,298.4,20150300
2014-10-14 23:00:00,299.7,20150300,300.0,20141200,299.7,20150300
2014-10-15 23:00:00,290.2,20150300,290.5,20141200,290.2,20150300
2014-10-16 23:00:00,288.9,20150300,289.2,20141200,288.9,20150300
2014-10-17 23:00:00,297.5,20150300,297.8,20141200,297.5,20150300
2014-10-20 23:00:00,296.0,20150300,296.3,20141200,296.0,20150300
2014-10-21 23:00:00,303.0,20150300,303.3,20141200,303.0,20150300
2014-10-22 23:00:00,306.6,20150300,306.9,20141200,306.6,20150300
2014-10-23 23:00:00,308.5,20150300,308.8,20141200,308.5,20150300
2014-10-24 23:00:00,308.3,20150300,308.6,20141200,308.3,20150300
2014-10-27 23:00:00,304.5,20150300,304.8,20141200,304.5,20150300
2014-10-28 23:00:00,309.6,20150300,309.9,20141200,309.6,20150300
2014-10-29 23:00:00,308.4,20150300,308.7,20141200,308.4,20150300
2014-10-30 23:00:00,309.6,20150300,309.9,20141200,309.6,20150300
2014-10-31 23:00:00,314.3,20150300,314.6,20141200,314.3,20150300
2014-11-03 23:00:00,312.8,20150300,313.2,20141200,312.8,20150300
2014-11-04 23:00:00,309.7,20150300,310.1,20141200,309.7,20150300
2014-11-05 23:00:00,313.9,20150300,314.3,20141200,313.9,20150300
2014-11-06 23:00:00,314.7,20150300,315.1,20141200,314.7,20150300
2014-11-07 23:00:00,312.9,20150300,313.3,20141200,312.9,20150300
2014-11-10 23:00:00,314.9,20150300,315.3,20141200,314.9,20150300
2014-11-11 23:00:00,316.2,20150300,316.6,20141200,316.2,20150300
2014-11-12 23:00:00,311.5,20150300,311.9,20141200,311.5,20150300
2014-11-13 23:00:00,312.7,20150300,313.1,20141200,312.7,20150300
2014-11-14 23:00:00,313.4,20150300,313.8,20141200,313.4,20150300
2014-11-17 23:00:00,315.7,20150300,316.0,20141200,315.7,20150300
2014-11-18 23:00:00,319.0,20150300,319.3,20141200,319.0,20150300
2014-11-19 23:00:00,319.8,20150300,320.1,20141200,319.8,20150300
2014-11-20 23:00:00,318.6,20150300,318.9,20141200,318.6,20150300
2014-11-21 23:00:00,325.6,20150300,325.9,20141200,325.6,20150300
2014-11-24 23:00:00,327.3,20150300,327.6,20141200,327.3,20150300
2014-11-25 23:00:00,328.0,20150300,328.3,20141200,328.0,20150300
2014-11-26 23:00:00,328.3,20150300,328.6,20141200,328.3,20150300
2014-11-27 23:00:00,329.7,20150300,330.0,20141200,329.7,20150300
2014-11-28 23:00:00,329.3,20150300,329.6,20141200,329.3,20150300
2014-12-01 23:00:00,327.5,20150300,327.8,20141200,327.5,20150300
2014-12-02 23:00:00,328.5,20150300,328.8,20141200,328.5,20150300
2014-12-03 23:00:00,331.0,20150300,331.3,20141200,331.0,20150300
2014-12-04 23:00:00,327.1,20150300,327.0,20141200,327.1,20150300
2014-12-05 23:00:00,332.9,20150300,332.8,20141200,332.9,20150300
2014-12-08 23:00:00,330.9,20150300,331.2,20141200,330.9,20150300
2014-12-09 23:00:00,322.9,20150300,323.2,20141200,322.9,20150300
2014-12-10 23:00:00,320.9,20150300,321.2,20141200,320.9,20150300
2014-12-11 23:00:00,320.3,20150300,320.6,20141200,320.3,20150300
2014-12-12 23:00:00,306.7,20150600,313.2,20150300,306.7,20150600
2014-12-15 23:00:00,300.3,20150600,306.8,20150300,300.3,20150600
2014-12-16 23:00:00,307.0,20150600,313.5,20150300,307.0,20150600
2014-12-17 23:00:00,306.6,20150600,312.9,20150300,306.6,20150600
2014-12-18 23:00:00,314.7,20150600,321.0,20150300,314.7,20150600
2014-12-19 23:00:00,314.9,20150600,321.2,20150300,314.9,20150600
2014-12-22 23:00:00,317.0,20150600,324.0,20150300,317.0,20150600
2014-12-23 23:00:00,319.9,20150600,326.9,20150300,319.9,20150600
2014-12-29 23:00:00,320.1,20150600,326.0,20150300,320.1,20150600
2014-12-30 23:00:00,317.7,20150600,323.6,20150300,317.7,20150600
2015-01-02 23:00:00,318.9,20150600,324.9,20150300,318.9,20150600
2015-01-05 23:00:00,311.4,20150600,317.4,20150300,311.4,20150600
2015-01-06 23:00:00,311.7,20150600,315.4,20150300,311.7,20150600
2015-01-07 23:00:00,309.4,20150600,315.3,20150300,309.4,20150600
2015-01-08 23:00:00,317.5,20150600,323.4,20150300,317.5,20150600
2015-01-09 23:00:00,314.4,20150600,320.3,20150300,314.4,20150600
2015-01-12 23:00:00,316.4,20150600,322.3,20150300,316.4,20150600
2015-01-13 23:00:00,321.1,20150600,327.0,20150300,321.1,20150600
2015-01-14 23:00:00,318.3,20150600,324.2,20150300,318.3,20150600
2015-01-15 23:00:00,323.1,20150600,329.0,20150300,323.1,20150600
2015-01-16 23:00:00,326.3,20150600,332.2,20150300,326.3,20150600
2015-01-19 23:00:00,329.2,20150600,335.1,20150300,329.2,20150600
2015-01-20 23:00:00,330.8,20150600,336.7,20150300,330.8,20150600
2015-01-21 23:00:00,333.9,20150600,339.8,20150300,333.9,20150600
2015-01-22 23:00:00,339.7,20150600,345.6,20150300,339.7,20150600
2015-01-23 23:00:00,344.2,20150600,350.1,20150300,344.2,20150600
2015-01-26 23:00:00,348.7,20150600,354.6,20150300,348.7,20150600
2015-01-27 23:00:00,344.5,20150600,350.4,20150300,344.5,20150600
2015-01-28 23:00:00,344.2,20150600,350.1,20150300,344.2,20150600
2015-01-29 23:00:00,344.9,20150600,350.8,20150300,344.9,20150600
2015-01-30 23:00:00,343.6,20150600,349.5,20150300,343.6,20150600
2015-02-02 23:00:00,342.8,20150600,348.7,20150300,342.8,20150600
2015-02-03 23:00:00,348.1,20150600,354.0,20150300,348.1,20150600
2015-02-04 23:00:00,348.8,20150600,354.7,20150300,348.8,20150600
2015-02-05 23:00:00,350.8,20150600,356.7,20150300,350.8,20150600
2015-02-06 23:00:00,350.8,20150600,356.7,20150300,350.8,20150600
2015-02-09 23:00:00,346.5,20150600,352.4,20150300,346.5,20150600
2015-02-10 23:00:00,350.8,20150600,356.7,20150300,350.8,20150600
2015-02-11 23:00:00,349.9,20150600,355.8,20150300,349.9,20150600
2015-02-12 23:00:00,355.4,20150600,361.3,20150300,355.4,20150600
2015-02-13 23:00:00,357.7,20150600,363.6,20150300,357.7,20150600
2015-02-16 23:00:00,357.0,20150600,362.9,20150300,357.0,20150600
2015-02-17 23:00:00,356.5,20150600,362.4,20150300,356.5,20150600
2015-02-18 23:00:00,360.9,20150600,366.8,20150300,360.9,20150600
2015-02-19 23:00:00,363.6,20150600,369.5,20150300,363.6,20150600
2015-02-20 23:00:00,364.0,20150600,369.9,20150300,364.0,20150600
2015-02-23 23:00:00,367.2,20150600,373.1,20150300,367.2,20150600
2015-02-24 23:00:00,369.0,20150600,374.9,20150300,369.0,20150600
2015-02-25 23:00:00,367.2,20150600,373.1,20150300,367.2,20150600
2015-02-26 23:00:00,369.8,20150600,375.7,20150300,369.8,20150600
2015-02-27 23:00:00,370.7,20150600,376.6,20150300,370.7,20150600
2015-03-02 23:00:00,370.8,20150600,376.7,20150300,370.8,20150600
2015-03-03 23:00:00,366.6,20150600,372.5,20150300,366.6,20150600
2015-03-04 23:00:00,367.6,20150600,373.5,20150300,367.6,20150600
2015-03-05 23:00:00,372.8,20150600,378.7,20150300,372.8,20150600
2015-03-06 23:00:00,374.1,20150600,380.0,20150300,374.1,20150600
2015-03-09 23:00:00,373.0,20150600,378.9,20150300,373.0,20150600
2015-03-10 23:00:00,370.4,20150600,376.3,20150300,370.4,20150600
2015-03-11 23:00:00,377.0,20150600,383.1,20150300,377.0,20150600
2015-03-12 23:00:00,377.2,20150900,378.2,20150600,377.2,20150900
2015-03-13 23:00:00,379.1,20150900,380.1,20150600,379.1,20150900
2015-03-16 23:00:00,383.0,20150900,384.0,20150600,383.0,20150900
2015-03-17 23:00:00,378.3,20150900,379.3,20150600,378.3,20150900
2015-03-18 23:00:00,377.7,20150900,378.7,20150600,377.7,20150900
2015-03-19 23:00:00,380.0,20150900,381.0,20150600,380.0,20150900
2015-03-20 23:00:00,384.1,20150900,385.1,20150600,384.1,20150900
2015-03-23 23:00:00,382.1,20150900,383.1,20150600,382.1,20150900
2015-03-24 23:00:00,384.5,20150900,385.5,20150600,384.5,20150900
2015-03-25 23:00:00,380.6,20150900,381.6,20150600,380.6,20150900
2015-03-26 23:00:00,377.0,20150900,378.0,20150600,377.0,20150900
2015-03-27 23:00:00,378.1,20150900,379.1,20150600,378.1,20150900
2015-03-30 23:00:00,382.8,20150900,383.8,20150600,382.8,20150900
2015-03-31 23:00:00,379.8,20150900,380.8,20150600,379.8,20150900
2015-04-01 23:00:00,381.7,20150900,382.7,20150600,381.7,20150900
2015-04-02 23:00:00,382.4,20150900,383.4,20150600,382.4,20150900
2015-04-07 23:00:00,387.7,20150900,388.7,20150600,387.7,20150900
2015-04-08 23:00:00,388.3,20150900,389.3,20150600,388.3,20150900
2015-04-09 23:00:00,393.3,20150900,394.3,20150600,393.3,20150900
2015-04-10 23:00:00,396.3,20150900,397.3,20150600,396.3,20150900
2015-04-13 23:00:00,397.3,20150900,398.3,20150600,397.3,20150900
2015-04-14 23:00:00,395.6,20150900,396.6,20150600,395.6,20150900
2015-04-15 23:00:00,397.1,20150900,398.1,20150600,397.1,20150900
2015-04-16 23:00:00,393.3,20150900,394.3,20150600,393.3,20150900
2015-04-17 23:00:00,386.7,20150900,387.7,20150600,386.7,20150900
2015-04-20 23:00:00,389.3,20150900,390.3,20150600,389.3,20150900
2015-04-21 23:00:00,393.4,20150900,394.4,20150600,393.4,20150900
2015-04-22 23:00:00,391.2,20150900,392.2,20150600,391.2,20150900
2015-04-23 23:00:00,389.5,20150900,390.5,20150600,389.5,20150900
2015-04-24 23:00:00,391.7,20150900,392.7,20150600,391.7,20150900
2015-04-27 23:00:00,396.6,20150900,397.6,20150600,396.6,20150900
2015-04-28 23:00:00,390.0,20150900,391.0,20150600,390.0,20150900
2015-04-29 23:00:00,380.5,20150900,381.5,20150600,380.5,20150900
2015-04-30 23:00:00,381.0,20150900,382.0,20150600,381.0,20150900
2015-05-04 23:00:00,384.8,20150900,385.8,20150600,384.8,20150900
2015-05-05 23:00:00,376.5,20150900,377.5,20150600,376.5,20150900
2015-05-06 23:00:00,374.1,20150900,375.1,20150600,374.1,20150900
2015-05-07 23:00:00,375.1,20150900,376.1,20150600,375.1,20150900
2015-05-08 23:00:00,381.9,20150900,382.9,20150600,381.9,20150900
2015-05-11 23:00:00,383.7,20150900,384.7,20150600,383.7,20150900
2015-05-12 23:00:00,380.7,20150900,381.7,20150600,380.7,20150900
2015-05-13 23:00:00,382.5,20150900,383.5,20150600,382.5,20150900
2015-05-14 23:00:00,386.9,20150900,387.9,20150600,386.9,20150900
2015-05-15 23:00:00,386.5,20150900,387.5,20150600,386.5,20150900
2015-05-18 23:00:00,386.7,20150900,387.7,20150600,386.7,20150900
2015-05-19 23:00:00,393.2,20150900,394.2,20150600,393.2,20150900
2015-05-20 23:00:00,393.5,20150900,394.5,20150600,393.5,20150900
2015-05-21 23:00:00,393.7,20150900,394.7,20150600,393.7,20150900
2015-05-22 23:00:00,393.3,20150900,394.3,20150600,393.3,20150900
2015-05-26 23:00:00,387.2,20150900,388.2,20150600,387.2,20150900
2015-05-27 23:00:00,392.5,20150900,393.5,20150600,392.5,20150900
2015-05-28 23:00:00,390.8,20150900,391.8,20150600,390.8,20150900
2015-05-29 23:00:00,384.9,20150900,385.9,20150600,384.9,20150900
2015-06-01 23:00:00,385.9,20150900,386.9,20150600,385.9,20150900
2015-06-02 23:00:00,384.7,20150900,385.7,20150600,384.7,20150900
2015-06-03 23:00:00,385.2,20150900,386.2,20150600,385.2,20150900
2015-06-04 23:00:00,382.2,20150900,383.2,20150600,382.2,20150900
2015-06-05 23:00:00,377.0,20150900,378.0,20150600,377.0,20150900
2015-06-08 23:00:00,372.8,20150900,373.8,20150600,372.8,20150900
2015-06-09 23:00:00,372.6,20150900,373.6,20150600,372.6,20150900
2015-06-10 23:00:00,378.8,20150900,379.8,20150600,378.8,20150900
2015-06-11 23:00:00,380.6,20150900,381.6,20150600,380.6,20150900
2015-06-12 23:00:00,375.6,20151200,376.8,20150900,375.6,20151200
2015-06-15 23:00:00,368.8,20151200,370.0,20150900,368.8,20151200
2015-06-16 23:00:00,370.8,20151200,372.0,20150900,370.8,20151200
2015-06-17 23:00:00,367.3,20151200,368.5,20150900,367.3,20151200
2015-06-18 23:00:00,369.1,20151200,370.3,20150900,369.1,20151200
2015-06-19 23:00:00,370.5,20151200,371.7,20150900,370.5,20151200
2015-06-22 23:00:00,381.5,20151200,382.7,20150900,381.5,20151200
2015-06-23 23:00:00,385.4,20151200,386.6,20150900,385.4,20151200
2015-06-24 23:00:00,383.7,20151200,384.4,20150900,383.7,20151200
2015-06-25 23:00:00,385.0,20151200,385.7,20150900,385.0,20151200
2015-06-26 23:00:00,387.5,20151200,388.2,20150900,387.5,20151200
2015-06-29 23:00:00,375.1,20151200,375.8,20150900,375.1,20151200
2015-06-30 23:00:00,370.8,20151200,371.5,20150900,370.8,20151200
2015-07-01 23:00:00,376.4,20151200,377.1,20150900,376.4,20151200
2015-07-02 23:00:00,373.6,20151200,374.3,20150900,373.6,20151200
2015-07-03 23:00:00,372.5,20151200,373.2,20150900,372.5,20151200
2015-07-06 23:00:00,366.3,20151200,367.0,20150900,366.3,20151200
2015-07-07 23:00:00,359.5,20151200,360.2,20150900,359.5,20151200
2015-07-08 23:00:00,361.2,20151200,361.9,20150900,361.2,20151200
2015-07-09 23:00:00,369.2,20151200,369.9,20150900,369.2,20151200
2015-07-10 23:00:00,378.8,20151200,379.5,20150900,378.8,20151200
2015-07-13 23:00:00,384.2,20151200,384.9,20150900,384.2,20151200
2015-07-14 23:00:00,384.5,20151200,385.2,20150900,384.5,20151200
2015-07-15 23:00:00,387.5,20151200,388.2,20150900,387.5,20151200
2015-07-16 23:00:00,392.5,20151200,393.2,20150900,392.5,20151200
2015-07-17 23:00:00,393.3,20151200,394.0,20150900,393.3,20151200
2015-07-20 23:00:00,395.7,20151200,396.4,20150900,395.7,20151200
2015-07-21 23:00:00,392.0,20151200,392.7,20150900,392.0,20151200
2015-07-22 23:00:00,391.3,20151200,392.0,20150900,391.3,20151200
2015-07-23 23:00:00,390.1,20151200,390.8,20150900,390.1,20151200
2015-07-24 23:00:00,388.1,20151200,388.8,20150900,388.1,20151200
2015-07-27 23:00:00,380.6,20151200,381.3,20150900,380.6,20151200
2015-07-28 23:00:00,383.3,20151200,384.0,20150900,383.3,20151200
2015-07-29 23:00:00,385.4,20151200,386.1,20150900,385.4,20151200
2015-07-30 23:00:00,385.6,20151200,386.3,20150900,385.6,20151200
2015-07-31 23:00:00,388.6,20151200,389.3,20150900,388.6,20151200
2015-08-03 23:00:00,392.2,20151200,392.9,20150900,392.2,20151200
2015-08-04 23:00:00,392.7,20151200,393.5,20150900,392.7,20151200
2015-08-05 23:00:00,395.6,20151200,396.4,20150900,395.6,20151200
2015-08-06 23:00:00,394.2,20151200,395.0,20150900,394.2,20151200
2015-08-07 23:00:00,390.8,20151200,391.6,20150900,390.8,20151200
2015-08-10 23:00:00,393.5,20151200,394.3,20150900,393.5,20151200
2015-08-11 23:00:00,388.1,20151200,388.9,20150900,388.1,20151200
2015-08-12 23:00:00,378.7,20151200,379.5,20150900,378.7,20151200
2015-08-13 23:00:00,384.3,20151200,385.1,20150900,384.3,20151200
2015-08-14 23:00:00,385.5,20151200,386.3,20150900,385.5,20151200
2015-08-17 23:00:00,386.1,20151200,386.9,20150900,386.1,20151200
2015-08-18 23:00:00,387.1,20151200,387.9,20150900,387.1,20151200
2015-08-19 23:00:00,381.8,20151200,382.6,20150900,381.8,20151200
2015-08-20 23:00:00,374.1,20151200,374.9,20150900,374.1,20151200
2015-08-21 23:00:00,363.4,20151200,364.2,20150900,363.4,20151200
2015-08-24 23:00:00,345.8,20151200,346.6,20150900,345.8,20151200
2015-08-25 23:00:00,360.2,20151200,361.0,20150900,360.2,20151200
2015-08-26 23:00:00,356.6,20151200,357.4,20150900,356.6,20151200
2015-08-27 23:00:00,365.9,20151200,366.7,20150900,365.9,20151200
2015-08-28 23:00:00,365.2,20151200,366.0,20150900,365.2,20151200
2015-08-31 23:00:00,364.2,20151200,365.0,20150900,364.2,20151200
2015-09-01 23:00:00,356.8,20151200,357.6,20150900,356.8,20151200
2015-09-02 23:00:00,358.6,20151200,359.4,20150900,358.6,20151200
2015-09-03 23:00:00,365.5,20151200,366.3,20150900,365.5,20151200
2015-09-04 23:00:00,357.8,20151200,358.6,20150900,357.8,20151200
2015-09-07 23:00:00,358.2,20151200,359.1,20150900,358.2,20151200
2015-09-08 23:00:00,362.9,20151200,363.8,20150900,362.9,20151200
2015-09-09 23:00:00,366.3,20151200,367.2,20150900,366.3,20151200
2015-09-10 23:00:00,364.3,20151200,365.2,20150900,364.3,20151200
2015-09-11 23:00:00,361.1,20151200,362.0,20150900,361.1,20151200
2015-09-14 23:00:00,359.1,20160300,359.6,20151200,359.1,20160300
2015-09-15 23:00:00,360.5,20160300,361.1,20151200,360.5,20160300
2015-09-16 23:00:00,362.9,20160300,363.4,20151200,362.9,20160300
2015-09-17 23:00:00,364.9,20160300,365.3,20151200,364.9,20160300
2015-09-18 23:00:00,359.3,20160300,359.7,20151200,359.3,20160300
2015-09-21 23:00:00,362.4,20160300,363.0,20151200,362.4,20160300
2015-09-22 23:00:00,352.0,20160300,352.6,20151200,352.0,20160300
2015-09-23 23:00:00,352.4,20160300,353.0,20151200,352.4,20160300
2015-09-24 23:00:00,345.4,20160300,346.0,20151200,345.4,20160300
2015-09-25 23:00:00,354.9,20160300,355.5,20151200,354.9,20160300
2015-09-28 23:00:00,348.0,20160300,348.6,20151200,348.0,20160300
2015-09-29 23:00:00,346.4,20160300,347.0,20151200,346.4,20160300
2015-09-30 23:00:00,352.5,20160300,353.1,20151200,352.5,20160300
2015-10-01 23:00:00,352.0,20160300,352.6,20151200,352.0,20160300
2015-10-02 23:00:00,353.8,20160300,354.4,20151200,353.8,20160300
2015-10-05 23:00:00,363.0,20160300,363.6,20151200,363.0,20160300
2015-10-06 23:00:00,367.3,20160300,367.9,20151200,367.3,20160300
2015-10-07 23:00:00,365.9,20160300,366.5,20151200,365.9,20160300
2015-10-08 23:00:00,367.4,20160300,368.0,20151200,367.4,20160300
2015-10-09 23:00:00,368.6,20160300,369.2,20151200,368.6,20160300
2015-10-12 23:00:00,366.8,20160300,367.4,20151200,366.8,20160300
2015-10-13 23:00:00,363.8,20160300,364.4,20151200,363.8,20160300
2015-10-14 23:00:00,362.7,20160300,363.3,20151200,362.7,20160300
2015-10-15 23:00:00,366.7,20160300,367.3,20151200,366.7,20160300
2015-10-16 23:00:00,367.6,20160300,368.2,20151200,367.6,20160300
2015-10-19 23:00:00,368.5,20160300,369.1,20151200,368.5,20160300
2015-10-20 23:00:00,367.9,20160300,368.5,20151200,367.9,20160300
2015-10-21 23:00:00,369.6,20160300,370.2,20151200,369.6,20160300
2015-10-22 23:00:00,375.5,20160300,376.1,20151200,375.5,20160300
2015-10-23 23:00:00,380.5,20160300,381.1,20151200,380.5,20160300
2015-10-26 23:00:00,379.8,20160300,380.4,20151200,379.8,20160300
2015-10-27 23:00:00,376.2,20160300,376.8,20151200,376.2,20160300
2015-10-28 23:00:00,379.6,20160300,380.2,20151200,379.6,20160300
2015-10-29 23:00:00,378.9,20160300,379.5,20151200,378.9,20160300
2015-10-30 23:00:00,378.9,20160300,379.5,20151200,378.9,20160300
2015-11-02 23:00:00,381.8,20160300,382.4,20151200,381.8,20160300
2015-11-03 23:00:00,381.1,20160300,381.7,20151200,381.1,20160300
2015-11-04 23:00:00,382.2,20160300,382.8,20151200,382.2,20160300
2015-11-05 23:00:00,382.1,20160300,382.7,20151200,382.1,20160300
2015-11-06 23:00:00,384.1,20160300,384.7,20151200,384.1,20160300
2015-11-09 23:00:00,379.5,20160300,380.1,20151200,379.5,20160300
2015-11-10 23:00:00,379.9,20160300,380.5,20151200,379.9,20160300
2015-11-11 23:00:00,382.3,20160300,382.9,20151200,382.3,20160300
2015-11-12 23:00:00,376.8,20160300,377.4,20151200,376.8,20160300
2015-11-13 23:00:00,374.3,20160300,374.9,20151200,374.3,20160300
2015-11-16 23:00:00,375.1,20160300,375.7,20151200,375.1,20160300
2015-11-17 23:00:00,383.6,20160300,384.2,20151200,383.6,20160300
2015-11-18 23:00:00,383.7,20160300,384.3,20151200,383.7,20160300
2015-11-19 23:00:00,385.8,20160300,386.4,20151200,385.8,20160300
2015-11-20 23:00:00,385.8,20160300,386.4,20151200,385.8,20160300
2015-11-23 23:00:00,388.6,20160300,389.2,20151200,388.6,20160300
2015-11-24 23:00:00,380.5,20160300,381.1,20151200,380.5,20160300
2015-11-25 23:00:00,385.4,20160300,386.0,20151200,385.4,20160300
2015-11-26 23:00:00,389.6,20160300,390.2,20151200,389.6,20160300
2015-11-27 23:00:00,389.8,20160300,390.4,20151200,389.8,20160300
2015-11-30 23:00:00,391.9,20160300,392.5,20151200,391.9,20160300
2015-12-01 23:00:00,391.2,20160300,391.8,20151200,391.2,20160300
2015-12-02 23:00:00,390.4,20160300,391.0,20151200,390.4,20160300
2015-12-03 23:00:00,382.3,20160300,382.9,20151200,382.3,20160300
2015-12-04 23:00:00,380.6,20160300,381.2,20151200,380.6,20160300
2015-12-07 23:00:00,382.6,20160300,383.2,20151200,382.6,20160300
2015-12-08 23:00:00,376.8,20160300,377.4,20151200,376.8,20160300
2015-12-09 23:00:00,374.5,20160300,375.1,20151200,374.5,20160300
2015-12-10 23:00:00,374.1,20160300,374.7,20151200,374.1,20160300
2015-12-11 23:00:00,367.4,20160300,368.0,20151200,367.4,20160300
2015-12-14 23:00:00,355.1,20160600,362.5,20160300,355.1,20160600
2015-12-15 23:00:00,363.9,20160600,371.6,20160300,363.9,20160600
2015-12-16 23:00:00,365.1,20160600,372.4,20160300,365.1,20160600
2015-12-17 23:00:00,369.2,20160600,376.5,20160300,369.2,20160600
2015-12-18 23:00:00,364.8,20160600,372.1,20160300,364.8,20160600
2015-12-21 23:00:00,362.1,20160600,368.4,20160300,362.1,20160600
2015-12-22 23:00:00,360.5,20160600,367.7,20160300,360.5,20160600
2015-12-23 23:00:00,369.0,20160600,376.2,20160300,369.0,20160600
2015-12-28 23:00:00,366.3,20160600,373.5,20160300,366.3,20160600
2015-12-29 23:00:00,370.8,20160600,378.0,20160300,370.8,20160600
2015-12-30 23:00:00,371.0,20160600,377.3,20160300,371.0,20160600
2016-01-04 23:00:00,359.4,20160600,365.7,20160300,359.4,20160600
2016-01-05 23:00:00,360.1,20160600,366.4,20160300,360.1,20160600
2016-01-06 23:00:00,355.2,20160600,361.5,20160300,355.2,20160600
2016-01-07 23:00:00,349.3,20160600,355.6,20160300,349.3,20160600
2016-01-08 23:00:00,345.9,20160600,352.2,20160300,345.9,20160600
2016-01-11 23:00:00,344.9,20160600,351.2,20160300,344.9,20160600
2016-01-12 23:00:00,348.3,20160600,354.6,20160300,348.3,20160600
2016-01-13 23:00:00,348.7,20160600,355.0,20160300,348.7,20160600
2016-01-14 23:00:00,342.2,20160600,348.5,20160300,342.2,20160600
2016-01-15 23:00:00,331.9,20160600,338.2,20160300,331.9,20160600
2016-01-18 23:00:00,328.1,20160600,334.4,20160300,328.1,20160600
2016-01-19 23:00:00,334.1,20160600,340.4,20160300,334.1,20160600
2016-01-20 23:00:00,321.8,20160600,328.1,20160300,321.8,20160600
2016-01-21 23:00:00,329.7,20160600,336.0,20160300,329.7,20160600
2016-01-22 23:00:00,340.0,20160600,346.3,20160300,340.0,20160600
2016-01-25 23:00:00,338.0,20160600,344.3,20160300,338.0,20160600
2016-01-26 23:00:00,341.5,20160600,347.8,20160300,341.5,20160600
2016-01-27 23:00:00,341.7,20160600,348.0,20160300,341.7,20160600
2016-01-28 23:00:00,337.8,20160600,344.1,20160300,337.8,20160600
2016-01-29 23:00:00,343.7,20160600,350.0,20160300,343.7,20160600
2016-02-01 23:00:00,344.3,20160600,350.6,20160300,344.3,20160600
2016-02-02 23:00:00,337.5,20160600,343.8,20160300,337.5,20160600
2016-02-03 23:00:00,331.8,20160600,338.1,20160300,331.8,20160600
2016-02-04 23:00:00,332.3,20160600,338.6,20160300,332.3,20160600
2016-02-05 23:00:00,330.1,20160600,336.4,20160300,330.1,20160600
2016-02-08 23:00:00,315.7,20160600,322.0,20160300,315.7,20160600
2016-02-09 23:00:00,310.6,20160600,316.9,20160300,310.6,20160600
2016-02-10 23:00:00,315.0,20160600,321.3,20160300,315.0,20160600
2016-02-11 23:00:00,304.5,20160600,310.8,20160300,304.5,20160600
2016-02-12 23:00:00,309.9,20160600,316.2,20160300,309.9,20160600
2016-02-15 23:00:00,320.9,20160600,327.2,20160300,320.9,20160600
2016-02-16 23:00:00,319.8,20160600,326.1,20160300,319.8,20160600
2016-02-17 23:00:00,328.8,20160600,335.1,20160300,328.8,20160600
2016-02-18 23:00:00,329.0,20160600,335.3,20160300,329.0,20160600
2016-02-19 23:00:00,326.0,20160600,332.3,20160300,326.0,20160600
2016-02-22 23:00:00,333.6,20160600,339.9,20160300,333.6,20160600
2016-02-23 23:00:00,329.0,20160600,335.3,20160300,329.0,20160600
2016-02-24 23:00:00,320.7,20160600,327.0,20160300,320.7,20160600
2016-02-25 23:00:00,325.6,20160600,332.2,20160300,325.6,20160600
2016-02-26 23:00:00,330.5,20160600,337.1,20160300,330.5,20160600
2016-02-29 23:00:00,332.8,20160600,339.4,20160300,332.8,20160600
2016-03-01 23:00:00,339.6,20160600,346.2,20160300,339.6,20160600
2016-03-02 23:00:00,339.8,20160600,346.4,20160300,339.8,20160600
2016-03-03 23:00:00,339.9,20160600,346.5,20160300,339.9,20160600
2016-03-04 23:00:00,342.7,20160600,349.3,20160300,342.7,20160600
2016-03-07 23:00:00,340.7,20160600,346.8,20160300,340.7,20160600
2016-03-08 23:00:00,337.4,20160600,343.5,20160300,337.4,20160600
2016-03-09 23:00:00,338.7,20160600,345.0,20160300,338.7,20160600
2016-03-10 23:00:00,335.0,20160600,341.3,20160300,335.0,20160600
2016-03-11 23:00:00,345.6,20160600,351.9,20160300,345.6,20160600
2016-03-14 23:00:00,346.5,20160900,349.0,20160600,346.5,20160900
2016-03-15 23:00:00,343.3,20160900,345.8,20160600,343.3,20160900
2016-03-16 23:00:00,344.2,20160900,346.7,20160600,344.2,20160900
2016-03-17 23:00:00,344.2,20160900,346.7,20160600,344.2,20160900
2016-03-18 23:00:00,352.1,20160900,349.6,20160600,352.1,20160900
2016-03-21 23:00:00,351.1,20160900,348.6,20160600,351.1,20160900
2016-03-22 23:00:00,351.1,20160900,348.6,20160600,351.1,20160900
2016-03-23 23:00:00,351.5,20160900,349.0,20160600,351.5,20160900
2016-03-24 23:00:00,346.6,20160900,344.1,20160600,346.6,20160900
2016-03-29 23:00:00,347.7,20160900,345.2,20160600,347.7,20160900
2016-03-30 23:00:00,354.0,20160900,351.5,20160600,354.0,20160900
2016-03-31 23:00:00,350.6,20160900,348.1,20160600,350.6,20160900
2016-04-01 23:00:00,346.9,20160900,344.4,20160600,346.9,20160900
2016-04-04 23:00:00,346.3,20160900,343.8,20160600,346.3,20160900
2016-04-05 23:00:00,340.3,20160900,337.8,20160600,340.3,20160900
2016-04-06 23:00:00,341.2,20160900,338.7,20160600,341.2,20160900
2016-04-07 23:00:00,337.0,20160900,334.5,20160600,337.0,20160900
2016-04-08 23:00:00,343.6,20160900,341.1,20160600,343.6,20160900
2016-04-11 23:00:00,347.0,20160900,344.5,20160600,347.0,20160900
2016-04-12 23:00:00,347.3,20160900,344.8,20160600,347.3,20160900
2016-04-13 23:00:00,355.5,20160900,353.0,20160600,355.5,20160900
2016-04-14 23:00:00,356.8,20160900,354.3,20160600,356.8,20160900
2016-04-15 23:00:00,356.0,20160900,353.5,20160600,356.0,20160900
2016-04-18 23:00:00,358.0,20160900,355.5,20160600,358.0,20160900
2016-04-19 23:00:00,361.8,20160900,359.3,20160600,361.8,20160900
2016-04-20 23:00:00,364.1,20160900,361.6,20160600,364.1,20160900
2016-04-21 23:00:00,362.8,20160900,360.3,20160600,362.8,20160900
2016-04-22 23:00:00,361.7,20160900,359.2,20160600,361.7,20160900
2016-04-25 23:00:00,359.1,20160900,356.6,20160600,359.1,20160900
2016-04-26 23:00:00,361.6,20160900,359.1,20160600,361.6,20160900
2016-04-27 23:00:00,363.6,20160900,361.1,20160600,363.6,20160900
2016-04-28 23:00:00,365.1,20160900,362.6,20160600,365.1,20160900
2016-04-29 23:00:00,360.6,20160900,358.1,20160600,360.6,20160900
2016-05-02 23:00:00,360.1,20160900,357.6,20160600,360.1,20160900
2016-05-03 23:00:00,354.6,20160900,352.1,20160600,354.6,20160900
2016-05-04 23:00:00,351.5,20160900,349.0,20160600,351.5,20160900
2016-05-05 23:00:00,351.1,20160900,348.6,20160600,351.1,20160900
2016-05-06 23:00:00,351.5,20160900,349.0,20160600,351.5,20160900
2016-05-09 23:00:00,350.6,20160900,348.1,20160600,350.6,20160900
2016-05-10 23:00:00,352.7,20160900,350.2,20160600,352.7,20160900
2016-05-11 23:00:00,352.5,20160900,350.0,20160600,352.5,20160900
2016-05-12 23:00:00,351.2,20160900,348.7,20160600,351.2,20160900
2016-05-13 23:00:00,351.8,20160900,349.3,20160600,351.8,20160900
2016-05-16 23:00:00,351.7,20160900,349.2,20160600,351.7,20160900
2016-05-17 23:00:00,350.8,20160900,348.3,20160600,350.8,20160900
2016-05-18 23:00:00,352.4,20160900,349.9,20160600,352.4,20160900
2016-05-19 23:00:00,349.4,20160900,346.9,20160600,349.4,20160900
2016-05-20 23:00:00,352.4,20160900,349.9,20160600,352.4,20160900
2016-05-23 23:00:00,352.1,20160900,349.6,20160600,352.1,20160900
2016-05-24 23:00:00,357.7,20160900,355.2,20160600,357.7,20160900
2016-05-25 23:00:00,360.6,20160900,358.1,20160600,360.6,20160900
2016-05-26 23:00:00,362.0,20160900,359.5,20160600,362.0,20160900
2016-05-27 23:00:00,361.2,20160900,358.7,20160600,361.2,20160900
2016-05-30 23:00:00,362.2,20160900,359.7,20160600,362.2,20160900
2016-05-31 23:00:00,361.7,20160900,359.2,20160600,361.7,20160900
2016-06-01 23:00:00,359.0,20160900,356.5,20160600,359.0,20160900
2016-06-02 23:00:00,360.9,20160900,358.4,20160600,360.9,20160900
2016-06-03 23:00:00,358.3,20160900,355.8,20160600,358.3,20160900
2016-06-06 23:00:00,355.5,20160900,358.0,20160600,355.5,20160900
2016-06-07 23:00:00,359.4,20160900,361.9,20160600,359.4,20160900
2016-06-08 23:00:00,357.6,20160900,359.9,20160600,357.6,20160900
2016-06-09 23:00:00,355.0,20160900,357.2,20160600,355.0,20160900
2016-06-10 23:00:00,346.2,20160900,348.4,20160600,346.2,20160900
2016-06-13 23:00:00,339.9,20161200,339.9,20160900,339.9,20161200
2016-06-14 23:00:00,332.2,20161200,332.2,20160900,332.2,20161200
2016-06-15 23:00:00,335.7,20161200,335.7,20160900,335.7,20161200
2016-06-16 23:00:00,332.2,20161200,332.2,20160900,332.2,20161200
2016-06-17 23:00:00,336.6,20161200,336.6,20160900,336.6,20161200
2016-06-20 23:00:00,347.6,20161200,348.4,20160900,347.6,20161200
2016-06-21 23:00:00,348.4,20161200,349.2,20160900,348.4,20161200
2016-06-22 23:00:00,350.2,20161200,351.0,20160900,350.2,20161200
2016-06-23 23:00:00,354.8,20161200,355.6,20160900,354.8,20161200
2016-06-24 23:00:00,329.6,20161200,330.4,20160900,329.6,20161200
2016-06-27 23:00:00,315.4,20161200,316.2,20160900,315.4,20161200
2016-06-28 23:00:00,323.6,20161200,324.4,20160900,323.6,20161200
2016-06-29 23:00:00,330.3,20161200,331.6,20160900,330.3,20161200
2016-06-30 23:00:00,334.7,20161200,336.0,20160900,334.7,20161200
2016-07-01 23:00:00,340.0,20161200,341.4,20160900,340.0,20161200
2016-07-04 23:00:00,337.7,20161200,339.1,20160900,337.7,20161200
2016-07-05 23:00:00,329.3,20161200,330.7,20160900,329.3,20161200
2016-07-06 23:00:00,323.6,20161200,325.0,20160900,323.6,20161200
2016-07-07 23:00:00,327.1,20161200,328.5,20160900,327.1,20161200
2016-07-08 23:00:00,334.5,20161200,335.9,20160900,334.5,20161200
2016-07-11 23:00:00,340.7,20161200,342.1,20160900,340.7,20161200
2016-07-12 23:00:00,345.0,20161200,346.4,20160900,345.0,20161200
2016-07-13 23:00:00,345.4,20161200,346.8,20160900,345.4,20161200
2016-07-14 23:00:00,348.5,20161200,349.9,20160900,348.5,20161200
2016-07-15 23:00:00,346.7,20161200,348.1,20160900,346.7,20161200
2016-07-18 23:00:00,348.5,20161200,349.9,20160900,348.5,20161200
2016-07-19 23:00:00,347.4,20161200,348.8,20160900,347.4,20161200
2016-07-20 23:00:00,350.0,20161200,351.4,20160900,350.0,20161200
2016-07-21 23:00:00,350.4,20161200,351.8,20160900,350.4,20161200
2016-07-22 23:00:00,351.0,20161200,352.4,20160900,351.0,20161200
2016-07-25 23:00:00,351.6,20161200,353.0,20160900,351.6,20161200
2016-07-26 23:00:00,353.5,20161200,354.9,20160900,353.5,20161200
2016-07-27 23:00:00,355.6,20161200,357.0,20160900,355.6,20161200
2016-07-28 23:00:00,353.5,20161200,355.0,20160900,353.5,20161200
2016-07-29 23:00:00,355.6,20161200,357.1,20160900,355.6,20161200
2016-08-01 23:00:00,354.1,20161200,355.6,20160900,354.1,20161200
2016-08-02 23:00:00,347.2,20161200,348.7,20160900,347.2,20161200
2016-08-03 23:00:00,346.9,20161200,348.3,20160900,346.9,20161200
2016-08-04 23:00:00,349.5,20161200,350.9,20160900,349.5,20161200
2016-08-05 23:00:00,354.5,20161200,355.9,20160900,354.5,20161200
2016-08-08 23:00:00,356.6,20161200,358.0,20160900,356.6,20161200
2016-08-09 23:00:00,361.0,20161200,362.4,20160900,361.0,20161200
2016-08-10 23:00:00,360.9,20161200,362.3,20160900,360.9,20161200
2016-08-11 23:00:00,363.1,20161200,364.5,20160900,363.1,20161200
2016-08-12 23:00:00,363.3,20161200,364.7,20160900,363.3,20161200
2016-08-15 23:00:00,363.7,20161200,365.1,20160900,363.7,20161200
2016-08-16 23:00:00,360.5,20161200,361.9,20160900,360.5,20161200
2016-08-17 23:00:00,355.8,20161200,357.2,20160900,355.8,20161200
2016-08-18 23:00:00,359.2,20161200,360.6,20160900,359.2,20161200
2016-08-19 23:00:00,356.5,20161200,357.9,20160900,356.5,20161200
2016-08-22 23:00:00,356.1,20161200,357.5,20160900,356.1,20161200
2016-08-23 23:00:00,360.5,20161200,361.9,20160900,360.5,20161200
2016-08-24 23:00:00,361.2,20161200,362.6,20160900,361.2,20161200
2016-08-25 23:00:00,358.8,20161200,360.2,20160900,358.8,20161200
2016-08-26 23:00:00,361.1,20161200,362.5,20160900,361.1,20161200
2016-08-29 23:00:00,359.5,20161200,360.9,20160900,359.5,20161200
2016-08-30 23:00:00,361.4,20161200,362.8,20160900,361.4,20161200
2016-08-31 23:00:00,360.5,20161200,361.9,20160900,360.5,20161200
2016-09-01 23:00:00,361.0,20161200,362.4,20160900,361.0,20161200
2016-09-02 23:00:00,367.2,20161200,368.6,20160900,367.2,20161200
2016-09-05 23:00:00,367.9,20161200,369.3,20160900,367.9,20161200
2016-09-06 23:00:00,366.1,20161200,367.5,20160900,366.1,20161200
2016-09-07 23:00:00,368.3,20161200,369.7,20160900,368.3,20161200
2016-09-08 23:00:00,368.0,20161200,369.4,20160900,368.0,20161200
2016-09-09 23:00:00,363.7,20161200,365.1,20160900,363.7,20161200
2016-09-12 23:00:00,359.6,20161200,361.0,20160900,359.6,20161200
2016-09-13 23:00:00,356.8,20170300,356.9,20161200,356.8,20170300
2016-09-14 23:00:00,356.5,20170300,356.6,20161200,356.5,20170300
2016-09-15 23:00:00,357.7,20170300,357.8,20161200,357.7,20170300
2016-09-16 23:00:00,354.2,20170300,354.3,20161200,354.2,20170300
2016-09-19 23:00:00,357.5,20170300,358.3,20161200,357.5,20170300
2016-09-20 23:00:00,357.8,20170300,358.6,20161200,357.8,20170300
2016-09-21 23:00:00,360.1,20170300,360.9,20161200,360.1,20170300
2016-09-22 23:00:00,365.2,20170300,366.0,20161200,365.2,20170300
2016-09-23 23:00:00,363.5,20170300,364.3,20161200,363.5,20170300
2016-09-26 23:00:00,358.8,20170300,359.6,20161200,358.8,20170300
2016-09-27 23:00:00,356.7,20170300,357.5,20161200,356.7,20170300
2016-09-28 23:00:00,359.9,20170300,360.7,20161200,359.9,20170300
2016-09-29 23:00:00,360.6,20170300,361.4,20161200,360.6,20170300
2016-09-30 23:00:00,362.4,20170300,363.2,20161200,362.4,20170300
2016-10-03 23:00:00,361.7,20170300,362.5,20161200,361.7,20170300
2016-10-04 23:00:00,364.3,20170300,365.1,20161200,364.3,20170300
2016-10-05 23:00:00,363.4,20170300,364.2,20161200,363.4,20170300
2016-10-06 23:00:00,363.6,20170300,364.4,20161200,363.6,20170300
2016-10-07 23:00:00,359.4,20170300,360.2,20161200,359.4,20170300
2016-10-10 23:00:00,362.6,20170300,363.4,20161200,362.6,20170300
2016-10-11 23:00:00,361.0,20170300,361.8,20161200,361.0,20170300
2016-10-12 23:00:00,360.5,20170300,361.3,20161200,360.5,20170300
2016-10-13 23:00:00,356.9,20170300,357.7,20161200,356.9,20170300
2016-10-14 23:00:00,362.1,20170300,362.9,20161200,362.1,20170300
2016-10-17 23:00:00,360.5,20170300,361.3,20161200,360.5,20170300
2016-10-18 23:00:00,365.1,20170300,365.9,20161200,365.1,20170300
2016-10-19 23:00:00,367.0,20170300,367.8,20161200,367.0,20170300
2016-10-20 23:00:00,367.1,20170300,367.9,20161200,367.1,20170300
2016-10-21 23:00:00,367.6,20170300,368.4,20161200,367.6,20170300
2016-10-24 23:00:00,369.7,20170300,370.5,20161200,369.7,20170300
2016-10-25 23:00:00,368.2,20170300,369.0,20161200,368.2,20170300
2016-10-26 23:00:00,367.7,20170300,368.5,20161200,367.7,20170300
2016-10-27 23:00:00,368.7,20170300,369.5,20161200,368.7,20170300
2016-10-28 23:00:00,368.7,20170300,369.5,20161200,368.7,20170300
2016-10-31 23:00:00,367.3,20170300,368.1,20161200,367.3,20170300
2016-11-01 23:00:00,362.6,20170300,363.4,20161200,362.6,20170300
2016-11-02 23:00:00,357.4,20170300,358.2,20161200,357.4,20170300
2016-11-03 23:00:00,357.5,20170300,358.3,20161200,357.5,20170300
2016-11-04 23:00:00,354.2,20170300,355.0,20161200,354.2,20170300
2016-11-07 23:00:00,358.9,20170300,359.7,20161200,358.9,20170300
2016-11-08 23:00:00,359.6,20170300,360.4,20161200,359.6,20170300
2016-11-09 23:00:00,362.9,20170300,363.7,20161200,362.9,20170300
2016-11-10 23:00:00,363.2,20170300,364.0,20161200,363.2,20170300
2016-11-11 23:00:00,361.7,20170300,362.5,20161200,361.7,20170300
2016-11-14 23:00:00,361.9,20170300,362.7,20161200,361.9,20170300
2016-11-15 23:00:00,364.1,20170300,364.9,20161200,364.1,20170300
2016-11-16 23:00:00,363.2,20170300,364.0,20161200,363.2,20170300
2016-11-17 23:00:00,363.8,20170300,364.6,20161200,363.8,20170300
2016-11-18 23:00:00,362.8,20170300,363.6,20161200,362.8,20170300
2016-11-21 23:00:00,363.6,20170300,364.4,20161200,363.6,20170300
2016-11-22 23:00:00,365.5,20170300,366.3,20161200,365.5,20170300
2016-11-23 23:00:00,365.6,20170300,366.4,20161200,365.6,20170300
2016-11-24 23:00:00,366.5,20170300,367.3,20161200,366.5,20170300
2016-11-25 23:00:00,366.8,20170300,367.6,20161200,366.8,20170300
2016-11-28 23:00:00,363.6,20170300,364.4,20161200,363.6,20170300
2016-11-29 23:00:00,364.7,20170300,365.5,20161200,364.7,20170300
2016-11-30 23:00:00,367.5,20170300,368.3,20161200,367.5,20170300
2016-12-01 23:00:00,366.3,20170300,367.1,20161200,366.3,20170300
2016-12-02 23:00:00,365.2,20170300,366.0,20161200,365.2,20170300
2016-12-05 23:00:00,368.1,20170300,368.9,20161200,368.1,20170300
2016-12-06 23:00:00,373.7,20170300,374.5,20161200,373.7,20170300
2016-12-07 23:00:00,377.7,20170300,378.5,20161200,377.7,20170300
2016-12-08 23:00:00,382.3,20170300,383.1,20161200,382.3,20170300
2016-12-09 23:00:00,383.7,20170300,384.5,20161200,383.7,20170300
2016-12-12 23:00:00,382.6,20170300,384.2,20161200,382.6,20170300
2016-12-13 23:00:00,377.4,20170600,385.5,20170300,377.4,20170600
2016-12-14 23:00:00,376.2,20170600,384.3,20170300,376.2,20170600
2016-12-15 23:00:00,378.8,20170600,386.9,20170300,378.8,20170600
2016-12-16 23:00:00,378.3,20170600,386.4,20170300,378.3,20170600
2016-12-19 23:00:00,378.3,20170600,388.0,20170300,378.3,20170600
2016-12-20 23:00:00,380.9,20170600,390.6,20170300,380.9,20170600
2016-12-21 23:00:00,381.0,20170600,390.7,20170300,381.0,20170600
2016-12-22 23:00:00,380.0,20170600,389.7,20170300,380.0,20170600
2016-12-23 23:00:00,382.0,20170600,391.7,20170300,382.0,20170600
2016-12-27 23:00:00,383.1,20170600,392.8,20170300,383.1,20170600
2016-12-28 23:00:00,381.6,20170600,391.3,20170300,381.6,20170600
2016-12-29 23:00:00,381.0,20170600,390.7,20170300,381.0,20170600
2016-12-30 23:00:00,378.8,20170600,388.5,20170300,378.8,20170600
2017-01-02 23:00:00,384.9,20170600,394.6,20170300,384.9,20170600
2017-01-03 23:00:00,387.3,20170600,397.0,20170300,387.3,20170600
2017-01-04 23:00:00,386.3,20170600,396.0,20170300,386.3,20170600
2017-01-05 23:00:00,386.6,20170600,396.3,20170300,386.6,20170600
2017-01-06 23:00:00,387.5,20170600,397.2,20170300,387.5,20170600
2017-01-09 23:00:00,386.4,20170600,396.1,20170300,386.4,20170600
2017-01-10 23:00:00,386.2,20170600,395.9,20170300,386.2,20170600
2017-01-11 23:00:00,387.3,20170600,397.0,20170300,387.3,20170600
2017-01-12 23:00:00,384.0,20170600,393.7,20170300,384.0,20170600
2017-01-13 23:00:00,387.8,20170600,397.5,20170300,387.8,20170600
2017-01-16 23:00:00,385.3,20170600,395.0,20170300,385.3,20170600
2017-01-17 23:00:00,384.1,20170600,393.8,20170300,384.1,20170600
2017-01-18 23:00:00,384.3,20170600,394.0,20170300,384.3,20170600
2017-01-19 23:00:00,386.5,20170600,396.2,20170300,386.5,20170600
2017-01-20 23:00:00,387.1,20170600,396.8,20170300,387.1,20170600
2017-01-23 23:00:00,384.7,20170600,394.4,20170300,384.7,20170600
2017-01-24 23:00:00,387.4,20170600,397.1,20170300,387.4,20170600
2017-01-25 23:00:00,392.8,20170600,402.5,20170300,392.8,20170600
2017-01-26 23:00:00,393.1,20170600,402.8,20170300,393.1,20170600
2017-01-27 23:00:00,393.8,20170600,403.5,20170300,393.8,20170600
2017-01-30 23:00:00,387.4,20170600,397.1,20170300,387.4,20170600
2017-01-31 23:00:00,385.7,20170600,395.4,20170300,385.7,20170600
2017-02-01 23:00:00,387.7,20170600,397.4,20170300,387.7,20170600
2017-02-02 23:00:00,390.4,20170600,400.1,20170300,390.4,20170600
2017-02-03 23:00:00,392.0,20170600,401.7,20170300,392.0,20170600
2017-02-06 23:00:00,387.3,20170600,397.0,20170300,387.3,20170600
2017-02-07 23:00:00,387.3,20170600,397.0,20170300,387.3,20170600
2017-02-08 23:00:00,388.2,20170600,397.9,20170300,388.2,20170600
2017-02-09 23:00:00,391.4,20170600,401.1,20170300,391.4,20170600
2017-02-10 23:00:00,391.4,20170600,401.1,20170300,391.4,20170600
2017-02-13 23:00:00,395.2,20170600,404.9,20170300,395.2,20170600
2017-02-14 23:00:00,395.8,20170600,405.5,20170300,395.8,20170600
2017-02-15 23:00:00,397.0,20170600,406.7,20170300,397.0,20170600
2017-02-16 23:00:00,395.6,20170600,405.3,20170300,395.6,20170600
2017-02-17 23:00:00,393.6,20170600,403.3,20170300,393.6,20170600
2017-02-20 23:00:00,395.2,20170600,404.9,20170300,395.2,20170600
2017-02-21 23:00:00,396.4,20170600,406.1,20170300,396.4,20170600
2017-02-22 23:00:00,395.3,20170600,405.0,20170300,395.3,20170600
2017-02-23 23:00:00,393.4,20170600,403.1,20170300,393.4,20170600
2017-02-24 23:00:00,389.9,20170600,399.6,20170300,389.9,20170600
2017-02-27 23:00:00,391.2,20170600,400.9,20170300,391.2,20170600
2017-02-28 23:00:00,392.0,20170600,401.7,20170300,392.0,20170600
2017-03-01 23:00:00,397.4,20170600,407.1,20170300,397.4,20170600
2017-03-02 23:00:00,397.9,20170600,407.6,20170300,397.9,20170600
2017-03-03 23:00:00,402.0,20170600,408.8,20170300,402.0,20170600
2017-03-06 23:00:00,400.4,20170600,407.2,20170300,400.4,20170600
2017-03-07 23:00:00,399.9,20170600,406.7,20170300,399.9,20170600
2017-03-08 23:00:00,400.5,20170600,407.6,20170300,400.5,20170600
2017-03-09 23:00:00,400.8,20170600,408.5,20170300,400.8,20170600
2017-03-10 23:00:00,402.6,20170600,410.2,20170300,402.6,20170600
2017-03-13 23:00:00,403.7,20170900,403.7,20170600,403.7,20170900
2017-03-14 23:00:00,402.2,20170900,402.2,20170600,402.2,20170900
2017-03-15 23:00:00,404.4,20170900,404.4,20170600,404.4,20170900
2017-03-16 23:00:00,407.5,20170900,407.5,20170600,407.5,20170900
2017-03-17 23:00:00,408.1,20170900,408.1,20170600,408.1,20170900
2017-03-20 23:00:00,406.7,20170900,406.7,20170600,406.7,20170900
2017-03-21 23:00:00,403.7,20170900,403.7,20170600,403.7,20170900
2017-03-22 23:00:00,401.8,20170900,401.8,20170600,401.8,20170900
2017-03-23 23:00:00,405.0,20170900,405.0,20170600,405.0,20170900
2017-03-24 23:00:00,406.0,20170900,406.0,20170600,406.0,20170900
2017-03-27 23:00:00,404.1,20170900,404.1,20170600,404.1,20170900
2017-03-28 23:00:00,408.3,20170900,408.3,20170600,408.3,20170900
2017-03-29 23:00:00,408.9,20170900,408.9,20170600,408.9,20170900
2017-03-30 23:00:00,412.2,20170900,412.2,20170600,412.2,20170900
2017-03-31 23:00:00,414.2,20170900,414.2,20170600,414.2,20170900
2017-04-03 23:00:00,412.4,20170900,412.4,20170600,412.4,20170900
2017-04-04 23:00:00,412.5,20170900,412.5,20170600,412.5,20170900
2017-04-05 23:00:00,413.0,20170900,413.0,20170600,413.0,20170900
2017-04-06 23:00:00,415.3,20170900,415.3,20170600,415.3,20170900
2017-04-07 23:00:00,416.0,20170900,416.0,20170600,416.0,20170900
2017-04-10 23:00:00,415.9,20170900,415.9,20170600,415.9,20170900
2017-04-11 23:00:00,413.5,20170900,413.5,20170600,413.5,20170900
2017-04-12 23:00:00,414.2,20170900,414.2,20170600,414.2,20170900
2017-04-13 23:00:00,412.9,20170900,412.9,20170600,412.9,20170900
2017-04-18 23:00:00,410.0,20170900,410.0,20170600,410.0,20170900
2017-04-19 23:00:00,411.1,20170900,411.1,20170600,411.1,20170900
2017-04-20 23:00:00,413.0,20170900,413.0,20170600,413.0,20170900
2017-04-21 23:00:00,412.2,20170900,412.2,20170600,412.2,20170900
2017-04-24 23:00:00,424.6,20170900,424.6,20170600,424.6,20170900
2017-04-25 23:00:00,425.7,20170900,425.7,20170600,425.7,20170900
2017-04-26 23:00:00,427.0,20170900,427.0,20170600,427.0,20170900
2017-04-27 23:00:00,425.6,20170900,425.6,20170600,425.6,20170900
2017-04-28 23:00:00,426.9,20170900,426.9,20170600,426.9,20170900
2017-05-02 23:00:00,429.8,20170900,429.8,20170600,429.8,20170900
2017-05-03 23:00:00,429.1,20170900,429.1,20170600,429.1,20170900
2017-05-04 23:00:00,435.8,20170900,435.8,20170600,435.8,20170900
2017-05-05 23:00:00,439.5,20170900,439.5,20170600,439.5,20170900
2017-05-08 23:00:00,437.9,20170900,437.9,20170600,437.9,20170900
2017-05-09 23:00:00,439.4,20170900,439.4,20170600,439.4,20170900
2017-05-10 23:00:00,438.3,20170900,438.3,20170600,438.3,20170900
2017-05-11 23:00:00,434.6,20170900,434.6,20170600,434.6,20170900
2017-05-12 23:00:00,436.3,20170900,436.3,20170600,436.3,20170900
2017-05-15 23:00:00,438.4,20170900,438.4,20170600,438.4,20170900
2017-05-16 23:00:00,439.7,20170900,439.7,20170600,439.7,20170900
2017-05-17 23:00:00,431.9,20170900,431.9,20170600,431.9,20170900
2017-05-18 23:00:00,429.7,20170900,429.7,20170600,429.7,20170900
2017-05-19 23:00:00,435.4,20170900,435.4,20170600,435.4,20170900
2017-05-22 23:00:00,436.2,20170900,436.2,20170600,436.2,20170900
2017-05-23 23:00:00,438.6,20170900,438.6,20170600,438.6,20170900
2017-05-24 23:00:00,438.6,20170900,438.6,20170600,438.6,20170900
2017-05-25 23:00:00,439.6,20170900,439.6,20170600,439.6,20170900
2017-05-26 23:00:00,439.5,20170900,439.5,20170600,439.5,20170900
2017-05-29 23:00:00,439.1,20170900,439.1,20170600,439.1,20170900
2017-05-30 23:00:00,438.6,20170900,438.6,20170600,438.6,20170900
2017-05-31 23:00:00,434.7,20170900,438.1,20170600,434.7,20170900
2017-06-01 23:00:00,438.4,20170900,441.8,20170600,438.4,20170900
2017-06-02 23:00:00,439.1,20170900,442.5,20170600,439.1,20170900
2017-06-05 23:00:00,437.3,20170900,440.7,20170600,437.3,20170900
2017-06-06 23:00:00,436.0,20170900,439.4,20170600,436.0,20170900
2017-06-07 23:00:00,437.8,20170900,439.4,20170600,437.8,20170900
2017-06-08 23:00:00,437.6,20170900,439.1,20170600,437.6,20170900
2017-06-09 23:00:00,440.3,20170900,441.9,20170600,440.3,20170900
2017-06-12 23:00:00,434.7,20170900,436.6,20170600,434.7,20170900
2017-06-13 23:00:00,437.0,20171200,437.0,20170900,437.0,20171200
2017-06-14 23:00:00,437.3,20171200,437.3,20170900,437.3,20171200
2017-06-15 23:00:00,434.1,20171200,434.1,20170900,434.1,20171200
2017-06-16 23:00:00,437.3,20171200,437.3,20170900,437.3,20171200
2017-06-19 23:00:00,441.5,20171200,441.5,20170900,441.5,20171200
2017-06-20 23:00:00,438.9,20171200,438.9,20170900,438.9,20171200
2017-06-21 23:00:00,437.7,20171200,437.7,20170900,437.7,20171200
2017-06-22 23:00:00,437.1,20171200,437.1,20170900,437.1,20171200
2017-06-23 23:00:00,434.2,20171200,434.2,20170900,434.2,20171200
2017-06-26 23:00:00,435.6,20171200,435.6,20170900,435.6,20171200
2017-06-27 23:00:00,430.9,20171200,430.9,20170900,430.9,20171200
2017-06-28 23:00:00,430.8,20171200,430.8,20170900,430.8,20171200
2017-06-29 23:00:00,424.4,20171200,424.4,20170900,424.4,20171200
2017-06-30 23:00:00,424.2,20171200,424.2,20170900,424.2,20171200
2017-07-03 23:00:00,429.6,20171200,429.6,20170900,429.6,20171200
2017-07-04 23:00:00,429.6,20171200,429.6,20170900,429.6,20171200
2017-07-05 23:00:00,429.8,20171200,429.8,20170900,429.8,20171200
2017-07-06 23:00:00,427.7,20171200,427.7,20170900,427.7,20171200
2017-07-07 23:00:00,427.9,20171200,427.9,20170900,427.9,20171200
2017-07-10 23:00:00,431.4,20171200,431.4,20170900,431.4,20171200
2017-07-11 23:00:00,430.4,20171200,430.4,20170900,430.4,20171200
2017-07-12 23:00:00,436.2,20171200,436.2,20170900,436.2,20171200
2017-07-13 23:00:00,437.8,20171200,437.8,20170900,437.8,20171200
2017-07-14 23:00:00,438.5,20171200,438.5,20170900,438.5,20171200
2017-07-17 23:00:00,439.0,20171200,439.0,20170900,439.0,20171200
2017-07-18 23:00:00,434.5,20171200,434.5,20170900,434.5,20171200
2017-07-19 23:00:00,435.5,20171200,435.5,20170900,435.5,20171200
2017-07-20 23:00:00,434.4,20171200,434.4,20170900,434.4,20171200
2017-07-21 23:00:00,429.5,20171200,429.5,20170900,429.5,20171200
2017-07-24 23:00:00,426.9,20171200,426.9,20170900,426.9,20171200
2017-07-25 23:00:00,429.4,20171200,429.4,20170900,429.4,20171200
2017-07-26 23:00:00,433.1,20171200,433.1,20170900,433.1,20171200
2017-07-27 23:00:00,432.7,20171200,432.7,20170900,432.7,20171200
2017-07-28 23:00:00,428.5,20171200,428.5,20170900,428.5,20171200
2017-07-31 23:00:00,428.7,20171200,428.7,20170900,428.7,20171200
2017-08-01 23:00:00,431.7,20171200,431.7,20170900,431.7,20171200
2017-08-02 23:00:00,430.3,20171200,430.3,20170900,430.3,20171200
2017-08-03 23:00:00,431.5,20171200,431.5,20170900,431.5,20171200
2017-08-04 23:00:00,435.2,20171200,435.2,20170900,435.2,20171200
2017-08-07 23:00:00,435.3,20171200,435.3,20170900,435.3,20171200
2017-08-08 23:00:00,437.0,20171200,437.0,20170900,437.0,20171200
2017-08-09 23:00:00,433.5,20171200,433.5,20170900,433.5,20171200
2017-08-10 23:00:00,429.6,20171200,429.6,20170900,429.6,20171200
2017-08-11 23:00:00,425.4,20171200,425.4,20170900,425.4,20171200
2017-08-14 23:00:00,431.9,20171200,431.9,20170900,431.9,20171200
2017-08-15 23:00:00,432.5,20171200,432.5,20170900,432.5,20171200
2017-08-16 23:00:00,435.7,20171200,435.7,20170900,435.7,20171200
2017-08-17 23:00:00,434.4,20171200,434.4,20170900,434.4,20171200
2017-08-18 23:00:00,431.7,20171200,431.7,20170900,431.7,20171200
2017-08-21 23:00:00,429.2,20171200,429.2,20170900,429.2,20171200
2017-08-22 23:00:00,432.8,20171200,432.8,20170900,432.8,20171200
2017-08-23 23:00:00,431.7,20171200,431.7,20170900,431.7,20171200
2017-08-24 23:00:00,431.9,20171200,431.9,20170900,431.9,20171200
2017-08-25 23:00:00,431.1,20171200,431.1,20170900,431.1,20171200
2017-08-28 23:00:00,428.3,20171200,428.3,20170900,428.3,20171200
2017-08-29 23:00:00,423.7,20171200,423.7,20170900,423.7,20171200
2017-08-30 23:00:00,427.1,20171200,427.1,20170900,427.1,20171200
2017-08-31 23:00:00,430.3,20171200,430.3,20170900,430.3,20171200
2017-09-01 23:00:00,432.8,20171200,432.8,20170900,432.8,20171200
2017-09-04 23:00:00,431.2,20171200,431.2,20170900,431.2,20171200
2017-09-05 23:00:00,428.7,20171200,430.4,20170900,428.7,20171200
2017-09-06 23:00:00,428.5,20171200,430.2,20170900,428.5,20171200
2017-09-07 23:00:00,428.8,20171200,430.3,20170900,428.8,20171200
2017-09-08 23:00:00,429.5,20171200,430.3,20170900,429.5,20171200
2017-09-11 23:00:00,435.0,20171200,436.0,20170900,435.0,20171200
2017-09-12 23:00:00,435.0,20180300,437.3,20171200,435.0,20180300
2017-09-13 23:00:00,435.0,20180300,437.4,20171200,435.0,20180300
2017-09-14 23:00:00,435.0,20180300,437.2,20171200,435.0,20180300
2017-09-15 23:00:00,435.0,20180300,435.5,20171200,435.0,20180300
2017-09-18 23:00:00,435.0,20180300,437.8,20171200,435.0,20180300
2017-09-19 23:00:00,435.0,20180300,438.5,20171200,435.0,20180300
2017-09-20 23:00:00,435.0,20180300,438.1,20171200,435.0,20180300
2017-09-21 23:00:00,435.0,20180300,438.5,20171200,435.0,20180300
2017-09-22 23:00:00,435.0,20180300,438.2,20171200,435.0,20180300
2017-09-25 23:00:00,435.0,20180300,438.4,20171200,435.0,20180300
2017-09-26 23:00:00,435.0,20180300,438.2,20171200,435.0,20180300
2017-09-27 23:00:00,435.0,20180300,440.8,20171200,435.0,20180300
2017-09-28 23:00:00,435.0,20180300,442.1,20171200,435.0,20180300
2017-09-29 23:00:00,435.0,20180300,443.6,20171200,435.0,20180300
2017-10-02 23:00:00,435.0,20180300,444.8,20171200,435.0,20180300
2017-10-03 23:00:00,435.0,20180300,445.6,20171200,435.0,20180300
2017-10-04 23:00:00,435.0,20180300,443.9,20171200,435.0,20180300
2017-10-05 23:00:00,435.0,20180300,445.6,20171200,435.0,20180300
2017-10-06 23:00:00,435.0,20180300,443.6,20171200,435.0,20180300
2017-10-09 23:00:00,435.0,20180300,444.1,20171200,435.0,20180300
2017-10-10 23:00:00,435.0,20180300,444.2,20171200,435.0,20180300
2017-10-11 23:00:00,435.0,20180300,446.1,20171200,435.0,20180300
2017-10-12 23:00:00,435.0,20180300,447.2,20171200,435.0,20180300
2017-10-13 23:00:00,435.0,20180300,448.0,20171200,435.0,20180300
2017-10-16 23:00:00,435.0,20180300,447.7,20171200,435.0,20180300
2017-10-17 23:00:00,435.0,20180300,448.0,20171200,435.0,20180300
2017-10-18 23:00:00,435.0,20180300,448.8,20171200,435.0,20180300
2017-10-19 23:00:00,435.0,20180300,445.7,20171200,435.0,20180300
2017-10-20 23:00:00,435.0,20180300,446.8,20171200,435.0,20180300
2017-10-23 23:00:00,435.0,20180300,447.2,20171200,435.0,20180300
2017-10-24 23:00:00,435.0,20180300,447.5,20171200,435.0,20180300
2017-10-25 23:00:00,435.0,20180300,444.4,20171200,435.0,20180300
2017-10-26 23:00:00,435.0,20180300,452.7,20171200,435.0,20180300
2017-10-27 23:00:00,435.0,20180300,454.0,20171200,435.0,20180300
2017-10-30 23:00:00,435.0,20180300,455.2,20171200,435.0,20180300
2017-10-31 23:00:00,435.0,20180300,457.5,20171200,435.0,20180300
2017-11-01 23:00:00,435.0,20180300,459.9,20171200,435.0,20180300
2017-11-02 23:00:00,435.0,20180300,460.0,20171200,435.0,20180300
2017-11-03 23:00:00,435.0,20180300,460.3,20171200,435.0,20180300
2017-11-06 23:00:00,435.0,20180300,460.0,20171200,435.0,20180300
2017-11-07 23:00:00,435.0,20180300,458.5,20171200,435.0,20180300
2017-11-08 23:00:00,435.0,20180300,457.2,20171200,435.0,20180300
2017-11-09 23:00:00,435.0,20180300,453.2,20171200,435.0,20180300
2017-11-10 23:00:00,435.0,20180300,451.8,20171200,435.0,20180300
2017-11-13 23:00:00,435.0,20180300,448.4,20171200,435.0,20180300
2017-11-14 23:00:00,435.0,20180300,447.7,20171200,435.0,20180300
2017-11-15 23:00:00,435.0,20180300,444.9,20171200,435.0,20180300
2017-11-16 23:00:00,435.0,20180300,448.3,20171200,435.0,20180300
2017-11-17 23:00:00,435.0,20180300,446.2,20171200,435.0,20180300
2017-11-20 23:00:00,435.0,20180300,448.5,20171200,435.0,20180300
2017-11-21 23:00:00,435.0,20180300,449.3,20171200,435.0,20180300
2017-11-22 23:00:00,435.0,20180300,448.2,20171200,435.0,20180300
2017-11-23 23:00:00,435.0,20180300,449.1,20171200,435.0,20180300
2017-11-24 23:00:00,435.0,20180300,449.9,20171200,435.0,20180300
2017-11-27 23:00:00,435.0,20180300,447.5,20171200,435.0,20180300
2017-11-28 23:00:00,435.0,20180300,450.1,20171200,435.0,20180300
2017-11-29 23:00:00,435.0,20180300,450.6,20171200,435.0,20180300
2017-11-30 23:00:00,435.0,20180300,452.2,20171200,435.0,20180300
2017-12-01 23:00:00,435.0,20180300,448.3,20171200,435.0,20180300
2017-12-04 23:00:00,435.0,20180300,452.2,20171200,435.0,20180300
2017-12-05 23:00:00,435.0,20180300,452.1,20171200,435.0,20180300
2017-12-06 23:00:00,435.0,20180300,450.5,20171200,435.0,20180300
2017-12-07 23:00:00,435.0,20180300,451.8,20171200,435.0,20180300
2017-12-08 23:00:00,435.0,20180300,454.4,20171200,435.0,20180300
2017-12-11 23:00:00,435.0,20180300,453.8,20171200,435.0,20180300
2017-12-12 08:00:00,452.6,20180300,453.8,20171200,452.6,20180300
2017-12-12 23:00:00,452.6,20180300,455.6,20171200,452.6,20180300
2017-12-13 23:00:00,452.6,20180300,453.4,20171200,452.6,20180300
2017-12-14 11:00:00,451.2,20180300,453.4,20171200,451.2,20180300
2017-12-14 16:00:00,451.2,20180300,452.0,20171200,451.2,20180300
2017-12-15 13:00:00,451.2,20180600,448.6,20180300,451.2,20180600
2017-12-15 16:00:00,451.2,20180600,449.3,20180300,451.2,20180600
2017-12-19 08:00:00,451.2,20180600,455.3,20180300,451.2,20180600
2017-12-19 09:00:00,451.2,20180600,455.3,20180300,451.2,20180600
2017-12-19 10:00:00,451.2,20180600,455.3,20180300,451.2,20180600
2017-12-19 13:00:00,451.2,20180600,456.1,20180300,451.2,20180600
2017-12-19 14:00:00,451.2,20180600,455.8,20180300,451.2,20180600
2017-12-19 16:00:00,451.2,20180600,454.7,20180300,451.2,20180600
2017-12-20 10:00:00,451.2,20180600,453.8,20180300,451.2,20180600
2017-12-20 13:00:00,451.2,20180600,453.5,20180300,451.2,20180600
2017-12-20 14:00:00,451.2,20180600,453.3,20180300,451.2,20180600
2017-12-20 16:00:00,451.2,20180600,452.2,20180300,451.2,20180600
2017-12-21 10:00:00,451.2,20180600,451.9,20180300,451.2,20180600
2017-12-21 11:00:00,451.2,20180600,451.9,20180300,451.2,20180600
2017-12-21 12:00:00,451.2,20180600,451.5,20180300,451.2,20180600
2017-12-21 13:00:00,451.2,20180600,451.8,20180300,451.2,20180600
2017-12-21 15:00:00,451.2,20180600,452.9,20180300,451.2,20180600
2017-12-21 16:00:00,451.2,20180600,453.0,20180300,451.2,20180600
2017-12-22 16:00:00,451.2,20180600,452.9,20180300,451.2,20180600
2017-12-29 14:00:00,451.2,20180600,452.3,20180300,451.2,20180600
2018-01-03 10:00:00,451.2,20180600,454.6,20180300,451.2,20180600
2018-01-03 14:00:00,451.2,20180600,455.3,20180300,451.2,20180600
2018-01-03 15:00:00,451.2,20180600,455.7,20180300,451.2,20180600
2018-01-04 10:00:00,451.2,20180600,459.0,20180300,451.2,20180600
2018-01-04 14:00:00,451.2,20180600,461.1,20180300,451.2,20180600
2018-01-04 15:00:00,451.2,20180600,462.6,20180300,451.2,20180600
2018-01-04 16:00:00,451.2,20180600,461.9,20180300,451.2,20180600
2018-01-05 14:00:00,451.2,20180600,465.3,20180300,451.2,20180600
2018-01-05 15:00:00,451.2,20180600,464.9,20180300,451.2,20180600
2018-01-05 16:00:00,451.2,20180600,465.2,20180300,451.2,20180600
2018-01-08 10:00:00,451.2,20180600,468.2,20180300,451.2,20180600
2018-01-08 11:00:00,451.2,20180600,468.0,20180300,451.2,20180600
2018-01-09 10:00:00,451.2,20180600,470.1,20180300,451.2,20180600
2018-01-09 16:00:00,451.2,20180600,469.1,20180300,451.2,20180600
2018-01-10 09:00:00,451.2,20180600,468.7,20180300,451.2,20180600
2018-01-10 10:00:00,451.2,20180600,466.5,20180300,451.2,20180600
2018-01-10 11:00:00,451.2,20180600,466.8,20180300,451.2,20180600
2018-01-10 12:00:00,451.2,20180600,466.8,20180300,451.2,20180600
2018-01-10 13:00:00,451.2,20180600,466.7,20180300,451.2,20180600
2018-01-10 14:00:00,451.2,20180600,466.5,20180300,451.2,20180600
2018-01-10 15:00:00,451.2,20180600,466.5,20180300,451.2,20180600
2018-01-10 16:00:00,451.2,20180600,466.9,20180300,451.2,20180600
2018-01-11 08:00:00,451.2,20180600,466.4,20180300,451.2,20180600
2018-01-11 09:00:00,451.2,20180600,466.4,20180300,451.2,20180600
2018-01-11 11:00:00,451.2,20180600,467.3,20180300,451.2,20180600
2018-01-11 12:00:00,451.2,20180600,467.3,20180300,451.2,20180600
2018-01-11 15:00:00,451.2,20180600,466.0,20180300,451.2,20180600
2018-01-11 16:00:00,451.2,20180600,466.6,20180300,451.2,20180600
2018-01-12 09:00:00,451.2,20180600,468.1,20180300,451.2,20180600
2018-01-12 13:00:00,451.2,20180600,468.1,20180300,451.2,20180600
2018-01-12 14:00:00,451.2,20180600,468.5,20180300,451.2,20180600
2018-01-12 16:00:00,451.2,20180600,468.4,20180300,451.2,20180600
2018-01-16 13:00:00,451.2,20180600,471.7,20180300,451.2,20180600
2018-01-16 14:00:00,451.2,20180600,471.3,20180300,451.2,20180600
2018-01-16 15:00:00,451.2,20180600,471.2,20180300,451.2,20180600
2018-01-16 16:00:00,451.2,20180600,470.2,20180300,451.2,20180600
2018-01-17 12:00:00,451.2,20180600,471.6,20180300,451.2,20180600
2018-01-17 16:00:00,451.2,20180600,470.1,20180300,451.2,20180600
2018-01-18 12:00:00,451.2,20180600,471.2,20180300,451.2,20180600
2018-01-18 13:00:00,451.2,20180600,471.6,20180300,451.2,20180600
2018-01-18 16:00:00,451.2,20180600,470.8,20180300,451.2,20180600
2018-01-19 10:00:00,451.2,20180600,475.1,20180300,451.2,20180600
2018-01-19 12:00:00,451.2,20180600,475.1,20180300,451.2,20180600
2018-01-19 13:00:00,451.2,20180600,475.0,20180300,451.2,20180600
2018-01-19 14:00:00,451.2,20180600,475.3,20180300,451.2,20180600
2018-01-19 16:00:00,451.2,20180600,474.3,20180300,451.2,20180600
2018-01-22 16:00:00,451.2,20180600,475.6,20180300,451.2,20180600
2018-01-23 16:00:00,451.2,20180600,475.5,20180300,451.2,20180600
2018-01-24 14:00:00,451.2,20180600,474.0,20180300,451.2,20180600
2018-01-24 15:00:00,451.2,20180600,472.5,20180300,451.2,20180600
2018-01-24 16:00:00,451.2,20180600,471.5,20180300,451.2,20180600
2018-01-25 08:00:00,451.2,20180600,470.7,20180300,451.2,20180600
2018-01-25 09:00:00,451.2,20180600,470.4,20180300,451.2,20180600
2018-01-25 12:00:00,451.2,20180600,471.6,20180300,451.2,20180600
2018-01-25 13:00:00,451.2,20180600,471.4,20180300,451.2,20180600
2018-01-25 14:00:00,451.2,20180600,468.4,20180300,451.2,20180600
2018-01-25 15:00:00,451.2,20180600,468.6,20180300,451.2,20180600
2018-01-25 16:00:00,451.2,20180600,468.3,20180300,451.2,20180600
2018-01-26 08:00:00,451.2,20180600,470.0,20180300,451.2,20180600
2018-01-26 09:00:00,451.2,20180600,470.5,20180300,451.2,20180600
2018-01-29 09:00:00,451.2,20180600,471.7,20180300,451.2,20180600
2018-01-29 10:00:00,451.2,20180600,470.7,20180300,451.2,20180600
2018-01-29 15:00:00,451.2,20180600,470.8,20180300,451.2,20180600
2018-01-29 16:00:00,451.2,20180600,469.4,20180300,451.2,20180600
2018-01-30 16:00:00,451.2,20180600,464.9,20180300,451.2,20180600
2018-01-31 10:00:00,451.2,20180600,466.0,20180300,451.2,20180600
2018-01-31 11:00:00,451.2,20180600,465.8,20180300,451.2,20180600
2018-01-31 12:00:00,451.2,20180600,466.0,20180300,451.2,20180600
2018-01-31 15:00:00,451.2,20180600,465.5,20180300,451.2,20180600
2018-01-31 16:00:00,451.2,20180600,464.9,20180300,451.2,20180600
2018-02-01 08:00:00,451.2,20180600,469.1,20180300,451.2,20180600
2018-02-01 09:00:00,451.2,20180600,469.9,20180300,451.2,20180600
2018-02-01 10:00:00,451.2,20180600,469.8,20180300,451.2,20180600
2018-02-01 12:00:00,451.2,20180600,468.9,20180300,451.2,20180600
2018-02-01 13:00:00,451.2,20180600,466.2,20180300,451.2,20180600
2018-02-01 14:00:00,451.2,20180600,466.4,20180300,451.2,20180600
2018-02-01 15:00:00,451.2,20180600,465.9,20180300,451.2,20180600
2018-02-01 16:00:00,451.2,20180600,465.1,20180300,451.2,20180600
2018-02-02 10:00:00,451.2,20180600,460.7,20180300,451.2,20180600
2018-02-02 16:00:00,451.2,20180600,458.4,20180300,451.2,20180600
2018-02-05 08:00:00,451.2,20180600,453.0,20180300,451.2,20180600
2018-02-05 14:00:00,451.2,20180600,452.8,20180300,451.2,20180600
2018-02-05 15:00:00,451.2,20180600,453.2,20180300,451.2,20180600
2018-02-05 16:00:00,451.2,20180600,451.6,20180300,451.2,20180600
2018-02-06 13:00:00,451.2,20180600,440.3,20180300,451.2,20180600
2018-02-06 15:00:00,451.2,20180600,444.8,20180300,451.2,20180600
2018-02-06 16:00:00,451.2,20180600,441.7,20180300,451.2,20180600
2018-02-07 08:00:00,451.2,20180600,445.0,20180300,451.2,20180600
2018-02-07 09:00:00,451.2,20180600,445.9,20180300,451.2,20180600
2018-02-07 10:00:00,451.2,20180600,446.0,20180300,451.2,20180600
2018-02-07 16:00:00,451.2,20180600,451.4,20180300,451.2,20180600
2018-02-08 10:00:00,451.2,20180600,447.5,20180300,451.2,20180600
2018-02-08 14:00:00,451.2,20180600,446.8,20180300,451.2,20180600
2018-02-08 15:00:00,451.2,20180600,443.5,20180300,451.2,20180600
2018-02-08 16:00:00,451.2,20180600,440.9,20180300,451.2,20180600
2018-02-09 11:00:00,451.2,20180600,437.9,20180300,451.2,20180600
2018-02-09 12:00:00,451.2,20180600,437.5,20180300,451.2,20180600
2018-02-09 13:00:00,451.2,20180600,439.5,20180300,451.2,20180600
2018-02-09 15:00:00,451.2,20180600,438.2,20180300,451.2,20180600
2018-02-09 16:00:00,451.2,20180600,437.0,20180300,451.2,20180600
2018-02-12 09:00:00,451.2,20180600,444.6,20180300,451.2,20180600
2018-02-12 14:00:00,451.2,20180600,444.5,20180300,451.2,20180600
2018-02-12 15:00:00,451.2,20180600,443.9,20180300,451.2,20180600
2018-02-12 16:00:00,451.2,20180600,444.1,20180300,451.2,20180600
2018-02-13 09:00:00,451.2,20180600,442.9,20180300,451.2,20180600
2018-02-13 10:00:00,451.2,20180600,441.8,20180300,451.2,20180600
2018-02-13 16:00:00,451.2,20180600,440.4,20180300,451.2,20180600
2018-02-14 11:00:00,451.2,20180600,444.4,20180300,451.2,20180600
2018-02-14 16:00:00,451.2,20180600,445.9,20180300,451.2,20180600
2018-02-15 16:00:00,451.2,20180600,448.3,20180300,451.2,20180600
2018-02-20 14:00:00,451.2,20180600,454.6,20180300,451.2,20180600
2018-02-20 15:00:00,451.2,20180600,454.8,20180300,451.2,20180600
2018-02-20 16:00:00,451.2,20180600,455.2,20180300,451.2,20180600
2018-02-21 16:00:00,451.2,20180600,455.8,20180300,451.2,20180600
2018-02-22 09:00:00,451.2,20180600,453.1,20180300,451.2,20180600
2018-02-22 12:00:00,451.2,20180600,454.4,20180300,451.2,20180600
2018-02-22 15:00:00,451.2,20180600,453.1,20180300,451.2,20180600
2018-02-22 16:00:00,451.2,20180600,456.2,20180300,451.2,20180600
2018-02-23 08:00:00,451.2,20180600,456.5,20180300,451.2,20180600
2018-02-23 16:00:00,451.2,20180600,455.3,20180300,451.2,20180600
2018-02-26 08:00:00,451.2,20180600,458.9,20180300,451.2,20180600
2018-02-26 13:00:00,451.2,20180600,458.1,20180300,451.2,20180600
2018-02-26 14:00:00,451.2,20180600,458.2,20180300,451.2,20180600
2018-02-26 16:00:00,451.2,20180600,457.6,20180300,451.2,20180600
2018-02-27 16:00:00,451.2,20180600,455.9,20180300,451.2,20180600
2018-02-28 16:00:00,451.2,20180600,455.2,20180300,451.2,20180600
2018-03-01 10:00:00,451.2,20180600,450.9,20180300,451.2,20180600
2018-03-01 13:00:00,451.2,20180600,451.3,20180300,451.2,20180600
2018-03-01 14:00:00,451.2,20180600,450.5,20180300,451.2,20180600
2018-03-01 15:00:00,451.2,20180600,449.8,20180300,451.2,20180600
2018-03-01 16:00:00,451.2,20180600,448.4,20180300,451.2,20180600
2018-03-02 08:00:00,451.2,20180600,446.3,20180300,451.2,20180600
2018-03-02 10:00:00,451.2,20180600,441.0,20180300,451.2,20180600
2018-03-02 11:00:00,451.2,20180600,441.0,20180300,451.2,20180600
2018-03-02 12:00:00,451.2,20180600,441.2,20180300,451.2,20180600
2018-03-02 13:00:00,451.2,20180600,442.5,20180300,451.2,20180600
2018-03-02 14:00:00,451.2,20180600,441.6,20180300,451.2,20180600
2018-03-02 16:00:00,451.2,20180600,440.3,20180300,451.2,20180600
2018-03-05 11:00:00,451.2,20180600,443.8,20180300,451.2,20180600
2018-03-05 12:00:00,451.2,20180600,443.2,20180300,451.2,20180600
2018-03-05 13:00:00,451.2,20180600,442.6,20180300,451.2,20180600
2018-03-05 14:00:00,451.2,20180600,442.5,20180300,451.2,20180600
2018-03-05 15:00:00,451.2,20180600,443.5,20180300,451.2,20180600
2018-03-05 16:00:00,451.2,20180600,445.1,20180300,451.2,20180600
2018-03-06 16:00:00,451.2,20180600,448.1,20180300,451.2,20180600
2018-03-07 10:00:00,451.2,20180600,446.9,20180300,451.2,20180600
2018-03-07 11:00:00,451.2,20180600,447.1,20180300,451.2,20180600
2018-03-07 12:00:00,451.2,20180600,448.7,20180300,451.2,20180600
2018-03-07 13:00:00,451.2,20180600,449.2,20180300,451.2,20180600
2018-03-07 14:00:00,451.2,20180600,449.5,20180300,451.2,20180600
2018-03-07 15:00:00,451.2,20180600,451.2,20180300,451.2,20180600
2018-03-07 16:00:00,451.2,20180600,451.0,20180300,451.2,20180600
2018-03-08 09:00:00,451.2,20180600,453.0,20180300,451.2,20180600
2018-03-08 10:00:00,451.2,20180600,453.7,20180300,451.2,20180600
2018-03-08 11:00:00,451.2,20180600,453.9,20180300,451.2,20180600
2018-03-08 12:00:00,451.2,20180600,454.3,20180300,451.2,20180600
2018-03-08 13:00:00,451.2,20180600,454.8,20180300,451.2,20180600
2018-03-08 14:00:00,451.2,20180600,456.0,20180300,451.2,20180600
2018-03-08 15:00:00,451.2,20180600,456.6,20180300,451.2,20180600
2018-03-08 16:00:00,451.2,20180600,457.2,20180300,451.2,20180600
2018-03-09 10:00:00,451.2,20180600,457.1,20180300,451.2,20180600
2018-03-09 11:00:00,451.2,20180600,457.2,20180300,451.2,20180600
2018-03-09 12:00:00,451.2,20180600,457.1,20180300,451.2,20180600
2018-03-09 13:00:00,451.2,20180600,459.3,20180300,451.2,20180600
2018-03-09 14:00:00,451.2,20180600,458.1,20180300,451.2,20180600
2018-03-09 15:00:00,451.2,20180600,458.9,20180300,451.2,20180600
2018-03-09 16:00:00,451.2,20180600,458.6,20180300,451.2,20180600
2018-03-12 16:00:00,451.2,20180600,460.4,20180300,451.2,20180600
2018-03-13 07:00:00,452.0,20180600,460.4,20180300,452.0,20180600
2018-03-13 11:00:00,451.7,20180600,460.8,20180300,451.7,20180600
2018-03-13 14:00:00,451.7,20180900,450.3,20180600,451.7,20180900
2018-03-14 09:00:00,451.7,20180900,446.9,20180600,451.7,20180900
2018-03-14 14:00:00,451.7,20180900,447.0,20180600,451.7,20180900
2018-03-14 16:00:00,451.7,20180900,446.1,20180600,451.7,20180900
2018-03-15 14:00:00,451.7,20180900,446.4,20180600,451.7,20180900
2018-03-16 13:00:00,451.7,20180900,448.6,20180600,451.7,20180900
2018-03-16 14:00:00,451.7,20180900,448.5,20180600,451.7,20180900
2018-03-16 16:00:00,451.7,20180900,447.9,20180600,451.7,20180900
2018-03-19 08:00:00,451.7,20180900,446.7,20180600,451.7,20180900
2018-03-20 16:00:00,451.7,20180900,446.4,20180600,451.7,20180900
2018-03-22 14:00:00,451.7,20180900,438.0,20180600,451.7,20180900
2018-03-22 16:00:00,451.7,20180900,435.5,20180600,451.7,20180900
2018-03-23 16:00:00,451.7,20180900,434.9,20180600,451.7,20180900
2018-03-27 11:00:00,451.7,20180900,436.6,20180600,451.7,20180900
2018-03-27 12:00:00,451.7,20180900,436.6,20180600,451.7,20180900
2018-03-27 13:00:00,451.7,20180900,436.0,20180600,451.7,20180900
2018-03-27 15:00:00,451.7,20180900,436.0,20180600,451.7,20180900
2018-03-28 07:00:00,451.7,20180900,430.2,20180600,451.7,20180900
2018-03-28 08:00:00,451.7,20180900,431.0,20180600,451.7,20180900
2018-03-28 09:00:00,451.7,20180900,431.9,20180600,451.7,20180900
2018-03-28 10:00:00,451.7,20180900,432.0,20180600,451.7,20180900
2018-03-28 14:00:00,451.7,20180900,435.8,20180600,451.7,20180900
2018-03-29 09:00:00,451.7,20180900,439.1,20180600,451.7,20180900
2018-03-29 10:00:00,451.7,20180900,438.7,20180600,451.7,20180900
2018-03-29 11:00:00,451.7,20180900,438.7,20180600,451.7,20180900
2018-03-29 12:00:00,451.7,20180900,439.5,20180600,451.7,20180900
2018-03-29 14:00:00,451.7,20180900,439.7,20180600,451.7,20180900
2018-04-03 09:00:00,451.7,20180900,433.7,20180600,451.7,20180900
2018-04-03 14:00:00,451.7,20180900,436.5,20180600,451.7,20180900
2018-04-04 09:00:00,451.7,20180900,433.1,20180600,451.7,20180900
2018-04-04 14:00:00,451.7,20180900,432.6,20180600,451.7,20180900
2018-04-05 07:00:00,451.7,20180900,440.3,20180600,451.7,20180900
2018-04-05 15:00:00,451.7,20180900,444.0,20180600,451.7,20180900
2018-04-06 12:00:00,451.7,20180900,442.9,20180600,451.7,20180900
2018-04-06 13:00:00,451.7,20180900,443.5,20180600,451.7,20180900
2018-04-06 15:00:00,451.7,20180900,442.2,20180600,451.7,20180900
2018-04-09 07:00:00,451.7,20180900,445.4,20180600,451.7,20180900
2018-04-09 13:00:00,451.7,20180900,443.5,20180600,451.7,20180900
2018-04-10 13:00:00,451.7,20180900,446.2,20180600,451.7,20180900
2018-04-10 14:00:00,451.7,20180900,446.8,20180600,451.7,20180900
2018-04-10 15:00:00,451.7,20180900,447.6,20180600,451.7,20180900
2018-04-12 13:00:00,451.7,20180900,448.3,20180600,451.7,20180900
2018-04-12 14:00:00,451.7,20180900,448.0,20180600,451.7,20180900
2018-04-12 15:00:00,451.7,20180900,448.2,20180600,451.7,20180900
2018-04-13 08:00:00,451.7,20180900,450.3,20180600,451.7,20180900
2018-04-16 11:00:00,451.7,20180900,449.2,20180600,451.7,20180900
2018-04-17 15:00:00,451.7,20180900,454.2,20180600,451.7,20180900
2018-04-19 12:00:00,451.7,20180900,456.0,20180600,451.7,20180900
2018-04-19 15:00:00,451.7,20180900,456.7,20180600,451.7,20180900
2018-04-23 12:00:00,451.7,20180900,456.5,20180600,451.7,20180900
2018-04-23 14:00:00,451.7,20180900,457.4,20180600,451.7,20180900
2018-04-25 08:00:00,451.7,20180900,451.6,20180600,451.7,20180900
2018-04-25 09:00:00,451.7,20180900,450.8,20180600,451.7,20180900
2018-04-25 10:00:00,451.7,20180900,450.7,20180600,451.7,20180900
2018-04-26 12:00:00,451.7,20180900,453.5,20180600,451.7,20180900
2018-04-26 14:00:00,451.7,20180900,455.2,20180600,451.7,20180900
2018-04-26 15:00:00,451.7,20180900,455.4,20180600,451.7,20180900
2018-04-27 15:00:00,451.7,20180900,457.3,20180600,451.7,20180900
2018-04-30 15:00:00,451.7,20180900,459.0,20180600,451.7,20180900
2018-05-02 13:00:00,451.7,20180900,463.0,20180600,451.7,20180900
2018-05-02 14:00:00,451.7,20180900,462.8,20180600,451.7,20180900
2018-05-02 15:00:00,451.7,20180900,461.6,20180600,451.7,20180900
2018-05-03 08:00:00,451.7,20180900,462.5,20180600,451.7,20180900
2018-05-03 12:00:00,451.7,20180900,461.4,20180600,451.7,20180900
2018-05-03 13:00:00,451.7,20180900,461.6,20180600,451.7,20180900
2018-05-03 15:00:00,451.7,20180900,460.1,20180600,451.7,20180900
2018-05-04 08:00:00,451.7,20180900,462.5,20180600,451.7,20180900
2018-05-04 15:00:00,451.7,20180900,462.4,20180600,451.7,20180900
2018-05-08 13:00:00,451.7,20180900,465.4,20180600,451.7,20180900
2018-05-08 14:00:00,451.7,20180900,466.3,20180600,451.7,20180900
2018-05-09 15:00:00,451.7,20180900,468.2,20180600,451.7,20180900
2018-05-14 10:00:00,451.7,20180900,468.1,20180600,451.7,20180900
2018-05-15 13:00:00,451.7,20180900,469.7,20180600,451.7,20180900
2018-05-15 14:00:00,451.7,20180900,469.6,20180600,451.7,20180900
2018-05-15 15:00:00,451.7,20180900,469.9,20180600,451.7,20180900
2018-05-16 15:00:00,451.7,20180900,468.8,20180600,451.7,20180900
2018-05-17 12:00:00,451.7,20180900,472.0,20180600,451.7,20180900
2018-05-18 12:00:00,451.7,20180900,471.5,20180600,451.7,20180900
2018-05-18 15:00:00,451.7,20180900,471.4,20180600,451.7,20180900
2018-05-24 12:00:00,451.7,20180900,470.0,20180600,451.7,20180900
2018-05-24 15:00:00,451.7,20180900,468.4,20180600,451.7,20180900
2018-05-29 15:00:00,451.7,20180900,460.1,20180600,451.7,20180900
2018-05-30 09:00:00,451.7,20180900,460.7,20180600,451.7,20180900
2018-05-30 14:00:00,451.7,20180900,461.8,20180600,451.7,20180900
2018-05-31 13:00:00,451.7,20180900,463.6,20180600,451.7,20180900
2018-06-01 14:00:00,451.7,20180900,465.5,20180600,451.7,20180900
2018-06-01 15:00:00,451.7,20180900,465.5,20180600,451.7,20180900
2018-06-04 07:00:00,451.7,20180900,467.8,20180600,451.7,20180900
2018-06-04 08:00:00,451.7,20180900,467.7,20180600,451.7,20180900
2018-06-04 09:00:00,451.7,20180900,468.0,20180600,451.7,20180900
2018-06-04 12:00:00,451.7,20180900,467.3,20180600,451.7,20180900
2018-06-04 14:00:00,451.7,20180900,467.3,20180600,451.7,20180900
2018-06-05 12:00:00,451.7,20180900,468.4,20180600,451.7,20180900
2018-06-06 15:00:00,451.7,20180900,467.2,20180600,451.7,20180900
2018-06-07 09:00:00,451.7,20180900,468.0,20180600,451.7,20180900
2018-06-07 14:00:00,451.7,20180900,465.6,20180600,451.7,20180900
2018-06-08 15:00:00,451.7,20180900,464.8,20180600,451.7,20180900
2018-06-11 07:00:00,451.7,20180900,467.3,20180600,451.7,20180900
2018-06-11 15:00:00,451.7,20180900,468.3,20180600,451.7,20180900
2018-06-12 07:00:00,466.3,20180900,469.0,20180600,466.3,20180900
2018-06-13 13:00:00,466.3,20181200,467.9,20180900,466.3,20181200
2018-06-13 15:00:00,466.3,20181200,467.7,20180900,466.3,20181200
2018-06-14 13:00:00,466.3,20181200,471.3,20180900,466.3,20181200
2018-06-14 14:00:00,466.3,20181200,472.3,20180900,466.3,20181200
2018-06-14 15:00:00,466.3,20181200,472.7,20180900,466.3,20181200
2018-06-18 07:00:00,466.3,20181200,464.1,20180900,466.3,20181200
2018-06-18 15:00:00,466.3,20181200,463.6,20180900,466.3,20181200
2018-06-19 07:00:00,466.3,20181200,458.1,20180900,466.3,20181200
2018-06-19 08:00:00,466.3,20181200,458.2,20180900,466.3,20181200
2018-06-19 09:00:00,466.3,20181200,459.9,20180900,466.3,20181200
2018-06-19 10:00:00,466.3,20181200,460.6,20180900,466.3,20181200
2018-06-19 11:00:00,466.3,20181200,459.8,20180900,466.3,20181200
2018-06-19 12:00:00,466.3,20181200,460.9,20180900,466.3,20181200
2018-06-19 13:00:00,466.3,20181200,460.3,20180900,466.3,20181200
2018-06-19 14:00:00,466.3,20181200,460.2,20180900,466.3,20181200
2018-06-19 15:00:00,466.3,20181200,461.2,20180900,466.3,20181200
2018-06-21 09:00:00,466.3,20181200,458.9,20180900,466.3,20181200
2018-06-21 13:00:00,466.3,20181200,459.1,20180900,466.3,20181200
2018-06-22 11:00:00,466.3,20181200,461.1,20180900,466.3,20181200
2018-06-22 12:00:00,466.3,20181200,461.3,20180900,466.3,20181200
2018-06-22 14:00:00,466.3,20181200,461.1,20180900,466.3,20181200
2018-06-22 15:00:00,466.3,20181200,460.1,20180900,466.3,20181200
2018-06-25 14:00:00,466.3,20181200,455.1,20180900,466.3,20181200
2018-06-25 15:00:00,466.3,20181200,454.0,20180900,466.3,20181200
2018-06-27 11:00:00,466.3,20181200,452.2,20180900,466.3,20181200
2018-06-27 12:00:00,466.3,20181200,456.0,20180900,466.3,20181200
2018-06-27 13:00:00,466.3,20181200,456.5,20180900,466.3,20181200
2018-06-27 14:00:00,466.3,20181200,456.3,20180900,466.3,20181200
2018-06-27 15:00:00,466.3,20181200,455.0,20180900,466.3,20181200
2018-06-28 09:00:00,466.3,20181200,453.4,20180900,466.3,20181200
2018-06-28 13:00:00,466.3,20181200,450.3,20180900,466.3,20181200
2018-06-29 15:00:00,466.3,20181200,455.0,20180900,466.3,20181200
2018-07-02 08:00:00,466.3,20181200,450.6,20180900,466.3,20181200
2018-07-02 14:00:00,466.3,20181200,450.7,20180900,466.3,20181200
2018-07-03 09:00:00,466.3,20181200,454.9,20180900,466.3,20181200
2018-07-03 11:00:00,466.3,20181200,454.8,20180900,466.3,20181200
2018-07-03 15:00:00,466.3,20181200,454.5,20180900,466.3,20181200
2018-07-05 07:00:00,466.3,20181200,456.5,20180900,466.3,20181200
2018-07-06 15:00:00,466.3,20181200,458.3,20180900,466.3,20181200
2018-07-09 10:00:00,466.3,20181200,461.4,20180900,466.3,20181200
2018-07-09 12:00:00,466.3,20181200,461.6,20180900,466.3,20181200
2018-07-09 13:00:00,466.3,20181200,461.5,20180900,466.3,20181200
2018-07-09 14:00:00,466.3,20181200,461.7,20180900,466.3,20181200
2018-07-09 15:00:00,466.3,20181200,461.7,20180900,466.3,20181200
2018-07-10 13:00:00,466.3,20181200,464.3,20180900,466.3,20181200
2018-07-10 14:00:00,466.3,20181200,464.1,20180900,466.3,20181200
2018-07-10 15:00:00,466.3,20181200,463.9,20180900,466.3,20181200
2018-07-11 15:00:00,466.3,20181200,460.7,20180900,466.3,20181200
2018-07-12 09:00:00,466.3,20181200,461.2,20180900,466.3,20181200
2018-07-12 10:00:00,466.3,20181200,462.0,20180900,466.3,20181200
2018-07-12 12:00:00,466.3,20181200,462.1,20180900,466.3,20181200
2018-07-12 13:00:00,466.3,20181200,462.0,20180900,466.3,20181200
2018-07-12 14:00:00,466.3,20181200,462.1,20180900,466.3,20181200
2018-07-12 15:00:00,466.3,20181200,462.3,20180900,466.3,20181200
2018-07-17 15:00:00,466.3,20181200,464.4,20180900,466.3,20181200
2018-07-18 11:00:00,466.3,20181200,465.4,20180900,466.3,20181200
2018-07-18 13:00:00,466.3,20181200,465.9,20180900,466.3,20181200
2018-07-18 14:00:00,466.3,20181200,465.1,20180900,466.3,20181200
2018-07-19 13:00:00,466.3,20181200,463.2,20180900,466.3,20181200
2018-07-20 07:00:00,466.3,20181200,461.8,20180900,466.3,20181200
2018-07-20 15:00:00,466.3,20181200,462.3,20180900,466.3,20181200
2018-07-24 10:00:00,466.3,20181200,465.2,20180900,466.3,20181200
2018-07-24 11:00:00,466.3,20181200,465.4,20180900,466.3,20181200
2018-07-24 12:00:00,466.3,20181200,465.4,20180900,466.3,20181200
2018-07-24 15:00:00,466.3,20181200,464.8,20180900,466.3,20181200
2018-07-25 07:00:00,466.3,20181200,465.4,20180900,466.3,20181200
2018-07-25 10:00:00,466.3,20181200,465.9,20180900,466.3,20181200
2018-07-26 13:00:00,466.3,20181200,466.8,20180900,466.3,20181200
2018-07-27 09:00:00,466.3,20181200,470.4,20180900,466.3,20181200
2018-07-27 10:00:00,466.3,20181200,470.3,20180900,466.3,20181200
2018-07-30 08:00:00,466.3,20181200,471.3,20180900,466.3,20181200
2018-07-30 13:00:00,466.3,20181200,471.0,20180900,466.3,20181200
2018-07-30 14:00:00,466.3,20181200,471.1,20180900,466.3,20181200
2018-07-31 10:00:00,466.3,20181200,471.5,20180900,466.3,20181200
2018-07-31 11:00:00,466.3,20181200,471.4,20180900,466.3,20181200
2018-08-01 13:00:00,466.3,20181200,470.8,20180900,466.3,20181200
2018-08-01 14:00:00,466.3,20181200,471.3,20180900,466.3,20181200
2018-08-01 15:00:00,466.3,20181200,469.9,20180900,466.3,20181200
2018-08-01 16:00:00,466.3,20181200,470.0,20180900,466.3,20181200
2018-08-02 08:00:00,466.3,20181200,468.0,20180900,466.3,20181200
2018-08-02 13:00:00,466.3,20181200,465.9,20180900,466.3,20181200
2018-08-03 09:00:00,466.3,20181200,470.0,20180900,466.3,20181200
2018-08-03 15:00:00,466.3,20181200,470.3,20180900,466.3,20181200
2018-08-06 09:00:00,466.3,20181200,469.3,20180900,466.3,20181200
2018-08-07 07:00:00,466.3,20181200,470.7,20180900,466.3,20181200
2018-08-13 07:00:00,466.3,20181200,463.4,20180900,466.3,20181200
2018-08-13 15:00:00,466.3,20181200,464.6,20180900,466.3,20181200
2018-08-14 08:00:00,466.3,20181200,464.9,20180900,466.3,20181200
2018-08-14 14:00:00,466.3,20181200,463.2,20180900,466.3,20181200
2018-08-15 15:00:00,466.3,20181200,455.5,20180900,466.3,20181200
2018-08-16 08:00:00,466.3,20181200,458.0,20180900,466.3,20181200
2018-08-16 09:00:00,466.3,20181200,458.2,20180900,466.3,20181200
2018-08-16 10:00:00,466.3,20181200,459.4,20180900,466.3,20181200
2018-08-16 11:00:00,466.3,20181200,458.3,20180900,466.3,20181200
2018-08-16 12:00:00,466.3,20181200,457.7,20180900,466.3,20181200
2018-08-16 13:00:00,466.3,20181200,457.9,20180900,466.3,20181200
2018-08-16 14:00:00,466.3,20181200,459.3,20180900,466.3,20181200
2018-08-16 15:00:00,466.3,20181200,459.8,20180900,466.3,20181200
2018-08-17 08:00:00,466.3,20181200,459.3,20180900,466.3,20181200
2018-08-17 09:00:00,466.3,20181200,457.7,20180900,466.3,20181200
2018-08-17 10:00:00,466.3,20181200,457.2,20180900,466.3,20181200
2018-08-17 13:00:00,466.3,20181200,456.4,20180900,466.3,20181200
2018-08-17 15:00:00,466.3,20181200,458.5,20180900,466.3,20181200
2018-08-22 12:00:00,466.3,20181200,464.7,20180900,466.3,20181200
2018-08-22 13:00:00,466.3,20181200,464.9,20180900,466.3,20181200
2018-08-22 15:00:00,466.3,20181200,464.9,20180900,466.3,20181200
2018-08-23 13:00:00,466.3,20181200,464.2,20180900,466.3,20181200
2018-08-24 07:00:00,466.3,20181200,465.8,20180900,466.3,20181200
2018-08-24 08:00:00,466.3,20181200,464.9,20180900,466.3,20181200
2018-08-24 14:00:00,466.3,20181200,465.6,20180900,466.3,20181200
2018-08-27 14:00:00,466.3,20181200,469.1,20180900,466.3,20181200
2018-08-28 15:00:00,466.3,20181200,470.7,20180900,466.3,20181200
2018-08-30 12:00:00,466.3,20181200,467.1,20180900,466.3,20181200
2018-08-30 13:00:00,466.3,20181200,467.5,20180900,466.3,20181200
2018-08-30 14:00:00,466.3,20181200,467.5,20180900,466.3,20181200
2018-08-31 07:00:00,466.3,20181200,464.6,20180900,466.3,20181200
2018-08-31 13:00:00,466.3,20181200,463.3,20180900,466.3,20181200
2018-08-31 15:00:00,466.3,20181200,463.1,20180900,466.3,20181200
2018-09-03 07:00:00,466.3,20181200,463.4,20180900,466.3,20181200
2018-09-03 09:00:00,466.3,20181200,463.5,20180900,466.3,20181200
2018-09-03 10:00:00,466.3,20181200,464.0,20180900,466.3,20181200
2018-09-03 12:00:00,466.3,20181200,463.8,20180900,466.3,20181200
2018-09-03 14:00:00,466.3,20181200,463.1,20180900,466.3,20181200
2018-09-04 07:00:00,466.3,20181200,464.7,20180900,466.3,20181200
2018-09-04 08:00:00,466.3,20181200,463.7,20180900,466.3,20181200
2018-09-04 12:00:00,466.3,20181200,460.8,20180900,466.3,20181200
2018-09-04 15:00:00,466.3,20181200,463.0,20180900,466.3,20181200
2018-09-05 07:00:00,466.3,20181200,460.3,20180900,466.3,20181200
2018-09-05 08:00:00,466.3,20181200,459.7,20180900,466.3,20181200
2018-09-05 14:00:00,466.3,20181200,457.9,20180900,466.3,20181200
2018-09-06 07:00:00,466.3,20181200,455.9,20180900,466.3,20181200
2018-09-06 10:00:00,466.3,20181200,456.4,20180900,466.3,20181200
2018-09-06 12:00:00,466.3,20181200,456.7,20180900,466.3,20181200
2018-09-06 13:00:00,466.3,20181200,456.1,20180900,466.3,20181200
2018-09-06 14:00:00,466.3,20181200,456.0,20180900,466.3,20181200
2018-09-06 15:00:00,466.3,20181200,455.5,20180900,466.3,20181200
2018-09-07 08:00:00,466.3,20181200,455.0,20180900,466.3,20181200
2018-09-07 10:00:00,466.3,20181200,453.9,20180900,466.3,20181200
2018-09-07 15:00:00,466.3,20181200,455.5,20180900,466.3,20181200
2018-09-10 07:00:00,466.3,20181200,456.3,20180900,466.3,20181200
2018-09-10 08:00:00,466.3,20181200,458.1,20180900,466.3,20181200
2018-09-10 09:00:00,466.3,20181200,458.7,20180900,466.3,20181200
2018-09-10 10:00:00,466.3,20181200,460.1,20180900,466.3,20181200
2018-09-10 11:00:00,466.3,20181200,460.1,20180900,466.3,20181200
2018-09-10 12:00:00,466.3,20181200,460.4,20180900,466.3,20181200
2018-09-10 13:00:00,466.3,20181200,460.7,20180900,466.3,20181200
2018-09-10 14:00:00,466.3,20181200,460.1,20180900,466.3,20181200
2018-09-10 15:00:00,466.3,20181200,460.3,20180900,466.3,20181200
2018-09-11 07:00:00,466.3,20181200,461.1,20180900,466.3,20181200
2018-09-11 10:00:00,466.3,20181200,459.1,20180900,466.3,20181200
2018-09-11 13:00:00,466.3,20181200,459.0,20180900,466.3,20181200
2018-09-11 15:00:00,466.3,20181200,459.5,20180900,466.3,20181200
2018-09-12 08:00:00,466.3,20181200,462.5,20180900,466.3,20181200
2018-09-12 09:00:00,466.3,20181200,461.5,20180900,466.3,20181200
2018-09-12 10:00:00,466.3,20181200,461.7,20180900,466.3,20181200
2018-09-12 11:00:00,466.3,20181200,460.5,20180900,466.3,20181200
2018-09-12 12:00:00,466.3,20181200,460.6,20180900,466.3,20181200
2018-09-12 13:00:00,466.3,20181200,461.1,20180900,466.3,20181200
2018-09-12 14:00:00,466.3,20181200,460.6,20180900,466.3,20181200
2018-09-12 15:00:00,466.3,20181200,461.5,20180900,466.3,20181200
2018-09-13 08:00:00,466.3,20181200,461.8,20180900,466.3,20181200
2018-09-13 10:00:00,466.3,20181200,460.0,20180900,466.3,20181200
2018-09-13 11:00:00,459.2,20181200,460.9,20180900,459.2,20181200
2018-09-18 11:00:00,459.2,20190300,459.9,20181200,459.2,20190300
2018-09-18 12:00:00,459.2,20190300,460.0,20181200,459.2,20190300
2018-09-18 13:00:00,459.2,20190300,460.5,20181200,459.2,20190300
2018-09-18 14:00:00,459.2,20190300,460.3,20181200,459.2,20190300
2018-09-18 15:00:00,459.2,20190300,460.8,20181200,459.2,20190300
2018-09-19 09:00:00,459.2,20190300,461.4,20181200,459.2,20190300
2018-09-19 11:00:00,459.2,20190300,461.2,20181200,459.2,20190300
2018-09-19 13:00:00,459.2,20190300,461.3,20181200,459.2,20190300
2018-09-20 13:00:00,459.2,20190300,463.8,20181200,459.2,20190300
2018-09-21 08:00:00,459.2,20190300,466.2,20181200,459.2,20190300
2018-09-21 09:00:00,459.2,20190300,465.2,20181200,459.2,20190300
2018-09-21 10:00:00,459.2,20190300,465.1,20181200,459.2,20190300
2018-09-21 11:00:00,459.2,20190300,463.4,20181200,459.2,20190300
2018-09-21 13:00:00,459.2,20190300,464.8,20181200,459.2,20190300
2018-09-21 14:00:00,459.2,20190300,464.3,20181200,459.2,20190300
2018-09-21 15:00:00,459.2,20190300,464.6,20181200,459.2,20190300
2018-09-24 10:00:00,459.2,20190300,463.4,20181200,459.2,20190300
2018-09-24 11:00:00,459.2,20190300,463.1,20181200,459.2,20190300
2018-09-24 12:00:00,459.2,20190300,463.3,20181200,459.2,20190300
2018-09-24 13:00:00,459.2,20190300,462.3,20181200,459.2,20190300
2018-09-24 14:00:00,459.2,20190300,462.1,20181200,459.2,20190300
2018-09-24 15:00:00,459.2,20190300,461.5,20181200,459.2,20190300
2018-09-25 07:00:00,459.2,20190300,463.1,20181200,459.2,20190300
2018-09-25 08:00:00,459.2,20190300,463.4,20181200,459.2,20190300
2018-09-25 09:00:00,459.2,20190300,463.7,20181200,459.2,20190300
2018-09-25 10:00:00,459.2,20190300,464.5,20181200,459.2,20190300
2018-09-25 11:00:00,459.2,20190300,464.3,20181200,459.2,20190300
2018-09-25 12:00:00,459.2,20190300,463.6,20181200,459.2,20190300
2018-09-25 14:00:00,459.2,20190300,462.7,20181200,459.2,20190300
2018-09-26 07:00:00,459.2,20190300,462.3,20181200,459.2,20190300
2018-09-26 08:00:00,459.2,20190300,462.4,20181200,459.2,20190300
2018-09-26 10:00:00,459.2,20190300,462.3,20181200,459.2,20190300
2018-09-26 14:00:00,459.2,20190300,461.8,20181200,459.2,20190300
2018-09-26 15:00:00,459.2,20190300,462.9,20181200,459.2,20190300
2018-09-27 07:00:00,459.2,20190300,459.1,20181200,459.2,20190300
2018-09-27 08:00:00,459.2,20190300,459.8,20181200,459.2,20190300
2018-09-27 11:00:00,459.2,20190300,461.1,20181200,459.2,20190300
2018-09-27 13:00:00,459.2,20190300,462.3,20181200,459.2,20190300
2018-09-27 15:00:00,459.2,20190300,463.1,20181200,459.2,20190300
2018-09-28 10:00:00,459.2,20190300,457.4,20181200,459.2,20190300
2018-09-28 12:00:00,459.2,20190300,457.1,20181200,459.2,20190300
2018-09-28 15:00:00,459.2,20190300,458.2,20181200,459.2,20190300
2018-10-01 08:00:00,459.2,20190300,460.1,20181200,459.2,20190300
2018-10-01 11:00:00,459.2,20190300,460.8,20181200,459.2,20190300
2018-10-01 12:00:00,459.2,20190300,460.6,20181200,459.2,20190300
2018-10-01 13:00:00,459.2,20190300,460.0,20181200,459.2,20190300
2018-10-01 14:00:00,459.2,20190300,460.7,20181200,459.2,20190300
2018-10-01 15:00:00,459.2,20190300,458.5,20181200,459.2,20190300
2018-10-02 07:00:00,459.2,20190300,456.8,20181200,459.2,20190300
2018-10-02 10:00:00,459.2,20190300,455.9,20181200,459.2,20190300
2018-10-02 11:00:00,459.2,20190300,456.5,20181200,459.2,20190300
2018-10-02 15:00:00,459.2,20190300,457.5,20181200,459.2,20190300
2018-10-03 07:00:00,459.2,20190300,458.4,20181200,459.2,20190300
2018-10-03 08:00:00,459.2,20190300,458.3,20181200,459.2,20190300
2018-10-03 13:00:00,459.2,20190300,460.2,20181200,459.2,20190300
2018-10-03 15:00:00,459.2,20190300,460.6,20181200,459.2,20190300
2018-10-04 07:00:00,459.2,20190300,457.2,20181200,459.2,20190300
2018-10-04 11:00:00,459.2,20190300,457.1,20181200,459.2,20190300
2018-10-04 13:00:00,459.2,20190300,456.0,20181200,459.2,20190300
2018-10-04 14:00:00,459.2,20190300,454.3,20181200,459.2,20190300
2018-10-04 15:00:00,459.2,20190300,454.3,20181200,459.2,20190300
2018-10-05 07:00:00,459.2,20190300,451.8,20181200,459.2,20190300
2018-10-05 09:00:00,459.2,20190300,450.3,20181200,459.2,20190300
2018-10-05 10:00:00,459.2,20190300,451.2,20181200,459.2,20190300
2018-10-05 11:00:00,459.2,20190300,451.5,20181200,459.2,20190300
2018-10-05 14:00:00,459.2,20190300,449.7,20181200,459.2,20190300
2018-10-05 15:00:00,459.2,20190300,450.3,20181200,459.2,20190300
2018-10-08 10:00:00,459.2,20190300,445.2,20181200,459.2,20190300
2018-10-08 11:00:00,459.2,20190300,444.9,20181200,459.2,20190300
2018-10-08 13:00:00,459.2,20190300,443.8,20181200,459.2,20190300
2018-10-08 14:00:00,459.2,20190300,443.9,20181200,459.2,20190300
2018-10-08 15:00:00,459.2,20190300,443.6,20181200,459.2,20190300
2018-10-09 07:00:00,459.2,20190300,445.1,20181200,459.2,20190300
2018-10-09 08:00:00,459.2,20190300,444.6,20181200,459.2,20190300
2018-10-09 09:00:00,459.2,20190300,443.4,20181200,459.2,20190300
2018-10-09 11:00:00,459.2,20190300,440.4,20181200,459.2,20190300
2018-10-09 12:00:00,459.2,20190300,440.8,20181200,459.2,20190300
2018-10-09 13:00:00,459.2,20190300,442.3,20181200,459.2,20190300
2018-10-09 14:00:00,459.2,20190300,444.2,20181200,459.2,20190300
2018-10-09 15:00:00,459.2,20190300,444.1,20181200,459.2,20190300
2018-10-10 07:00:00,459.2,20190300,441.9,20181200,459.2,20190300
2018-10-10 08:00:00,459.2,20190300,439.6,20181200,459.2,20190300
2018-10-10 09:00:00,459.2,20190300,439.0,20181200,459.2,20190300
2018-10-10 14:00:00,459.2,20190300,434.4,20181200,459.2,20190300
2018-10-10 15:00:00,459.2,20190300,433.7,20181200,459.2,20190300
2018-10-11 08:00:00,459.2,20190300,425.3,20181200,459.2,20190300
2018-10-11 09:00:00,459.2,20190300,424.7,20181200,459.2,20190300
2018-10-11 12:00:00,459.2,20190300,425.7,20181200,459.2,20190300
2018-10-11 13:00:00,459.2,20190300,426.0,20181200,459.2,20190300
2018-10-11 14:00:00,459.2,20190300,426.3,20181200,459.2,20190300
2018-10-11 15:00:00,459.2,20190300,424.3,20181200,459.2,20190300
2018-10-12 07:00:00,459.2,20190300,428.3,20181200,459.2,20190300
2018-10-12 08:00:00,459.2,20190300,425.8,20181200,459.2,20190300
2018-10-12 09:00:00,459.2,20190300,425.3,20181200,459.2,20190300
2018-10-12 11:00:00,459.2,20190300,426.2,20181200,459.2,20190300
2018-10-12 14:00:00,459.2,20190300,424.6,20181200,459.2,20190300
2018-10-12 15:00:00,459.2,20190300,424.0,20181200,459.2,20190300
2018-10-15 08:00:00,459.2,20190300,420.6,20181200,459.2,20190300
2018-10-15 09:00:00,459.2,20190300,422.4,20181200,459.2,20190300
2018-10-15 10:00:00,459.2,20190300,422.2,20181200,459.2,20190300
2018-10-15 12:00:00,459.2,20190300,423.3,20181200,459.2,20190300
2018-10-15 13:00:00,459.2,20190300,423.3,20181200,459.2,20190300
2018-10-15 14:00:00,459.2,20190300,423.2,20181200,459.2,20190300
2018-10-15 15:00:00,459.2,20190300,423.5,20181200,459.2,20190300
2018-10-16 07:00:00,459.2,20190300,426.2,20181200,459.2,20190300
2018-10-16 08:00:00,459.2,20190300,427.1,20181200,459.2,20190300
2018-10-16 10:00:00,459.2,20190300,428.3,20181200,459.2,20190300
2018-10-16 12:00:00,459.2,20190300,431.1,20181200,459.2,20190300
2018-10-16 13:00:00,459.2,20190300,431.0,20181200,459.2,20190300
2018-10-16 14:00:00,459.2,20190300,432.5,20181200,459.2,20190300
2018-10-16 15:00:00,459.2,20190300,432.2,20181200,459.2,20190300
2018-10-17 07:00:00,459.2,20190300,435.9,20181200,459.2,20190300
2018-10-17 12:00:00,459.2,20190300,432.6,20181200,459.2,20190300
2018-10-17 13:00:00,459.2,20190300,431.2,20181200,459.2,20190300
2018-10-17 14:00:00,459.2,20190300,430.5,20181200,459.2,20190300
2018-10-17 15:00:00,459.2,20190300,431.6,20181200,459.2,20190300
2018-10-18 07:00:00,459.2,20190300,433.0,20181200,459.2,20190300
2018-10-18 09:00:00,459.2,20190300,434.3,20181200,459.2,20190300
2018-10-18 10:00:00,459.2,20190300,433.3,20181200,459.2,20190300
2018-10-18 11:00:00,459.2,20190300,433.4,20181200,459.2,20190300
2018-10-18 14:00:00,459.2,20190300,430.6,20181200,459.2,20190300
2018-10-18 15:00:00,459.2,20190300,429.2,20181200,459.2,20190300
2018-10-19 07:00:00,459.2,20190300,429.1,20181200,459.2,20190300
2018-10-19 08:00:00,459.2,20190300,425.5,20181200,459.2,20190300
2018-10-19 09:00:00,459.2,20190300,425.0,20181200,459.2,20190300
2018-10-19 10:00:00,459.2,20190300,424.4,20181200,459.2,20190300
2018-10-19 11:00:00,459.2,20190300,426.5,20181200,459.2,20190300
2018-10-19 12:00:00,459.2,20190300,426.8,20181200,459.2,20190300
2018-10-19 14:00:00,459.2,20190300,427.0,20181200,459.2,20190300
2018-10-19 15:00:00,459.2,20190300,427.1,20181200,459.2,20190300
2018-10-22 08:00:00,459.2,20190300,429.8,20181200,459.2,20190300
2018-10-22 09:00:00,459.2,20190300,429.2,20181200,459.2,20190300
2018-10-22 12:00:00,459.2,20190300,428.5,20181200,459.2,20190300
2018-10-22 14:00:00,459.2,20190300,426.0,20181200,459.2,20190300
2018-10-22 15:00:00,459.2,20190300,424.9,20181200,459.2,20190300
2018-10-23 07:00:00,459.2,20190300,419.5,20181200,459.2,20190300
2018-10-23 08:00:00,459.2,20190300,416.9,20181200,459.2,20190300
2018-10-23 09:00:00,459.2,20190300,417.4,20181200,459.2,20190300
2018-10-23 10:00:00,459.2,20190300,417.9,20181200,459.2,20190300
2018-10-23 11:00:00,459.2,20190300,417.7,20181200,459.2,20190300
2018-10-23 12:00:00,459.2,20190300,417.5,20181200,459.2,20190300
2018-10-23 13:00:00,459.2,20190300,416.7,20181200,459.2,20190300
2018-10-23 14:00:00,459.2,20190300,416.1,20181200,459.2,20190300
2018-10-23 15:00:00,459.2,20190300,415.7,20181200,459.2,20190300
2018-10-24 08:00:00,459.2,20190300,416.9,20181200,459.2,20190300
2018-10-24 09:00:00,459.2,20190300,417.1,20181200,459.2,20190300
2018-10-24 11:00:00,459.2,20190300,419.2,20181200,459.2,20190300
2018-10-24 12:00:00,459.2,20190300,420.1,20181200,459.2,20190300
2018-10-24 13:00:00,459.2,20190300,418.2,20181200,459.2,20190300
2018-10-24 14:00:00,459.2,20190300,415.4,20181200,459.2,20190300
2018-10-24 15:00:00,459.2,20190300,413.3,20181200,459.2,20190300
2018-10-25 07:00:00,459.2,20190300,413.9,20181200,459.2,20190300
2018-10-25 08:00:00,459.2,20190300,415.6,20181200,459.2,20190300
2018-10-25 09:00:00,459.2,20190300,418.0,20181200,459.2,20190300
2018-10-25 14:00:00,459.2,20190300,419.4,20181200,459.2,20190300
2018-10-25 15:00:00,459.2,20190300,417.7,20181200,459.2,20190300
2018-10-26 07:00:00,459.2,20190300,413.9,20181200,459.2,20190300
2018-10-26 10:00:00,459.2,20190300,412.2,20181200,459.2,20190300
2018-10-26 12:00:00,459.2,20190300,414.8,20181200,459.2,20190300
2018-10-26 13:00:00,459.2,20190300,415.0,20181200,459.2,20190300
2018-10-26 14:00:00,459.2,20190300,414.2,20181200,459.2,20190300
2018-10-26 15:00:00,459.2,20190300,414.5,20181200,459.2,20190300
2018-10-29 11:00:00,459.2,20190300,422.7,20181200,459.2,20190300
2018-10-29 12:00:00,459.2,20190300,423.5,20181200,459.2,20190300
2018-10-29 13:00:00,459.2,20190300,423.7,20181200,459.2,20190300
2018-10-29 15:00:00,459.2,20190300,422.7,20181200,459.2,20190300
2018-10-29 16:00:00,459.2,20190300,420.5,20181200,459.2,20190300
2018-10-30 08:00:00,459.2,20190300,420.3,20181200,459.2,20190300
2018-10-30 09:00:00,459.2,20190300,419.4,20181200,459.2,20190300
2018-10-30 10:00:00,459.2,20190300,420.3,20181200,459.2,20190300
2018-10-30 12:00:00,459.2,20190300,420.1,20181200,459.2,20190300
2018-10-30 13:00:00,459.2,20190300,419.9,20181200,459.2,20190300
2018-10-30 14:00:00,459.2,20190300,419.4,20181200,459.2,20190300
2018-10-30 16:00:00,459.2,20190300,421.1,20181200,459.2,20190300
2018-10-31 08:00:00,459.2,20190300,427.6,20181200,459.2,20190300
2018-10-31 10:00:00,459.2,20190300,426.4,20181200,459.2,20190300
2018-10-31 11:00:00,459.2,20190300,427.1,20181200,459.2,20190300
2018-10-31 12:00:00,459.2,20190300,426.3,20181200,459.2,20190300
2018-10-31 14:00:00,459.2,20190300,427.5,20181200,459.2,20190300
2018-10-31 15:00:00,459.2,20190300,426.4,20181200,459.2,20190300
2018-10-31 16:00:00,459.2,20190300,426.7,20181200,459.2,20190300
2018-11-01 14:00:00,459.2,20190300,427.4,20181200,459.2,20190300
2018-11-01 15:00:00,459.2,20190300,427.9,20181200,459.2,20190300
2018-11-01 16:00:00,459.2,20190300,427.1,20181200,459.2,20190300
2018-11-02 08:00:00,459.2,20190300,434.9,20181200,459.2,20190300
2018-11-02 09:00:00,459.2,20190300,434.1,20181200,459.2,20190300
2018-11-02 10:00:00,459.2,20190300,435.0,20181200,459.2,20190300
2018-11-02 14:00:00,459.2,20190300,432.4,20181200,459.2,20190300
2018-11-02 15:00:00,459.2,20190300,431.7,20181200,459.2,20190300
2018-11-02 16:00:00,459.2,20190300,432.2,20181200,459.2,20190300
2018-11-05 15:00:00,459.2,20190300,430.4,20181200,459.2,20190300
2018-11-05 16:00:00,459.2,20190300,429.6,20181200,459.2,20190300
2018-11-06 10:00:00,459.2,20190300,427.9,20181200,459.2,20190300
2018-11-06 11:00:00,459.2,20190300,427.9,20181200,459.2,20190300
2018-11-06 12:00:00,459.2,20190300,428.6,20181200,459.2,20190300
2018-11-06 16:00:00,459.2,20190300,429.1,20181200,459.2,20190300
2018-11-07 10:00:00,459.2,20190300,434.5,20181200,459.2,20190300
2018-11-07 13:00:00,459.2,20190300,433.6,20181200,459.2,20190300
2018-11-07 14:00:00,459.2,20190300,432.9,20181200,459.2,20190300
2018-11-07 15:00:00,459.2,20190300,434.1,20181200,459.2,20190300
2018-11-07 16:00:00,459.2,20190300,434.0,20181200,459.2,20190300
2018-11-08 08:00:00,459.2,20190300,437.6,20181200,459.2,20190300
2018-11-08 09:00:00,459.2,20190300,436.8,20181200,459.2,20190300
2018-11-08 10:00:00,459.2,20190300,435.1,20181200,459.2,20190300
2018-11-08 11:00:00,459.2,20190300,435.2,20181200,459.2,20190300
2018-11-08 12:00:00,459.2,20190300,435.4,20181200,459.2,20190300
2018-11-08 13:00:00,459.2,20190300,435.2,20181200,459.2,20190300
2018-11-08 14:00:00,459.2,20190300,435.5,20181200,459.2,20190300
2018-11-08 15:00:00,459.2,20190300,434.8,20181200,459.2,20190300
2018-11-08 16:00:00,459.2,20190300,433.7,20181200,459.2,20190300
2018-11-09 08:00:00,459.2,20190300,431.6,20181200,459.2,20190300
2018-11-09 09:00:00,459.2,20190300,432.6,20181200,459.2,20190300
2018-11-09 16:00:00,459.2,20190300,432.1,20181200,459.2,20190300
2018-11-12 09:00:00,459.2,20190300,431.2,20181200,459.2,20190300
2018-11-12 10:00:00,459.2,20190300,431.9,20181200,459.2,20190300
2018-11-12 12:00:00,459.2,20190300,430.8,20181200,459.2,20190300
2018-11-12 13:00:00,459.2,20190300,430.5,20181200,459.2,20190300
2018-11-12 14:00:00,459.2,20190300,429.7,20181200,459.2,20190300
2018-11-13 09:00:00,459.2,20190300,429.4,20181200,459.2,20190300
2018-11-13 10:00:00,459.2,20190300,429.0,20181200,459.2,20190300
2018-11-13 11:00:00,459.2,20190300,429.8,20181200,459.2,20190300
2018-11-13 13:00:00,459.2,20190300,428.6,20181200,459.2,20190300
2018-11-13 16:00:00,459.2,20190300,430.5,20181200,459.2,20190300
2018-11-14 10:00:00,459.2,20190300,427.6,20181200,459.2,20190300
2018-11-14 12:00:00,459.2,20190300,430.4,20181200,459.2,20190300
2018-11-14 13:00:00,459.2,20190300,432.4,20181200,459.2,20190300
2018-11-14 14:00:00,459.2,20190300,432.1,20181200,459.2,20190300
2018-11-15 10:00:00,459.2,20190300,427.7,20181200,459.2,20190300
2018-11-15 11:00:00,459.2,20190300,426.7,20181200,459.2,20190300
2018-11-15 13:00:00,459.2,20190300,426.4,20181200,459.2,20190300
2018-11-15 14:00:00,459.2,20190300,424.1,20181200,459.2,20190300
2018-11-15 15:00:00,459.2,20190300,422.2,20181200,459.2,20190300
2018-11-15 16:00:00,459.2,20190300,423.8,20181200,459.2,20190300
2018-11-16 08:00:00,459.2,20190300,427.6,20181200,459.2,20190300
2018-11-16 09:00:00,459.2,20190300,426.1,20181200,459.2,20190300
2018-11-16 10:00:00,459.2,20190300,424.1,20181200,459.2,20190300
2018-11-16 11:00:00,459.2,20190300,424.2,20181200,459.2,20190300
2018-11-16 12:00:00,459.2,20190300,422.3,20181200,459.2,20190300
2018-11-16 15:00:00,459.2,20190300,423.9,20181200,459.2,20190300
2018-11-16 16:00:00,459.2,20190300,423.9,20181200,459.2,20190300
2018-11-19 09:00:00,459.2,20190300,424.4,20181200,459.2,20190300
2018-11-19 10:00:00,459.2,20190300,423.7,20181200,459.2,20190300
2018-11-19 13:00:00,459.2,20190300,423.6,20181200,459.2,20190300
2018-11-19 16:00:00,459.2,20190300,419.8,20181200,459.2,20190300
2018-11-20 08:00:00,459.2,20190300,415.7,20181200,459.2,20190300
2018-11-20 09:00:00,459.2,20190300,416.0,20181200,459.2,20190300
2018-11-20 10:00:00,459.2,20190300,414.7,20181200,459.2,20190300
2018-11-20 11:00:00,459.2,20190300,414.8,20181200,459.2,20190300
2018-11-20 12:00:00,459.2,20190300,413.8,20181200,459.2,20190300
2018-11-20 14:00:00,459.2,20190300,410.1,20181200,459.2,20190300
2018-11-20 15:00:00,459.2,20190300,412.4,20181200,459.2,20190300
2018-11-20 16:00:00,459.2,20190300,412.3,20181200,459.2,20190300
2018-11-21 08:00:00,459.2,20190300,413.2,20181200,459.2,20190300
2018-11-21 09:00:00,459.2,20190300,413.1,20181200,459.2,20190300
2018-11-21 10:00:00,459.2,20190300,412.5,20181200,459.2,20190300
2018-11-21 12:00:00,459.2,20190300,412.8,20181200,459.2,20190300
2018-11-21 14:00:00,459.2,20190300,413.6,20181200,459.2,20190300
2018-11-21 15:00:00,459.2,20190300,415.6,20181200,459.2,20190300
2018-11-21 16:00:00,459.2,20190300,416.1,20181200,459.2,20190300
2018-11-22 08:00:00,412.1,20190300,413.6,20181200,412.1,20190300
2018-11-22 13:00:00,412.1,20190300,413.4,20181200,412.1,20190300
2018-11-22 14:00:00,412.1,20190300,412.0,20181200,412.1,20190300
2018-11-26 08:00:00,412.1,20190300,417.9,20181200,412.1,20190300
2018-11-26 15:00:00,412.1,20190300,416.9,20181200,412.1,20190300
2018-11-26 16:00:00,412.1,20190300,417.4,20181200,412.1,20190300
2018-11-27 15:00:00,412.1,20190300,415.4,20181200,412.1,20190300
2018-11-28 16:00:00,412.1,20190300,414.6,20181200,412.1,20190300
2018-11-29 12:00:00,412.1,20190300,417.0,20181200,412.1,20190300
2018-11-29 16:00:00,412.1,20190300,417.2,20181200,412.1,20190300
2018-11-30 16:00:00,412.1,20190300,415.6,20181200,412.1,20190300
2018-12-03 09:00:00,412.1,20190300,422.6,20181200,412.1,20190300
2018-12-03 11:00:00,412.1,20190300,421.8,20181200,412.1,20190300
2018-12-03 15:00:00,412.1,20190300,420.8,20181200,412.1,20190300
2018-12-03 16:00:00,412.1,20190300,420.7,20181200,412.1,20190300
2018-12-04 08:00:00,412.1,20190300,419.2,20181200,412.1,20190300
2018-12-04 10:00:00,412.1,20190300,418.1,20181200,412.1,20190300
2018-12-04 16:00:00,412.1,20190300,415.2,20181200,412.1,20190300
2018-12-05 09:00:00,412.1,20190300,412.3,20181200,412.1,20190300
2018-12-05 16:00:00,412.1,20190300,411.7,20181200,412.1,20190300
2018-12-06 09:00:00,412.1,20190300,403.6,20181200,412.1,20190300
2018-12-06 12:00:00,412.1,20190300,400.6,20181200,412.1,20190300
2018-12-06 16:00:00,412.1,20190300,397.0,20181200,412.1,20190300
2018-12-07 08:00:00,412.1,20190300,404.0,20181200,412.1,20190300
2018-12-07 14:00:00,412.1,20190300,404.7,20181200,412.1,20190300
2018-12-10 13:00:00,412.1,20190300,397.0,20181200,412.1,20190300
2018-12-10 14:00:00,412.1,20190300,397.3,20181200,412.1,20190300
2018-12-10 15:00:00,412.1,20190300,394.0,20181200,412.1,20190300
2018-12-10 16:00:00,412.1,20190300,392.5,20181200,412.1,20190300
2018-12-11 16:00:00,412.1,20190300,398.4,20181200,412.1,20190300
2018-12-12 11:00:00,412.1,20190300,401.6,20181200,412.1,20190300
2018-12-12 15:00:00,412.1,20190300,405.3,20181200,412.1,20190300
2018-12-12 16:00:00,412.1,20190300,405.0,20181200,412.1,20190300
2018-12-13 08:00:00,412.1,20190300,405.7,20181200,412.1,20190300
2018-12-13 09:00:00,412.1,20190300,403.8,20181200,412.1,20190300
2018-12-13 12:00:00,412.1,20190300,404.4,20181200,412.1,20190300
2018-12-13 14:00:00,412.1,20190300,405.3,20181200,412.1,20190300
2018-12-13 15:00:00,412.1,20190300,405.1,20181200,412.1,20190300
2018-12-13 16:00:00,412.1,20190300,405.0,20181200,412.1,20190300
2018-12-14 08:00:00,412.1,20190300,399.7,20181200,412.1,20190300
2018-12-14 09:00:00,412.1,20190300,399.2,20181200,412.1,20190300
2018-12-14 10:00:00,412.1,20190300,400.7,20181200,412.1,20190300
2018-12-14 11:00:00,412.1,20190300,400.5,20181200,412.1,20190300
2018-12-14 12:00:00,412.1,20190300,401.0,20181200,412.1,20190300
2018-12-14 14:00:00,400.7,20190300,402.5,20181200,400.7,20190300
2018-12-19 14:00:00,400.7,20190600,395.1,20190300,400.7,20190600
2018-12-19 15:00:00,400.7,20190600,394.6,20190300,400.7,20190600
2018-12-20 09:00:00,400.7,20190600,390.1,20190300,400.7,20190600
2018-12-20 13:00:00,400.7,20190600,388.2,20190300,400.7,20190600
2018-12-20 16:00:00,400.7,20190600,387.0,20190300,400.7,20190600
2018-12-21 09:00:00,400.7,20190600,383.5,20190300,400.7,20190600
2018-12-21 10:00:00,400.7,20190600,383.2,20190300,400.7,20190600
2018-12-21 13:00:00,400.7,20190600,386.5,20190300,400.7,20190600
2018-12-21 14:00:00,400.7,20190600,385.5,20190300,400.7,20190600
2018-12-21 15:00:00,400.7,20190600,384.6,20190300,400.7,20190600
2018-12-21 16:00:00,400.7,20190600,385.1,20190300,400.7,20190600
2018-12-27 08:00:00,400.7,20190600,385.4,20190300,400.7,20190600
2018-12-27 09:00:00,400.7,20190600,383.1,20190300,400.7,20190600
2018-12-27 12:00:00,400.7,20190600,380.4,20190300,400.7,20190600
2018-12-27 13:00:00,400.7,20190600,380.9,20190300,400.7,20190600
2018-12-27 15:00:00,400.7,20190600,377.0,20190300,400.7,20190600
2018-12-27 16:00:00,400.7,20190600,381.0,20190300,400.7,20190600
2018-12-28 08:00:00,400.7,20190600,381.1,20190300,400.7,20190600
2018-12-28 09:00:00,400.7,20190600,384.0,20190300,400.7,20190600
2018-12-28 10:00:00,400.7,20190600,384.5,20190300,400.7,20190600
2018-12-28 11:00:00,400.7,20190600,384.2,20190300,400.7,20190600
2018-12-28 13:00:00,400.7,20190600,385.2,20190300,400.7,20190600
2018-12-28 14:00:00,400.7,20190600,386.1,20190300,400.7,20190600
2018-12-28 16:00:00,400.7,20190600,385.8,20190300,400.7,20190600
2019-01-02 08:00:00,400.7,20190600,381.9,20190300,400.7,20190600
2019-01-02 09:00:00,400.7,20190600,383.9,20190300,400.7,20190600
2019-01-02 10:00:00,400.7,20190600,385.0,20190300,400.7,20190600
2019-01-02 12:00:00,400.7,20190600,386.7,20190300,400.7,20190600
2019-01-02 13:00:00,400.7,20190600,386.7,20190300,400.7,20190600
2019-01-02 14:00:00,400.7,20190600,387.3,20190300,400.7,20190600
2019-01-02 15:00:00,400.7,20190600,388.8,20190300,400.7,20190600
2019-01-02 16:00:00,400.7,20190600,388.8,20190300,400.7,20190600
2019-01-03 08:00:00,400.7,20190600,386.1,20190300,400.7,20190600
2019-01-03 09:00:00,400.7,20190600,385.9,20190300,400.7,20190600
2019-01-03 10:00:00,400.7,20190600,385.4,20190300,400.7,20190600
2019-01-03 11:00:00,400.7,20190600,384.5,20190300,400.7,20190600
2019-01-03 12:00:00,400.7,20190600,385.8,20190300,400.7,20190600
2019-01-03 13:00:00,400.7,20190600,386.4,20190300,400.7,20190600
2019-01-03 14:00:00,400.7,20190600,386.9,20190300,400.7,20190600
2019-01-03 15:00:00,400.7,20190600,384.2,20190300,400.7,20190600
2019-01-04 08:00:00,400.7,20190600,386.9,20190300,400.7,20190600
2019-01-04 09:00:00,400.7,20190600,389.2,20190300,400.7,20190600
2019-01-04 13:00:00,400.7,20190600,391.2,20190300,400.7,20190600
2019-01-04 14:00:00,400.7,20190600,392.4,20190300,400.7,20190600
2019-01-04 15:00:00,400.7,20190600,394.3,20190300,400.7,20190600
2019-01-04 16:00:00,400.7,20190600,393.9,20190300,400.7,20190600
2019-01-07 08:00:00,400.7,20190600,395.4,20190300,400.7,20190600
2019-01-07 10:00:00,400.7,20190600,394.3,20190300,400.7,20190600
2019-01-07 11:00:00,400.7,20190600,394.2,20190300,400.7,20190600
2019-01-07 15:00:00,400.7,20190600,395.2,20190300,400.7,20190600
2019-01-07 16:00:00,400.7,20190600,395.7,20190300,400.7,20190600
2019-01-08 09:00:00,400.7,20190600,398.2,20190300,400.7,20190600
2019-01-08 10:00:00,400.7,20190600,399.7,20190300,400.7,20190600
2019-01-08 11:00:00,400.7,20190600,400.3,20190300,400.7,20190600
2019-01-08 12:00:00,400.7,20190600,401.5,20190300,400.7,20190600
2019-01-08 13:00:00,400.7,20190600,402.5,20190300,400.7,20190600
2019-01-08 14:00:00,400.7,20190600,402.7,20190300,400.7,20190600
2019-01-08 15:00:00,400.7,20190600,401.4,20190300,400.7,20190600
2019-01-08 16:00:00,400.7,20190600,400.9,20190300,400.7,20190600
2019-01-09 08:00:00,400.7,20190600,404.4,20190300,400.7,20190600
2019-01-09 09:00:00,400.7,20190600,405.5,20190300,400.7,20190600
2019-01-09 10:00:00,400.7,20190600,405.7,20190300,400.7,20190600
2019-01-09 11:00:00,400.7,20190600,405.6,20190300,400.7,20190600
2019-01-09 12:00:00,400.7,20190600,405.4,20190300,400.7,20190600
2019-01-09 13:00:00,400.7,20190600,406.0,20190300,400.7,20190600
2019-01-09 15:00:00,400.7,20190600,403.0,20190300,400.7,20190600
2019-01-09 16:00:00,400.7,20190600,404.1,20190300,400.7,20190600
2019-01-10 08:00:00,400.7,20190600,401.5,20190300,400.7,20190600
2019-01-10 09:00:00,400.7,20190600,402.9,20190300,400.7,20190600
2019-01-10 13:00:00,400.7,20190600,404.5,20190300,400.7,20190600
2019-01-10 14:00:00,400.7,20190600,403.6,20190300,400.7,20190600
2019-01-10 15:00:00,400.7,20190600,405.0,20190300,400.7,20190600
2019-01-10 16:00:00,400.7,20190600,404.5,20190300,400.7,20190600
2019-01-11 09:00:00,400.7,20190600,405.8,20190300,400.7,20190600
2019-01-11 10:00:00,400.7,20190600,405.0,20190300,400.7,20190600
2019-01-11 13:00:00,400.7,20190600,403.6,20190300,400.7,20190600
2019-01-11 14:00:00,400.7,20190600,403.6,20190300,400.7,20190600
2019-01-11 15:00:00,400.7,20190600,404.1,20190300,400.7,20190600
2019-01-11 16:00:00,400.7,20190600,403.5,20190300,400.7,20190600
2019-01-14 08:00:00,400.7,20190600,401.8,20190300,400.7,20190600
2019-01-14 09:00:00,400.7,20190600,400.6,20190300,400.7,20190600
2019-01-14 11:00:00,400.7,20190600,399.4,20190300,400.7,20190600
2019-01-14 12:00:00,400.7,20190600,400.3,20190300,400.7,20190600
2019-01-14 15:00:00,400.7,20190600,401.1,20190300,400.7,20190600
2019-01-14 16:00:00,400.7,20190600,400.5,20190300,400.7,20190600
2019-01-15 08:00:00,400.7,20190600,403.5,20190300,400.7,20190600
2019-01-15 09:00:00,400.7,20190600,401.7,20190300,400.7,20190600
2019-01-15 10:00:00,400.7,20190600,401.7,20190300,400.7,20190600
2019-01-15 11:00:00,400.7,20190600,401.1,20190300,400.7,20190600
2019-01-15 12:00:00,400.7,20190600,400.4,20190300,400.7,20190600
2019-01-15 13:00:00,400.7,20190600,400.4,20190300,400.7,20190600
2019-01-15 14:00:00,400.7,20190600,401.3,20190300,400.7,20190600
2019-01-15 15:00:00,400.7,20190600,402.0,20190300,400.7,20190600
2019-01-15 16:00:00,400.7,20190600,401.7,20190300,400.7,20190600
2019-01-16 08:00:00,400.7,20190600,402.8,20190300,400.7,20190600
2019-01-16 15:00:00,400.7,20190600,405.0,20190300,400.7,20190600
2019-01-16 16:00:00,400.7,20190600,404.5,20190300,400.7,20190600
2019-01-17 08:00:00,400.7,20190600,404.5,20190300,400.7,20190600
2019-01-17 09:00:00,400.7,20190600,404.6,20190300,400.7,20190600
2019-01-17 10:00:00,400.7,20190600,404.5,20190300,400.7,20190600
2019-01-17 11:00:00,400.7,20190600,404.5,20190300,400.7,20190600
2019-01-17 14:00:00,400.7,20190600,405.1,20190300,400.7,20190600
2019-01-17 15:00:00,400.7,20190600,406.4,20190300,400.7,20190600
2019-01-17 16:00:00,400.7,20190600,405.6,20190300,400.7,20190600
2019-01-18 08:00:00,400.7,20190600,408.8,20190300,400.7,20190600
2019-01-18 09:00:00,400.7,20190600,410.1,20190300,400.7,20190600
2019-01-18 10:00:00,400.7,20190600,409.2,20190300,400.7,20190600
2019-01-18 11:00:00,400.7,20190600,410.1,20190300,400.7,20190600
2019-01-18 12:00:00,400.7,20190600,411.2,20190300,400.7,20190600
2019-01-18 13:00:00,400.7,20190600,412.1,20190300,400.7,20190600
2019-01-18 15:00:00,400.7,20190600,410.9,20190300,400.7,20190600
2019-01-18 16:00:00,400.7,20190600,412.3,20190300,400.7,20190600
2019-01-21 16:00:00,400.7,20190600,412.4,20190300,400.7,20190600
2019-01-22 11:00:00,400.7,20190600,411.6,20190300,400.7,20190600
2019-01-22 15:00:00,400.7,20190600,410.5,20190300,400.7,20190600
2019-01-22 16:00:00,400.7,20190600,410.8,20190300,400.7,20190600
2019-01-23 08:00:00,400.7,20190600,410.4,20190300,400.7,20190600
2019-01-23 09:00:00,400.7,20190600,411.9,20190300,400.7,20190600
2019-01-23 13:00:00,400.7,20190600,413.2,20190300,400.7,20190600
2019-01-23 15:00:00,400.7,20190600,411.5,20190300,400.7,20190600
2019-01-23 16:00:00,400.7,20190600,411.5,20190300,400.7,20190600
2019-01-24 08:00:00,400.7,20190600,413.1,20190300,400.7,20190600
2019-01-24 10:00:00,400.7,20190600,414.2,20190300,400.7,20190600
2019-01-24 13:00:00,400.7,20190600,412.3,20190300,400.7,20190600
2019-01-24 14:00:00,400.7,20190600,412.4,20190300,400.7,20190600
2019-01-24 15:00:00,400.7,20190600,412.5,20190300,400.7,20190600
2019-01-24 16:00:00,400.7,20190600,413.7,20190300,400.7,20190600
2019-01-25 08:00:00,400.7,20190600,415.1,20190300,400.7,20190600
2019-01-25 09:00:00,400.7,20190600,415.3,20190300,400.7,20190600
2019-01-25 10:00:00,400.7,20190600,415.7,20190300,400.7,20190600
2019-01-25 11:00:00,400.7,20190600,416.4,20190300,400.7,20190600
2019-01-25 13:00:00,400.7,20190600,416.9,20190300,400.7,20190600
2019-01-25 14:00:00,400.7,20190600,416.3,20190300,400.7,20190600
2019-01-25 15:00:00,400.7,20190600,416.7,20190300,400.7,20190600
2019-01-25 16:00:00,400.7,20190600,416.9,20190300,400.7,20190600
2019-01-28 08:00:00,400.7,20190600,415.2,20190300,400.7,20190600
2019-01-28 09:00:00,400.7,20190600,415.8,20190300,400.7,20190600
2019-01-28 12:00:00,400.7,20190600,415.6,20190300,400.7,20190600
2019-01-28 13:00:00,400.7,20190600,414.1,20190300,400.7,20190600
2019-01-28 15:00:00,400.7,20190600,412.9,20190300,400.7,20190600
2019-01-28 16:00:00,400.7,20190600,411.7,20190300,400.7,20190600
2019-01-29 09:00:00,400.7,20190600,413.7,20190300,400.7,20190600
2019-01-29 10:00:00,400.7,20190600,415.1,20190300,400.7,20190600
2019-01-29 14:00:00,400.7,20190600,415.5,20190300,400.7,20190600
2019-01-29 16:00:00,400.7,20190600,415.0,20190300,400.7,20190600
2019-01-30 09:00:00,400.7,20190600,415.4,20190300,400.7,20190600
2019-01-30 12:00:00,400.7,20190600,415.9,20190300,400.7,20190600
2019-01-30 13:00:00,400.7,20190600,416.0,20190300,400.7,20190600
2019-01-30 14:00:00,400.7,20190600,415.9,20190300,400.7,20190600
2019-01-30 15:00:00,400.7,20190600,415.2,20190300,400.7,20190600
2019-01-30 16:00:00,400.7,20190600,416.4,20190300,400.7,20190600
2019-01-31 08:00:00,400.7,20190600,417.9,20190300,400.7,20190600
2019-01-31 09:00:00,400.7,20190600,416.7,20190300,400.7,20190600
2019-01-31 10:00:00,400.7,20190600,415.9,20190300,400.7,20190600
2019-01-31 11:00:00,400.7,20190600,415.9,20190300,400.7,20190600
2019-01-31 12:00:00,400.7,20190600,416.3,20190300,400.7,20190600
2019-01-31 14:00:00,400.7,20190600,414.1,20190300,400.7,20190600
2019-01-31 16:00:00,400.7,20190600,414.5,20190300,400.7,20190600
2019-02-01 09:00:00,400.7,20190600,415.2,20190300,400.7,20190600
2019-02-01 11:00:00,400.7,20190600,415.0,20190300,400.7,20190600
2019-02-01 13:00:00,400.7,20190600,414.6,20190300,400.7,20190600
2019-02-01 15:00:00,400.7,20190600,415.4,20190300,400.7,20190600
2019-02-01 16:00:00,400.7,20190600,415.2,20190300,400.7,20190600
2019-02-04 07:00:00,400.7,20190600,417.3,20190300,400.7,20190600
2019-02-04 08:00:00,400.7,20190600,414.7,20190300,400.7,20190600
2019-02-04 09:00:00,400.7,20190600,415.4,20190300,400.7,20190600
2019-02-04 10:00:00,400.7,20190600,414.8,20190300,400.7,20190600
2019-02-04 11:00:00,400.7,20190600,414.3,20190300,400.7,20190600
2019-02-04 12:00:00,400.7,20190600,414.6,20190300,400.7,20190600
2019-02-04 13:00:00,400.7,20190600,414.6,20190300,400.7,20190600
2019-02-04 14:00:00,400.7,20190600,414.6,20190300,400.7,20190600
2019-02-04 15:00:00,400.7,20190600,414.0,20190300,400.7,20190600
2019-02-04 16:00:00,400.7,20190600,415.2,20190300,400.7,20190600
2019-02-05 08:00:00,400.7,20190600,417.3,20190300,400.7,20190600
2019-02-05 09:00:00,400.7,20190600,418.5,20190300,400.7,20190600
2019-02-05 10:00:00,400.7,20190600,419.1,20190300,400.7,20190600
2019-02-05 11:00:00,400.7,20190600,419.6,20190300,400.7,20190600
2019-02-05 13:00:00,400.7,20190600,419.8,20190300,400.7,20190600
2019-02-05 14:00:00,400.7,20190600,420.8,20190300,400.7,20190600
2019-02-05 15:00:00,400.7,20190600,421.8,20190300,400.7,20190600
2019-02-05 16:00:00,400.7,20190600,421.8,20190300,400.7,20190600
2019-02-06 08:00:00,400.7,20190600,421.7,20190300,400.7,20190600
2019-02-06 10:00:00,400.7,20190600,423.1,20190300,400.7,20190600
2019-02-07 08:00:00,400.7,20190600,420.2,20190300,400.7,20190600
2019-02-07 09:00:00,400.7,20190600,420.3,20190300,400.7,20190600
2019-02-07 10:00:00,400.7,20190600,418.7,20190300,400.7,20190600
2019-02-07 12:00:00,400.7,20190600,417.1,20190300,400.7,20190600
2019-02-07 13:00:00,400.7,20190600,416.9,20190300,400.7,20190600
2019-02-07 14:00:00,400.7,20190600,415.8,20190300,400.7,20190600
2019-02-07 15:00:00,400.7,20190600,415.6,20190300,400.7,20190600
2019-02-07 16:00:00,400.7,20190600,413.6,20190300,400.7,20190600
2019-02-08 08:00:00,400.7,20190600,412.0,20190300,400.7,20190600
2019-02-08 10:00:00,400.7,20190600,412.6,20190300,400.7,20190600
2019-02-08 13:00:00,400.7,20190600,410.8,20190300,400.7,20190600
2019-02-08 15:00:00,400.7,20190600,409.1,20190300,400.7,20190600
2019-02-08 16:00:00,400.7,20190600,409.5,20190300,400.7,20190600
2019-02-11 08:00:00,400.7,20190600,412.1,20190300,400.7,20190600
2019-02-11 09:00:00,400.7,20190600,413.2,20190300,400.7,20190600
2019-02-11 11:00:00,400.7,20190600,412.0,20190300,400.7,20190600
2019-02-11 14:00:00,400.7,20190600,412.6,20190300,400.7,20190600
2019-02-11 15:00:00,400.7,20190600,412.7,20190300,400.7,20190600
2019-02-12 08:00:00,400.7,20190600,416.3,20190300,400.7,20190600
2019-02-12 10:00:00,400.7,20190600,416.1,20190300,400.7,20190600
2019-02-12 11:00:00,400.7,20190600,416.5,20190300,400.7,20190600
2019-02-12 12:00:00,400.7,20190600,416.5,20190300,400.7,20190600
2019-02-12 13:00:00,400.7,20190600,415.9,20190300,400.7,20190600
2019-02-12 14:00:00,400.7,20190600,415.6,20190300,400.7,20190600
2019-02-12 15:00:00,400.7,20190600,415.5,20190300,400.7,20190600
2019-02-12 16:00:00,400.7,20190600,415.9,20190300,400.7,20190600
2019-02-13 08:00:00,400.7,20190600,418.7,20190300,400.7,20190600
2019-02-13 10:00:00,400.7,20190600,418.3,20190300,400.7,20190600
2019-02-13 11:00:00,400.7,20190600,418.6,20190300,400.7,20190600
2019-02-13 13:00:00,400.7,20190600,418.8,20190300,400.7,20190600
2019-02-13 15:00:00,400.7,20190600,419.2,20190300,400.7,20190600
2019-02-14 09:00:00,400.7,20190600,421.2,20190300,400.7,20190600
2019-02-14 10:00:00,400.7,20190600,420.3,20190300,400.7,20190600
2019-02-14 12:00:00,400.7,20190600,421.2,20190300,400.7,20190600
2019-02-14 13:00:00,400.7,20190600,419.3,20190300,400.7,20190600
2019-02-14 14:00:00,400.7,20190600,418.4,20190300,400.7,20190600
2019-02-14 15:00:00,400.7,20190600,419.2,20190300,400.7,20190600
2019-02-14 16:00:00,400.7,20190600,417.5,20190300,400.7,20190600
2019-02-15 11:00:00,400.7,20190600,420.7,20190300,400.7,20190600
2019-02-15 12:00:00,400.7,20190600,420.2,20190300,400.7,20190600
2019-02-15 13:00:00,400.7,20190600,422.5,20190300,400.7,20190600
2019-02-15 15:00:00,400.7,20190600,422.7,20190300,400.7,20190600
2019-02-15 16:00:00,400.7,20190600,423.3,20190300,400.7,20190600
2019-02-18 08:00:00,400.7,20190600,424.3,20190300,400.7,20190600
2019-02-18 14:00:00,400.7,20190600,425.0,20190300,400.7,20190600
2019-02-18 15:00:00,400.7,20190600,425.1,20190300,400.7,20190600
2019-02-18 16:00:00,400.7,20190600,425.2,20190300,400.7,20190600
2019-02-19 09:00:00,400.7,20190600,423.9,20190300,400.7,20190600
2019-02-19 15:00:00,400.7,20190600,423.9,20190300,400.7,20190600
2019-02-19 16:00:00,400.7,20190600,424.2,20190300,400.7,20190600
2019-02-20 08:00:00,400.7,20190600,426.3,20190300,400.7,20190600
2019-02-20 09:00:00,400.7,20190600,424.8,20190300,400.7,20190600
2019-02-20 10:00:00,400.7,20190600,425.7,20190300,400.7,20190600
2019-02-20 11:00:00,400.7,20190600,426.1,20190300,400.7,20190600
2019-02-20 12:00:00,400.7,20190600,425.7,20190300,400.7,20190600
2019-02-20 13:00:00,400.7,20190600,425.8,20190300,400.7,20190600
2019-02-20 14:00:00,400.7,20190600,425.9,20190300,400.7,20190600
2019-02-20 15:00:00,400.7,20190600,426.7,20190300,400.7,20190600
2019-02-20 16:00:00,400.7,20190600,427.1,20190300,400.7,20190600
2019-02-21 11:00:00,400.7,20190600,425.6,20190300,400.7,20190600
2019-02-21 12:00:00,400.7,20190600,425.2,20190300,400.7,20190600
2019-02-21 13:00:00,400.7,20190600,424.7,20190300,400.7,20190600
2019-02-21 14:00:00,400.7,20190600,424.3,20190300,400.7,20190600
2019-02-21 15:00:00,400.7,20190600,424.1,20190300,400.7,20190600
2019-02-21 16:00:00,400.7,20190600,424.4,20190300,400.7,20190600
2019-02-22 09:00:00,400.7,20190600,425.8,20190300,400.7,20190600
2019-02-22 10:00:00,400.7,20190600,425.9,20190300,400.7,20190600
2019-02-22 11:00:00,400.7,20190600,425.7,20190300,400.7,20190600
2019-02-22 14:00:00,400.7,20190600,425.0,20190300,400.7,20190600
2019-02-22 15:00:00,400.7,20190600,425.1,20190300,400.7,20190600
2019-02-22 16:00:00,400.7,20190600,425.4,20190300,400.7,20190600
2019-02-25 08:00:00,400.7,20190600,426.5,20190300,400.7,20190600
2019-02-25 09:00:00,400.7,20190600,427.1,20190300,400.7,20190600
2019-02-25 14:00:00,400.7,20190600,426.8,20190300,400.7,20190600
2019-02-25 15:00:00,400.7,20190600,426.0,20190300,400.7,20190600
2019-02-25 16:00:00,400.7,20190600,426.6,20190300,400.7,20190600
2019-02-26 08:00:00,400.7,20190600,424.3,20190300,400.7,20190600
2019-02-26 09:00:00,400.7,20190600,423.9,20190300,400.7,20190600
2019-02-26 10:00:00,400.7,20190600,425.0,20190300,400.7,20190600
2019-02-26 11:00:00,400.7,20190600,425.3,20190300,400.7,20190600
2019-02-26 14:00:00,400.7,20190600,426.5,20190300,400.7,20190600
2019-02-26 15:00:00,400.7,20190600,427.1,20190300,400.7,20190600
2019-02-26 16:00:00,400.7,20190600,426.1,20190300,400.7,20190600
2019-02-27 08:00:00,400.7,20190600,425.4,20190300,400.7,20190600
2019-02-27 09:00:00,400.7,20190600,424.7,20190300,400.7,20190600
2019-02-27 13:00:00,400.7,20190600,425.4,20190300,400.7,20190600
2019-02-27 16:00:00,400.7,20190600,425.0,20190300,400.7,20190600
2019-02-28 08:00:00,400.7,20190600,424.2,20190300,400.7,20190600
2019-02-28 11:00:00,400.7,20190600,425.8,20190300,400.7,20190600
2019-02-28 12:00:00,400.7,20190600,425.4,20190300,400.7,20190600
2019-02-28 13:00:00,400.7,20190600,425.4,20190300,400.7,20190600
2019-02-28 15:00:00,400.7,20190600,426.7,20190300,400.7,20190600
2019-02-28 16:00:00,400.7,20190600,427.6,20190300,400.7,20190600
2019-03-01 08:00:00,400.7,20190600,431.4,20190300,400.7,20190600
2019-03-01 09:00:00,400.7,20190600,431.8,20190300,400.7,20190600
2019-03-01 10:00:00,400.7,20190600,431.6,20190300,400.7,20190600
2019-03-01 15:00:00,400.7,20190600,432.1,20190300,400.7,20190600
2019-03-01 16:00:00,400.7,20190600,432.1,20190300,400.7,20190600
2019-03-04 08:00:00,400.7,20190600,434.2,20190300,400.7,20190600
2019-03-04 09:00:00,400.7,20190600,434.0,20190300,400.7,20190600
2019-03-04 12:00:00,400.7,20190600,434.3,20190300,400.7,20190600
2019-03-04 13:00:00,400.7,20190600,434.4,20190300,400.7,20190600
2019-03-04 14:00:00,400.7,20190600,434.2,20190300,400.7,20190600
2019-03-04 15:00:00,400.7,20190600,434.0,20190300,400.7,20190600
2019-03-04 16:00:00,400.7,20190600,433.8,20190300,400.7,20190600
2019-03-05 08:00:00,400.7,20190600,433.7,20190300,400.7,20190600
2019-03-05 09:00:00,400.7,20190600,432.9,20190300,400.7,20190600
2019-03-05 11:00:00,400.7,20190600,431.2,20190300,400.7,20190600
2019-03-05 12:00:00,400.7,20190600,430.3,20190300,400.7,20190600
2019-03-05 13:00:00,400.7,20190600,430.8,20190300,400.7,20190600
2019-03-05 14:00:00,400.7,20190600,430.9,20190300,400.7,20190600
2019-03-05 15:00:00,400.7,20190600,431.7,20190300,400.7,20190600
2019-03-05 16:00:00,400.7,20190600,432.2,20190300,400.7,20190600
2019-03-06 11:00:00,400.7,20190600,431.1,20190300,400.7,20190600
2019-03-06 13:00:00,400.7,20190600,431.9,20190300,400.7,20190600
2019-03-06 14:00:00,400.7,20190600,431.2,20190300,400.7,20190600
2019-03-06 15:00:00,400.7,20190600,431.1,20190300,400.7,20190600
2019-03-06 16:00:00,400.7,20190600,431.2,20190300,400.7,20190600
2019-03-07 08:00:00,400.7,20190600,429.2,20190300,400.7,20190600
2019-03-07 09:00:00,400.7,20190600,429.2,20190300,400.7,20190600
2019-03-07 10:00:00,400.7,20190600,428.6,20190300,400.7,20190600
2019-03-07 12:00:00,400.7,20190600,429.0,20190300,400.7,20190600
2019-03-07 13:00:00,400.7,20190600,429.3,20190300,400.7,20190600
2019-03-07 14:00:00,400.7,20190600,426.9,20190300,400.7,20190600
2019-03-07 15:00:00,400.7,20190600,427.5,20190300,400.7,20190600
2019-03-07 16:00:00,400.7,20190600,428.6,20190300,400.7,20190600
2019-03-08 08:00:00,400.7,20190600,424.9,20190300,400.7,20190600
2019-03-08 09:00:00,400.7,20190600,425.5,20190300,400.7,20190600
2019-03-08 10:00:00,400.7,20190600,424.9,20190300,400.7,20190600
2019-03-08 11:00:00,400.7,20190600,425.3,20190300,400.7,20190600
2019-03-08 13:00:00,416.0,20190600,424.2,20190300,416.0,20190600
2019-03-08 14:00:00,416.0,20190600,425.1,20190300,416.0,20190600
2019-03-08 15:00:00,416.0,20190600,424.1,20190300,416.0,20190600
2019-03-08 16:00:00,416.0,20190600,425.3,20190300,416.0,20190600
2019-03-11 08:00:00,416.0,20190600,425.9,20190300,416.0,20190600
2019-03-11 09:00:00,416.8,20190600,425.3,20190300,416.8,20190600
2019-03-12 13:00:00,416.8,20190900,420.0,20190600,416.8,20190900
2019-03-12 15:00:00,416.8,20190900,419.0,20190600,416.8,20190900
2019-03-13 10:00:00,416.8,20190900,420.1,20190600,416.8,20190900
2019-03-13 11:00:00,416.8,20190900,420.1,20190600,416.8,20190900
2019-03-14 15:00:00,416.8,20190900,425.3,20190600,416.8,20190900
2019-03-14 16:00:00,416.8,20190900,426.2,20190600,416.8,20190900
2019-03-15 08:00:00,416.8,20190900,427.4,20190600,416.8,20190900
2019-03-15 09:00:00,416.8,20190900,427.5,20190600,416.8,20190900
2019-03-15 10:00:00,416.8,20190900,428.1,20190600,416.8,20190900
2019-03-15 11:00:00,416.8,20190900,429.1,20190600,416.8,20190900
2019-03-15 14:00:00,416.8,20190900,427.0,20190600,416.8,20190900
2019-03-15 15:00:00,416.8,20190900,428.0,20190600,416.8,20190900
2019-03-15 16:00:00,416.8,20190900,428.5,20190600,416.8,20190900
2019-03-18 08:00:00,416.8,20190900,430.7,20190600,416.8,20190900
2019-03-18 09:00:00,416.8,20190900,430.8,20190600,416.8,20190900
2019-03-18 10:00:00,416.8,20190900,430.5,20190600,416.8,20190900
2019-03-18 11:00:00,416.8,20190900,430.4,20190600,416.8,20190900
2019-03-18 12:00:00,416.8,20190900,430.1,20190600,416.8,20190900
2019-03-18 13:00:00,416.8,20190900,430.3,20190600,416.8,20190900
2019-03-18 14:00:00,416.8,20190900,430.4,20190600,416.8,20190900
2019-03-18 15:00:00,416.8,20190900,429.9,20190600,416.8,20190900
2019-03-18 16:00:00,416.8,20190900,430.3,20190600,416.8,20190900
2019-03-19 08:00:00,416.8,20190900,431.5,20190600,416.8,20190900
2019-03-19 09:00:00,416.8,20190900,432.6,20190600,416.8,20190900
2019-03-19 10:00:00,416.8,20190900,432.7,20190600,416.8,20190900
2019-03-19 11:00:00,416.8,20190900,433.7,20190600,416.8,20190900
2019-03-19 12:00:00,416.8,20190900,434.3,20190600,416.8,20190900
2019-03-19 13:00:00,416.8,20190900,434.3,20190600,416.8,20190900
2019-03-19 14:00:00,416.8,20190900,433.1,20190600,416.8,20190900
2019-03-19 15:00:00,416.8,20190900,433.7,20190600,416.8,20190900
2019-03-19 16:00:00,416.8,20190900,433.3,20190600,416.8,20190900
2019-03-20 14:00:00,416.8,20190900,429.9,20190600,416.8,20190900
2019-03-20 16:00:00,416.8,20190900,429.5,20190600,416.8,20190900
2019-03-21 08:00:00,416.8,20190900,428.1,20190600,416.8,20190900
2019-03-21 09:00:00,416.8,20190900,428.1,20190600,416.8,20190900
2019-03-21 10:00:00,416.8,20190900,427.8,20190600,416.8,20190900
2019-03-21 14:00:00,416.8,20190900,428.0,20190600,416.8,20190900
2019-03-21 16:00:00,416.8,20190900,429.1,20190600,416.8,20190900
2019-03-22 08:00:00,416.8,20190900,425.8,20190600,416.8,20190900
2019-03-22 09:00:00,416.8,20190900,425.1,20190600,416.8,20190900
2019-03-22 10:00:00,416.8,20190900,424.9,20190600,416.8,20190900
2019-03-22 12:00:00,416.8,20190900,424.0,20190600,416.8,20190900
2019-03-22 13:00:00,416.8,20190900,424.8,20190600,416.8,20190900
2019-03-22 14:00:00,416.8,20190900,422.8,20190600,416.8,20190900
2019-03-22 15:00:00,416.8,20190900,422.0,20190600,416.8,20190900
2019-03-22 16:00:00,416.8,20190900,421.7,20190600,416.8,20190900
2019-03-25 08:00:00,416.8,20190900,417.6,20190600,416.8,20190900
2019-03-25 09:00:00,416.8,20190900,420.2,20190600,416.8,20190900
2019-03-25 10:00:00,416.8,20190900,420.5,20190600,416.8,20190900
2019-03-25 12:00:00,416.8,20190900,419.3,20190600,416.8,20190900
2019-03-25 16:00:00,416.8,20190900,419.4,20190600,416.8,20190900
2019-03-26 08:00:00,416.8,20190900,418.7,20190600,416.8,20190900
2019-03-26 09:00:00,416.8,20190900,419.9,20190600,416.8,20190900
2019-03-26 10:00:00,416.8,20190900,420.6,20190600,416.8,20190900
2019-03-26 15:00:00,416.8,20190900,421.8,20190600,416.8,20190900
2019-03-26 16:00:00,416.8,20190900,421.5,20190600,416.8,20190900
2019-03-27 08:00:00,416.8,20190900,421.3,20190600,416.8,20190900
2019-03-27 09:00:00,416.8,20190900,420.6,20190600,416.8,20190900
2019-03-27 10:00:00,416.8,20190900,420.5,20190600,416.8,20190900
2019-03-27 11:00:00,416.8,20190900,420.1,20190600,416.8,20190900
2019-03-27 12:00:00,416.8,20190900,423.5,20190600,416.8,20190900
2019-03-27 13:00:00,416.8,20190900,422.8,20190600,416.8,20190900
2019-03-27 14:00:00,416.8,20190900,421.5,20190600,416.8,20190900
2019-03-27 15:00:00,416.8,20190900,420.7,20190600,416.8,20190900
2019-03-27 16:00:00,416.8,20190900,421.3,20190600,416.8,20190900
2019-03-28 08:00:00,416.8,20190900,421.8,20190600,416.8,20190900
2019-03-28 09:00:00,416.8,20190900,422.7,20190600,416.8,20190900
2019-03-28 14:00:00,416.8,20190900,420.7,20190600,416.8,20190900
2019-03-28 16:00:00,416.8,20190900,419.4,20190600,416.8,20190900
2019-03-29 08:00:00,416.8,20190900,421.2,20190600,416.8,20190900
2019-03-29 09:00:00,416.8,20190900,421.3,20190600,416.8,20190900
2019-03-29 15:00:00,416.8,20190900,423.3,20190600,416.8,20190900
2019-03-29 16:00:00,416.8,20190900,423.9,20190600,416.8,20190900
2019-04-01 07:00:00,416.8,20190900,427.8,20190600,416.8,20190900
2019-04-01 08:00:00,416.8,20190900,428.2,20190600,416.8,20190900
2019-04-01 13:00:00,416.8,20190900,428.4,20190600,416.8,20190900
2019-04-01 15:00:00,416.8,20190900,430.2,20190600,416.8,20190900
2019-04-02 07:00:00,416.8,20190900,431.0,20190600,416.8,20190900
2019-04-02 08:00:00,416.8,20190900,430.7,20190600,416.8,20190900
2019-04-02 09:00:00,416.8,20190900,430.9,20190600,416.8,20190900
2019-04-02 10:00:00,416.8,20190900,431.8,20190600,416.8,20190900
2019-04-02 11:00:00,416.8,20190900,432.1,20190600,416.8,20190900
2019-04-02 12:00:00,416.8,20190900,431.7,20190600,416.8,20190900
2019-04-02 13:00:00,416.8,20190900,432.9,20190600,416.8,20190900
2019-04-02 14:00:00,416.8,20190900,432.8,20190600,416.8,20190900
2019-04-02 15:00:00,416.8,20190900,432.3,20190600,416.8,20190900
2019-04-03 07:00:00,416.8,20190900,436.8,20190600,416.8,20190900
2019-04-03 09:00:00,416.8,20190900,436.8,20190600,416.8,20190900
2019-04-03 14:00:00,416.8,20190900,437.6,20190600,416.8,20190900
2019-04-03 15:00:00,416.8,20190900,437.7,20190600,416.8,20190900
2019-04-04 07:00:00,416.8,20190900,437.6,20190600,416.8,20190900
2019-04-04 08:00:00,416.8,20190900,436.8,20190600,416.8,20190900
2019-04-04 09:00:00,416.8,20190900,437.0,20190600,416.8,20190900
2019-04-04 10:00:00,416.8,20190900,437.3,20190600,416.8,20190900
2019-04-04 12:00:00,416.8,20190900,437.3,20190600,416.8,20190900
2019-04-04 13:00:00,416.8,20190900,437.3,20190600,416.8,20190900
2019-04-04 14:00:00,416.8,20190900,437.5,20190600,416.8,20190900
2019-04-04 15:00:00,416.8,20190900,436.9,20190600,416.8,20190900
2019-04-05 07:00:00,416.8,20190900,437.9,20190600,416.8,20190900
2019-04-05 08:00:00,416.8,20190900,438.0,20190600,416.8,20190900
2019-04-05 11:00:00,416.8,20190900,437.8,20190600,416.8,20190900
2019-04-05 12:00:00,416.8,20190900,438.0,20190600,416.8,20190900
2019-04-05 14:00:00,416.8,20190900,438.5,20190600,416.8,20190900
2019-04-05 15:00:00,416.8,20190900,439.2,20190600,416.8,20190900
2019-04-08 07:00:00,416.8,20190900,436.6,20190600,416.8,20190900
2019-04-08 08:00:00,416.8,20190900,436.4,20190600,416.8,20190900
2019-04-08 11:00:00,416.8,20190900,436.5,20190600,416.8,20190900
2019-04-08 12:00:00,416.8,20190900,436.4,20190600,416.8,20190900
2019-04-08 14:00:00,416.8,20190900,435.6,20190600,416.8,20190900
2019-04-08 15:00:00,416.8,20190900,435.6,20190600,416.8,20190900
2019-04-09 07:00:00,416.8,20190900,436.1,20190600,416.8,20190900
2019-04-09 09:00:00,416.8,20190900,437.0,20190600,416.8,20190900
2019-04-09 11:00:00,416.8,20190900,435.9,20190600,416.8,20190900
2019-04-09 12:00:00,416.8,20190900,434.5,20190600,416.8,20190900
2019-04-09 15:00:00,416.8,20190900,433.2,20190600,416.8,20190900
2019-04-10 07:00:00,416.8,20190900,434.0,20190600,416.8,20190900
2019-04-10 10:00:00,416.8,20190900,434.5,20190600,416.8,20190900
2019-04-10 15:00:00,416.8,20190900,434.7,20190600,416.8,20190900
2019-04-11 12:00:00,416.8,20190900,436.5,20190600,416.8,20190900
2019-04-11 13:00:00,416.8,20190900,436.1,20190600,416.8,20190900
2019-04-11 14:00:00,416.8,20190900,437.0,20190600,416.8,20190900
2019-04-11 15:00:00,416.8,20190900,436.8,20190600,416.8,20190900
2019-04-12 07:00:00,416.8,20190900,435.2,20190600,416.8,20190900
2019-04-12 08:00:00,416.8,20190900,438.0,20190600,416.8,20190900
2019-04-12 09:00:00,416.8,20190900,437.8,20190600,416.8,20190900
2019-04-12 10:00:00,416.8,20190900,438.3,20190600,416.8,20190900
2019-04-12 11:00:00,416.8,20190900,438.2,20190600,416.8,20190900
2019-04-12 12:00:00,416.8,20190900,438.6,20190600,416.8,20190900
2019-04-12 13:00:00,416.8,20190900,438.4,20190600,416.8,20190900
2019-04-12 14:00:00,416.8,20190900,438.3,20190600,416.8,20190900
2019-04-12 15:00:00,416.8,20190900,438.5,20190600,416.8,20190900
2019-04-15 07:00:00,416.8,20190900,440.2,20190600,416.8,20190900
2019-04-15 10:00:00,416.8,20190900,441.2,20190600,416.8,20190900
2019-04-15 12:00:00,416.8,20190900,440.4,20190600,416.8,20190900
2019-04-15 13:00:00,416.8,20190900,440.4,20190600,416.8,20190900
2019-04-15 15:00:00,416.8,20190900,440.7,20190600,416.8,20190900
2019-04-16 07:00:00,416.8,20190900,441.4,20190600,416.8,20190900
2019-04-16 08:00:00,416.8,20190900,442.7,20190600,416.8,20190900
2019-04-16 11:00:00,416.8,20190900,441.6,20190600,416.8,20190900
2019-04-16 15:00:00,416.8,20190900,442.6,20190600,416.8,20190900
2019-04-17 10:00:00,416.8,20190900,442.2,20190600,416.8,20190900
2019-04-17 11:00:00,416.8,20190900,442.2,20190600,416.8,20190900
2019-04-17 12:00:00,416.8,20190900,442.6,20190600,416.8,20190900
2019-04-17 13:00:00,416.8,20190900,443.2,20190600,416.8,20190900
2019-04-17 14:00:00,416.8,20190900,443.2,20190600,416.8,20190900
2019-04-17 15:00:00,416.8,20190900,443.2,20190600,416.8,20190900
2019-04-18 07:00:00,416.8,20190900,441.0,20190600,416.8,20190900
2019-04-18 08:00:00,416.8,20190900,441.5,20190600,416.8,20190900
2019-04-18 09:00:00,416.8,20190900,442.8,20190600,416.8,20190900
2019-04-18 10:00:00,416.8,20190900,443.3,20190600,416.8,20190900
2019-04-18 11:00:00,416.8,20190900,443.4,20190600,416.8,20190900
2019-04-18 12:00:00,416.8,20190900,443.1,20190600,416.8,20190900
2019-04-18 13:00:00,416.8,20190900,443.3,20190600,416.8,20190900
2019-04-18 14:00:00,416.8,20190900,443.6,20190600,416.8,20190900
2019-04-18 15:00:00,416.8,20190900,443.8,20190600,416.8,20190900
2019-04-23 07:00:00,416.8,20190900,442.4,20190600,416.8,20190900
2019-04-23 08:00:00,416.8,20190900,442.6,20190600,416.8,20190900
2019-04-23 10:00:00,416.8,20190900,442.4,20190600,416.8,20190900
2019-04-23 11:00:00,416.8,20190900,443.1,20190600,416.8,20190900
2019-04-23 12:00:00,416.8,20190900,443.1,20190600,416.8,20190900
2019-04-23 13:00:00,416.8,20190900,443.0,20190600,416.8,20190900
2019-04-23 14:00:00,416.8,20190900,443.4,20190600,416.8,20190900
2019-04-23 15:00:00,416.8,20190900,443.5,20190600,416.8,20190900
2019-04-24 07:00:00,416.8,20190900,443.9,20190600,416.8,20190900
2019-04-24 08:00:00,416.8,20190900,442.9,20190600,416.8,20190900
2019-04-24 15:00:00,416.8,20190900,442.4,20190600,416.8,20190900
2019-04-25 07:00:00,416.8,20190900,440.6,20190600,416.8,20190900
2019-04-25 08:00:00,416.8,20190900,440.6,20190600,416.8,20190900
2019-04-25 09:00:00,416.8,20190900,441.7,20190600,416.8,20190900
2019-04-25 10:00:00,416.8,20190900,442.0,20190600,416.8,20190900
2019-04-25 11:00:00,416.8,20190900,441.7,20190600,416.8,20190900
2019-04-25 12:00:00,416.8,20190900,441.3,20190600,416.8,20190900
2019-04-25 13:00:00,416.8,20190900,440.5,20190600,416.8,20190900
2019-04-25 14:00:00,416.8,20190900,440.9,20190600,416.8,20190900
2019-04-25 15:00:00,416.8,20190900,440.5,20190600,416.8,20190900
2019-04-26 15:00:00,416.8,20190900,443.1,20190600,416.8,20190900
2019-04-29 07:00:00,416.8,20190900,444.3,20190600,416.8,20190900
2019-04-29 08:00:00,416.8,20190900,443.6,20190600,416.8,20190900
2019-04-29 09:00:00,416.8,20190900,442.2,20190600,416.8,20190900
2019-04-29 10:00:00,416.8,20190900,442.2,20190600,416.8,20190900
2019-04-29 11:00:00,416.8,20190900,442.6,20190600,416.8,20190900
2019-04-29 12:00:00,416.8,20190900,443.7,20190600,416.8,20190900
2019-04-29 13:00:00,416.8,20190900,444.2,20190600,416.8,20190900
2019-04-29 14:00:00,416.8,20190900,444.6,20190600,416.8,20190900
2019-04-30 11:00:00,416.8,20190900,445.0,20190600,416.8,20190900
2019-04-30 15:00:00,416.8,20190900,443.0,20190600,416.8,20190900
2019-05-02 13:00:00,416.8,20190900,441.0,20190600,416.8,20190900
2019-05-02 14:00:00,416.8,20190900,441.0,20190600,416.8,20190900
2019-05-02 15:00:00,416.8,20190900,440.9,20190600,416.8,20190900
2019-05-03 07:00:00,416.8,20190900,440.3,20190600,416.8,20190900
2019-05-03 08:00:00,416.8,20190900,440.7,20190600,416.8,20190900
2019-05-03 09:00:00,416.8,20190900,440.5,20190600,416.8,20190900
2019-05-03 11:00:00,416.8,20190900,440.7,20190600,416.8,20190900
2019-05-03 12:00:00,416.8,20190900,441.3,20190600,416.8,20190900
2019-05-03 13:00:00,416.8,20190900,441.3,20190600,416.8,20190900
2019-05-03 15:00:00,416.8,20190900,440.5,20190600,416.8,20190900
2019-05-06 08:00:00,416.8,20190900,431.3,20190600,416.8,20190900
2019-05-06 15:00:00,416.8,20190900,434.5,20190600,416.8,20190900
2019-05-07 07:00:00,416.8,20190900,437.4,20190600,416.8,20190900
2019-05-07 08:00:00,416.8,20190900,437.2,20190600,416.8,20190900
2019-05-07 09:00:00,416.8,20190900,435.7,20190600,416.8,20190900
2019-05-07 15:00:00,416.8,20190900,431.0,20190600,416.8,20190900
2019-05-08 08:00:00,416.8,20190900,433.5,20190600,416.8,20190900
2019-05-08 15:00:00,416.8,20190900,432.4,20190600,416.8,20190900
2019-05-09 08:00:00,416.8,20190900,427.6,20190600,416.8,20190900
2019-05-09 12:00:00,416.8,20190900,428.6,20190600,416.8,20190900
2019-05-09 13:00:00,416.8,20190900,426.0,20190600,416.8,20190900
2019-05-09 14:00:00,416.8,20190900,424.8,20190600,416.8,20190900
2019-05-09 15:00:00,416.8,20190900,424.4,20190600,416.8,20190900
2019-05-10 07:00:00,416.8,20190900,429.5,20190600,416.8,20190900
2019-05-10 08:00:00,416.8,20190900,429.7,20190600,416.8,20190900
2019-05-10 09:00:00,416.8,20190900,428.9,20190600,416.8,20190900
2019-05-10 10:00:00,416.8,20190900,429.9,20190600,416.8,20190900
2019-05-10 11:00:00,416.8,20190900,428.6,20190600,416.8,20190900
2019-05-10 12:00:00,416.8,20190900,428.3,20190600,416.8,20190900
2019-05-10 13:00:00,416.8,20190900,429.1,20190600,416.8,20190900
2019-05-10 14:00:00,416.8,20190900,428.0,20190600,416.8,20190900
2019-05-10 15:00:00,416.8,20190900,428.3,20190600,416.8,20190900
2019-05-13 08:00:00,416.8,20190900,424.1,20190600,416.8,20190900
2019-05-13 09:00:00,416.8,20190900,424.6,20190600,416.8,20190900
2019-05-13 10:00:00,416.8,20190900,424.5,20190600,416.8,20190900
2019-05-13 11:00:00,416.8,20190900,424.0,20190600,416.8,20190900
2019-05-13 12:00:00,416.8,20190900,421.5,20190600,416.8,20190900
2019-05-13 13:00:00,416.8,20190900,421.7,20190600,416.8,20190900
2019-05-13 15:00:00,416.8,20190900,421.4,20190600,416.8,20190900
2019-05-14 07:00:00,416.8,20190900,425.0,20190600,416.8,20190900
2019-05-14 08:00:00,416.8,20190900,423.8,20190600,416.8,20190900
2019-05-14 09:00:00,416.8,20190900,425.0,20190600,416.8,20190900
2019-05-14 11:00:00,416.8,20190900,425.5,20190600,416.8,20190900
2019-05-14 12:00:00,416.8,20190900,424.1,20190600,416.8,20190900
2019-05-14 13:00:00,416.8,20190900,424.6,20190600,416.8,20190900
2019-05-14 14:00:00,416.8,20190900,425.2,20190600,416.8,20190900
2019-05-15 07:00:00,416.8,20190900,424.8,20190600,416.8,20190900
2019-05-15 08:00:00,416.8,20190900,425.8,20190600,416.8,20190900
2019-05-15 09:00:00,416.8,20190900,425.5,20190600,416.8,20190900
2019-05-15 10:00:00,416.8,20190900,423.9,20190600,416.8,20190900
2019-05-15 12:00:00,416.8,20190900,423.0,20190600,416.8,20190900
2019-05-15 14:00:00,416.8,20190900,426.8,20190600,416.8,20190900
2019-05-15 15:00:00,416.8,20190900,427.6,20190600,416.8,20190900
2019-05-16 07:00:00,416.8,20190900,427.3,20190600,416.8,20190900
2019-05-16 08:00:00,416.8,20190900,428.2,20190600,416.8,20190900
2019-05-16 10:00:00,416.8,20190900,430.6,20190600,416.8,20190900
2019-05-16 11:00:00,416.8,20190900,429.7,20190600,416.8,20190900
2019-05-16 12:00:00,416.8,20190900,430.1,20190600,416.8,20190900
2019-05-16 13:00:00,416.8,20190900,430.1,20190600,416.8,20190900
2019-05-16 14:00:00,416.8,20190900,432.3,20190600,416.8,20190900
2019-05-16 15:00:00,416.8,20190900,433.3,20190600,416.8,20190900
2019-05-17 07:00:00,416.8,20190900,431.7,20190600,416.8,20190900
2019-05-17 08:00:00,416.8,20190900,430.5,20190600,416.8,20190900
2019-05-17 09:00:00,416.8,20190900,431.3,20190600,416.8,20190900
2019-05-17 10:00:00,416.8,20190900,430.5,20190600,416.8,20190900
2019-05-17 11:00:00,416.8,20190900,429.9,20190600,416.8,20190900
2019-05-17 12:00:00,416.8,20190900,430.4,20190600,416.8,20190900
2019-05-17 13:00:00,416.8,20190900,429.8,20190600,416.8,20190900
2019-05-17 14:00:00,416.8,20190900,431.4,20190600,416.8,20190900
2019-05-20 08:00:00,416.8,20190900,432.7,20190600,416.8,20190900
2019-05-21 08:00:00,416.8,20190900,429.5,20190600,416.8,20190900
2019-05-21 09:00:00,416.8,20190900,429.6,20190600,416.8,20190900
2019-05-21 10:00:00,416.8,20190900,430.5,20190600,416.8,20190900
2019-05-21 11:00:00,416.8,20190900,429.9,20190600,416.8,20190900
2019-05-21 12:00:00,416.8,20190900,430.3,20190600,416.8,20190900
2019-05-21 13:00:00,416.8,20190900,430.2,20190600,416.8,20190900
2019-05-21 14:00:00,416.8,20190900,430.0,20190600,416.8,20190900
2019-05-21 15:00:00,416.8,20190900,430.7,20190600,416.8,20190900
2019-05-22 09:00:00,416.8,20190900,431.7,20190600,416.8,20190900
2019-05-22 15:00:00,416.8,20190900,430.1,20190600,416.8,20190900
2019-05-23 08:00:00,416.8,20190900,424.2,20190600,416.8,20190900
2019-05-23 12:00:00,416.8,20190900,424.1,20190600,416.8,20190900
2019-05-23 13:00:00,416.8,20190900,423.2,20190600,416.8,20190900
2019-05-23 15:00:00,416.8,20190900,423.4,20190600,416.8,20190900
2019-05-23 16:00:00,416.8,20190900,421.0,20190600,416.8,20190900
2019-05-24 07:00:00,416.8,20190900,426.4,20190600,416.8,20190900
2019-05-24 08:00:00,416.8,20190900,427.2,20190600,416.8,20190900
2019-05-24 15:00:00,416.8,20190900,425.4,20190600,416.8,20190900
2019-05-27 07:00:00,416.8,20190900,428.5,20190600,416.8,20190900
2019-05-27 09:00:00,416.8,20190900,426.7,20190600,416.8,20190900
2019-05-27 10:00:00,416.8,20190900,426.4,20190600,416.8,20190900
2019-05-27 11:00:00,416.8,20190900,426.8,20190600,416.8,20190900
2019-05-28 08:00:00,416.8,20190900,426.0,20190600,416.8,20190900
2019-05-28 10:00:00,416.8,20190900,425.2,20190600,416.8,20190900
2019-05-28 11:00:00,416.8,20190900,426.0,20190600,416.8,20190900
2019-05-28 12:00:00,416.8,20190900,426.8,20190600,416.8,20190900
2019-05-28 13:00:00,416.8,20190900,426.4,20190600,416.8,20190900
2019-05-28 14:00:00,416.8,20190900,425.8,20190600,416.8,20190900
2019-05-28 15:00:00,416.8,20190900,426.2,20190600,416.8,20190900
2019-05-29 07:00:00,416.8,20190900,420.7,20190600,416.8,20190900
2019-05-29 09:00:00,416.8,20190900,419.9,20190600,416.8,20190900
2019-05-29 10:00:00,416.8,20190900,420.3,20190600,416.8,20190900
2019-05-29 11:00:00,416.8,20190900,419.8,20190600,416.8,20190900
2019-05-29 12:00:00,416.8,20190900,419.1,20190600,416.8,20190900
2019-05-29 13:00:00,416.8,20190900,418.2,20190600,416.8,20190900
2019-05-29 15:00:00,416.8,20190900,418.6,20190600,416.8,20190900
2019-05-30 07:00:00,416.8,20190900,421.3,20190600,416.8,20190900
2019-05-30 08:00:00,416.8,20190900,420.8,20190600,416.8,20190900
2019-05-30 10:00:00,416.8,20190900,421.5,20190600,416.8,20190900
2019-05-30 11:00:00,416.8,20190900,420.5,20190600,416.8,20190900
2019-05-31 07:00:00,416.8,20190900,416.8,20190600,416.8,20190900
2019-05-31 09:00:00,416.8,20190900,416.1,20190600,416.8,20190900
2019-05-31 11:00:00,416.8,20190900,416.1,20190600,416.8,20190900
2019-05-31 14:00:00,416.8,20190900,417.4,20190600,416.8,20190900
2019-05-31 15:00:00,416.8,20190900,418.6,20190600,416.8,20190900
2019-06-03 07:00:00,416.8,20190900,415.3,20190600,416.8,20190900
2019-06-03 08:00:00,416.8,20190900,415.1,20190600,416.8,20190900
2019-06-03 09:00:00,416.8,20190900,416.7,20190600,416.8,20190900
2019-06-03 10:00:00,416.8,20190900,416.2,20190600,416.8,20190900
2019-06-03 11:00:00,416.8,20190900,416.6,20190600,416.8,20190900
2019-06-03 12:00:00,416.8,20190900,417.2,20190600,416.8,20190900
2019-06-03 13:00:00,416.8,20190900,417.5,20190600,416.8,20190900
2019-06-03 15:00:00,416.8,20190900,420.3,20190600,416.8,20190900
2019-06-04 07:00:00,416.8,20190900,417.3,20190600,416.8,20190900
2019-06-04 10:00:00,416.8,20190900,421.0,20190600,416.8,20190900
2019-06-04 15:00:00,416.8,20190900,421.9,20190600,416.8,20190900
2019-06-05 07:00:00,416.8,20190900,424.1,20190600,416.8,20190900
2019-06-05 10:00:00,416.8,20190900,424.6,20190600,416.8,20190900
2019-06-05 12:00:00,416.8,20190900,423.2,20190600,416.8,20190900
2019-06-05 13:00:00,416.8,20190900,423.1,20190600,416.8,20190900
2019-06-05 14:00:00,416.8,20190900,423.1,20190600,416.8,20190900
2019-06-05 15:00:00,416.8,20190900,424.3,20190600,416.8,20190900
2019-06-06 07:00:00,416.8,20190900,426.9,20190600,416.8,20190900
2019-06-06 10:00:00,416.8,20190900,426.8,20190600,416.8,20190900
2019-06-06 15:00:00,416.8,20190900,423.1,20190600,416.8,20190900
2019-06-07 07:00:00,416.8,20190900,425.1,20190600,416.8,20190900
2019-06-07 08:00:00,416.8,20190900,426.2,20190600,416.8,20190900
2019-06-07 11:00:00,416.8,20190900,426.6,20190600,416.8,20190900
2019-06-07 14:00:00,416.8,20190900,428.3,20190600,416.8,20190900
2019-06-07 15:00:00,416.8,20190900,427.5,20190600,416.8,20190900
2019-06-10 08:00:00,416.8,20190900,430.4,20190600,416.8,20190900
2019-06-10 15:00:00,416.8,20190900,429.8,20190600,416.8,20190900
2019-06-11 07:00:00,416.8,20190900,431.1,20190600,416.8,20190900
2019-06-11 09:00:00,416.8,20190900,431.6,20190600,416.8,20190900
2019-06-11 12:00:00,416.8,20190900,433.0,20190600,416.8,20190900
2019-06-11 14:00:00,416.8,20190900,432.7,20190600,416.8,20190900
2019-06-11 15:00:00,416.8,20190900,432.6,20190600,416.8,20190900
2019-06-12 08:00:00,416.8,20190900,429.8,20190600,416.8,20190900
2019-06-12 10:00:00,416.8,20190900,429.4,20190600,416.8,20190900
2019-06-13 12:00:00,416.8,20190900,430.7,20190600,416.8,20190900
2019-06-17 14:00:00,424.1,20190900,426.8,20190600,424.1,20190900
2019-06-18 15:00:00,424.1,20191200,430.5,20190900,424.1,20191200
2019-06-19 13:00:00,424.1,20191200,431.5,20190900,424.1,20191200
2019-06-19 15:00:00,424.1,20191200,430.8,20190900,424.1,20191200
2019-06-20 07:00:00,424.1,20191200,433.7,20190900,424.1,20191200
2019-06-20 13:00:00,424.1,20191200,432.7,20190900,424.1,20191200
2019-06-20 15:00:00,424.1,20191200,431.5,20190900,424.1,20191200
2019-06-21 09:00:00,424.1,20191200,430.6,20190900,424.1,20191200
2019-06-21 15:00:00,424.1,20191200,429.2,20190900,424.1,20191200
2019-06-24 07:00:00,424.1,20191200,431.1,20190900,424.1,20191200
2019-06-24 10:00:00,424.1,20191200,429.2,20190900,424.1,20191200
2019-06-24 13:00:00,424.1,20191200,429.2,20190900,424.1,20191200
2019-06-24 15:00:00,424.1,20191200,428.9,20190900,424.1,20191200
2019-06-25 11:00:00,424.1,20191200,427.7,20190900,424.1,20191200
2019-06-25 12:00:00,424.1,20191200,428.0,20190900,424.1,20191200
2019-06-25 13:00:00,424.1,20191200,428.4,20190900,424.1,20191200
2019-06-25 14:00:00,424.1,20191200,428.3,20190900,424.1,20191200
2019-06-25 15:00:00,424.1,20191200,428.5,20190900,424.1,20191200
2019-06-26 07:00:00,424.1,20191200,426.6,20190900,424.1,20191200
2019-06-26 08:00:00,424.1,20191200,426.9,20190900,424.1,20191200
2019-06-26 12:00:00,424.1,20191200,427.3,20190900,424.1,20191200
2019-06-26 15:00:00,424.1,20191200,427.3,20190900,424.1,20191200
2019-06-27 09:00:00,424.1,20191200,427.5,20190900,424.1,20191200
2019-06-27 11:00:00,424.1,20191200,427.4,20190900,424.1,20191200
2019-06-27 15:00:00,424.1,20191200,428.4,20190900,424.1,20191200
2019-06-28 07:00:00,424.1,20191200,429.0,20190900,424.1,20191200
2019-06-28 08:00:00,424.1,20191200,429.3,20190900,424.1,20191200
2019-06-28 15:00:00,424.1,20191200,431.3,20190900,424.1,20191200
2019-07-01 08:00:00,424.1,20191200,434.7,20190900,424.1,20191200
2019-07-01 14:00:00,424.1,20191200,435.2,20190900,424.1,20191200
2019-07-01 15:00:00,424.1,20191200,435.2,20190900,424.1,20191200
2019-07-02 15:00:00,424.1,20191200,435.3,20190900,424.1,20191200
2019-07-03 13:00:00,424.1,20191200,439.4,20190900,424.1,20191200
2019-07-03 14:00:00,424.1,20191200,439.5,20190900,424.1,20191200
2019-07-03 15:00:00,424.1,20191200,440.2,20190900,424.1,20191200
2019-07-04 15:00:00,424.1,20191200,441.2,20190900,424.1,20191200
2019-07-05 14:00:00,424.1,20191200,437.5,20190900,424.1,20191200
2019-07-05 15:00:00,424.1,20191200,437.3,20190900,424.1,20191200
2019-07-08 15:00:00,424.1,20191200,435.7,20190900,424.1,20191200
2019-07-09 07:00:00,424.1,20191200,433.3,20190900,424.1,20191200
2019-07-09 15:00:00,424.1,20191200,433.8,20190900,424.1,20191200
2019-07-10 09:00:00,424.1,20191200,433.7,20190900,424.1,20191200
2019-07-10 12:00:00,424.1,20191200,434.2,20190900,424.1,20191200
2019-07-10 13:00:00,424.1,20191200,434.9,20190900,424.1,20191200
2019-07-10 15:00:00,424.1,20191200,433.4,20190900,424.1,20191200
2019-07-11 12:00:00,424.1,20191200,433.2,20190900,424.1,20191200
2019-07-11 13:00:00,424.1,20191200,434.2,20190900,424.1,20191200
2019-07-11 14:00:00,424.1,20191200,432.2,20190900,424.1,20191200
2019-07-11 15:00:00,424.1,20191200,432.5,20190900,424.1,20191200
2019-07-12 14:00:00,424.1,20191200,434.5,20190900,424.1,20191200
2019-07-12 15:00:00,424.1,20191200,434.7,20190900,424.1,20191200
2019-07-15 13:00:00,424.1,20191200,436.4,20190900,424.1,20191200
2019-07-15 14:00:00,424.1,20191200,437.5,20190900,424.1,20191200
2019-07-15 15:00:00,424.1,20191200,437.3,20190900,424.1,20191200
2019-07-16 07:00:00,424.1,20191200,437.0,20190900,424.1,20191200
2019-07-16 08:00:00,424.1,20191200,437.2,20190900,424.1,20191200
2019-07-16 11:00:00,424.1,20191200,437.2,20190900,424.1,20191200
2019-07-16 13:00:00,424.1,20191200,437.8,20190900,424.1,20191200
2019-07-16 15:00:00,424.1,20191200,438.6,20190900,424.1,20191200
2019-07-17 11:00:00,424.1,20191200,437.5,20190900,424.1,20191200
2019-07-17 12:00:00,424.1,20191200,437.7,20190900,424.1,20191200
2019-07-17 13:00:00,424.1,20191200,437.3,20190900,424.1,20191200
2019-07-17 14:00:00,424.1,20191200,435.7,20190900,424.1,20191200
2019-07-17 15:00:00,424.1,20191200,435.7,20190900,424.1,20191200
2019-07-18 07:00:00,424.1,20191200,433.0,20190900,424.1,20191200
2019-07-18 08:00:00,424.1,20191200,432.8,20190900,424.1,20191200
2019-07-18 11:00:00,424.1,20191200,434.5,20190900,424.1,20191200
2019-07-18 14:00:00,424.1,20191200,433.7,20190900,424.1,20191200
2019-07-18 15:00:00,424.1,20191200,433.9,20190900,424.1,20191200
2019-07-19 08:00:00,424.1,20191200,437.8,20190900,424.1,20191200
2019-07-19 11:00:00,424.1,20191200,434.7,20190900,424.1,20191200
2019-07-19 13:00:00,424.1,20191200,435.2,20190900,424.1,20191200
2019-07-19 15:00:00,424.1,20191200,434.7,20190900,424.1,20191200
2019-07-22 07:00:00,424.1,20191200,435.3,20190900,424.1,20191200
2019-07-22 12:00:00,424.1,20191200,436.2,20190900,424.1,20191200
2019-07-22 14:00:00,424.1,20191200,434.9,20190900,424.1,20191200
2019-07-22 15:00:00,424.1,20191200,435.8,20190900,424.1,20191200
2019-07-23 07:00:00,424.1,20191200,437.2,20190900,424.1,20191200
2019-07-23 08:00:00,424.1,20191200,437.8,20190900,424.1,20191200
2019-07-23 12:00:00,424.1,20191200,440.2,20190900,424.1,20191200
2019-07-23 14:00:00,424.1,20191200,440.9,20190900,424.1,20191200
2019-07-23 15:00:00,424.1,20191200,440.8,20190900,424.1,20191200
2019-07-24 07:00:00,424.1,20191200,442.1,20190900,424.1,20191200
2019-07-24 09:00:00,424.1,20191200,440.8,20190900,424.1,20191200
2019-07-24 11:00:00,424.1,20191200,441.9,20190900,424.1,20191200
2019-07-24 12:00:00,424.1,20191200,442.1,20190900,424.1,20191200
2019-07-24 15:00:00,424.1,20191200,442.9,20190900,424.1,20191200
2019-07-25 07:00:00,424.1,20191200,444.0,20190900,424.1,20191200
2019-07-25 11:00:00,424.1,20191200,441.8,20190900,424.1,20191200
2019-07-25 15:00:00,424.1,20191200,440.8,20190900,424.1,20191200
2019-07-26 14:00:00,424.1,20191200,440.5,20190900,424.1,20191200
2019-07-26 15:00:00,424.1,20191200,441.5,20190900,424.1,20191200
2019-07-29 08:00:00,424.1,20191200,441.9,20190900,424.1,20191200
2019-07-29 12:00:00,424.1,20191200,441.1,20190900,424.1,20191200
2019-07-29 13:00:00,424.1,20191200,440.6,20190900,424.1,20191200
2019-07-29 14:00:00,424.1,20191200,440.9,20190900,424.1,20191200
2019-07-29 15:00:00,424.1,20191200,440.6,20190900,424.1,20191200
2019-07-30 07:00:00,424.1,20191200,438.1,20190900,424.1,20191200
2019-07-30 08:00:00,424.1,20191200,437.7,20190900,424.1,20191200
2019-07-30 09:00:00,424.1,20191200,435.4,20190900,424.1,20191200
2019-07-30 10:00:00,424.1,20191200,435.3,20190900,424.1,20191200
2019-07-30 11:00:00,424.1,20191200,433.7,20190900,424.1,20191200
2019-07-30 12:00:00,424.1,20191200,433.7,20190900,424.1,20191200
2019-07-30 14:00:00,424.1,20191200,431.9,20190900,424.1,20191200
2019-07-31 13:00:00,424.1,20191200,434.6,20190900,424.1,20191200
2019-07-31 14:00:00,424.1,20191200,434.3,20190900,424.1,20191200
2019-08-01 07:00:00,424.1,20191200,437.0,20190900,424.1,20191200
2019-08-01 09:00:00,424.1,20191200,437.6,20190900,424.1,20191200
2019-08-01 10:00:00,424.1,20191200,438.1,20190900,424.1,20191200
2019-08-01 11:00:00,424.1,20191200,436.5,20190900,424.1,20191200
2019-08-01 14:00:00,424.1,20191200,437.3,20190900,424.1,20191200
2019-08-01 15:00:00,424.1,20191200,438.2,20190900,424.1,20191200
2019-08-02 08:00:00,424.1,20191200,428.5,20190900,424.1,20191200
2019-08-02 09:00:00,424.1,20191200,429.6,20190900,424.1,20191200
2019-08-02 10:00:00,424.1,20191200,430.9,20190900,424.1,20191200
2019-08-02 13:00:00,424.1,20191200,432.4,20190900,424.1,20191200
2019-08-02 15:00:00,424.1,20191200,429.1,20190900,424.1,20191200
2019-08-05 08:00:00,424.1,20191200,420.1,20190900,424.1,20191200
2019-08-05 09:00:00,424.1,20191200,421.3,20190900,424.1,20191200
2019-08-05 10:00:00,424.1,20191200,420.3,20190900,424.1,20191200
2019-08-05 11:00:00,424.1,20191200,421.1,20190900,424.1,20191200
2019-08-05 12:00:00,424.1,20191200,421.2,20190900,424.1,20191200
2019-08-05 13:00:00,424.1,20191200,421.1,20190900,424.1,20191200
2019-08-05 14:00:00,424.1,20191200,419.0,20190900,424.1,20191200
2019-08-05 15:00:00,424.1,20191200,419.3,20190900,424.1,20191200
2019-08-06 14:00:00,424.1,20191200,421.8,20190900,424.1,20191200
2019-08-06 15:00:00,424.1,20191200,418.5,20190900,424.1,20191200
2019-08-07 10:00:00,424.1,20191200,423.7,20190900,424.1,20191200
2019-08-07 12:00:00,424.1,20191200,420.4,20190900,424.1,20191200
2019-08-07 15:00:00,424.1,20191200,419.9,20190900,424.1,20191200
2019-08-08 13:00:00,424.1,20191200,425.5,20190900,424.1,20191200
2019-08-08 14:00:00,424.1,20191200,425.7,20190900,424.1,20191200
2019-08-08 15:00:00,424.1,20191200,426.0,20190900,424.1,20191200
2019-08-09 07:00:00,424.1,20191200,425.3,20190900,424.1,20191200
2019-08-09 08:00:00,424.1,20191200,423.6,20190900,424.1,20191200
2019-08-09 09:00:00,424.1,20191200,423.1,20190900,424.1,20191200
2019-08-09 10:00:00,424.1,20191200,423.5,20190900,424.1,20191200
2019-08-09 11:00:00,424.1,20191200,422.5,20190900,424.1,20191200
2019-08-09 12:00:00,424.1,20191200,423.0,20190900,424.1,20191200
2019-08-09 13:00:00,424.1,20191200,423.0,20190900,424.1,20191200
2019-08-09 14:00:00,424.1,20191200,422.7,20190900,424.1,20191200
2019-08-09 15:00:00,424.1,20191200,421.8,20190900,424.1,20191200
2019-08-12 09:00:00,424.1,20191200,421.5,20190900,424.1,20191200
2019-08-12 10:00:00,424.1,20191200,419.2,20190900,424.1,20191200
2019-08-12 12:00:00,424.1,20191200,420.2,20190900,424.1,20191200
2019-08-12 13:00:00,424.1,20191200,420.5,20190900,424.1,20191200
2019-08-12 14:00:00,424.1,20191200,420.4,20190900,424.1,20191200
2019-08-13 07:00:00,424.1,20191200,417.6,20190900,424.1,20191200
2019-08-13 08:00:00,424.1,20191200,418.0,20190900,424.1,20191200
2019-08-13 09:00:00,424.1,20191200,416.7,20190900,424.1,20191200
2019-08-13 13:00:00,424.1,20191200,419.7,20190900,424.1,20191200
2019-08-13 15:00:00,424.1,20191200,421.8,20190900,424.1,20191200
2019-08-14 07:00:00,424.1,20191200,419.4,20190900,424.1,20191200
2019-08-14 09:00:00,424.1,20191200,416.9,20190900,424.1,20191200
2019-08-14 10:00:00,424.1,20191200,416.1,20190900,424.1,20191200
2019-08-14 11:00:00,424.1,20191200,413.7,20190900,424.1,20191200
2019-08-14 15:00:00,424.1,20191200,411.7,20190900,424.1,20191200
2019-08-15 09:00:00,424.1,20191200,409.7,20190900,424.1,20191200
2019-08-15 10:00:00,424.1,20191200,405.4,20190900,424.1,20191200
2019-08-15 11:00:00,424.1,20191200,408.0,20190900,424.1,20191200
2019-08-15 13:00:00,424.1,20191200,410.4,20190900,424.1,20191200
2019-08-15 14:00:00,424.1,20191200,409.2,20190900,424.1,20191200
2019-08-16 07:00:00,424.1,20191200,414.1,20190900,424.1,20191200
2019-08-16 08:00:00,424.1,20191200,414.6,20190900,424.1,20191200
2019-08-16 09:00:00,424.1,20191200,414.4,20190900,424.1,20191200
2019-08-16 14:00:00,424.1,20191200,415.6,20190900,424.1,20191200
2019-08-16 15:00:00,424.1,20191200,415.8,20190900,424.1,20191200
2019-08-19 08:00:00,424.1,20191200,419.1,20190900,424.1,20191200
2019-08-19 10:00:00,424.1,20191200,420.7,20190900,424.1,20191200
2019-08-19 15:00:00,424.1,20191200,421.9,20190900,424.1,20191200
2019-08-20 07:00:00,424.1,20191200,422.2,20190900,424.1,20191200
2019-08-20 08:00:00,424.1,20191200,422.2,20190900,424.1,20191200
2019-08-20 15:00:00,424.1,20191200,418.0,20190900,424.1,20191200
2019-08-21 07:00:00,424.1,20191200,421.1,20190900,424.1,20191200
2019-08-21 08:00:00,424.1,20191200,423.1,20190900,424.1,20191200
2019-08-21 15:00:00,424.1,20191200,424.8,20190900,424.1,20191200
2019-08-22 09:00:00,424.1,20191200,424.5,20190900,424.1,20191200
2019-08-22 13:00:00,424.1,20191200,425.6,20190900,424.1,20191200
2019-08-22 14:00:00,424.1,20191200,422.5,20190900,424.1,20191200
2019-08-22 15:00:00,424.1,20191200,422.9,20190900,424.1,20191200
2019-08-23 12:00:00,424.1,20191200,422.5,20190900,424.1,20191200
2019-08-23 15:00:00,424.1,20191200,420.6,20190900,424.1,20191200
2019-08-26 07:00:00,424.1,20191200,416.0,20190900,424.1,20191200
2019-08-26 09:00:00,424.1,20191200,419.5,20190900,424.1,20191200
2019-08-26 15:00:00,424.1,20191200,420.0,20190900,424.1,20191200
2019-08-27 10:00:00,424.1,20191200,421.5,20190900,424.1,20191200
2019-08-27 11:00:00,424.1,20191200,422.3,20190900,424.1,20191200
2019-08-27 12:00:00,424.1,20191200,423.8,20190900,424.1,20191200
2019-08-27 14:00:00,424.1,20191200,424.1,20190900,424.1,20191200
2019-08-27 15:00:00,424.1,20191200,423.4,20190900,424.1,20191200
2019-08-28 08:00:00,424.1,20191200,421.2,20190900,424.1,20191200
2019-08-28 11:00:00,424.1,20191200,420.8,20190900,424.1,20191200
2019-08-28 13:00:00,424.1,20191200,419.4,20190900,424.1,20191200
2019-08-28 15:00:00,424.1,20191200,422.4,20190900,424.1,20191200
2019-08-29 12:00:00,424.1,20191200,427.1,20190900,424.1,20191200
2019-08-29 14:00:00,424.1,20191200,426.4,20190900,424.1,20191200
2019-08-29 15:00:00,424.1,20191200,427.0,20190900,424.1,20191200
2019-08-30 07:00:00,424.1,20191200,429.0,20190900,424.1,20191200
2019-08-30 08:00:00,424.1,20191200,431.2,20190900,424.1,20191200
2019-08-30 13:00:00,424.1,20191200,432.3,20190900,424.1,20191200
2019-08-30 15:00:00,424.1,20191200,430.0,20190900,424.1,20191200
2019-09-02 14:00:00,424.1,20191200,431.5,20190900,424.1,20191200
2019-09-02 15:00:00,424.1,20191200,431.2,20190900,424.1,20191200
2019-09-03 14:00:00,424.1,20191200,428.8,20190900,424.1,20191200
2019-09-03 15:00:00,424.1,20191200,428.8,20190900,424.1,20191200
2019-09-04 07:00:00,424.1,20191200,434.5,20190900,424.1,20191200
2019-09-04 08:00:00,424.1,20191200,434.1,20190900,424.1,20191200
2019-09-04 09:00:00,424.1,20191200,434.0,20190900,424.1,20191200
2019-09-04 10:00:00,424.1,20191200,433.6,20190900,424.1,20191200
2019-09-04 11:00:00,424.1,20191200,434.3,20190900,424.1,20191200
2019-09-04 12:00:00,424.1,20191200,434.1,20190900,424.1,20191200
2019-09-04 13:00:00,424.1,20191200,433.9,20190900,424.1,20191200
2019-09-04 14:00:00,424.1,20191200,433.6,20190900,424.1,20191200
2019-09-04 15:00:00,424.1,20191200,433.9,20190900,424.1,20191200
2019-09-05 07:00:00,424.1,20191200,435.2,20190900,424.1,20191200
2019-09-05 08:00:00,424.1,20191200,436.5,20190900,424.1,20191200
2019-09-05 09:00:00,424.1,20191200,436.2,20190900,424.1,20191200
2019-09-05 13:00:00,424.1,20191200,437.1,20190900,424.1,20191200
2019-09-05 14:00:00,424.1,20191200,437.2,20190900,424.1,20191200
2019-09-05 15:00:00,424.1,20191200,437.2,20190900,424.1,20191200
2019-09-06 14:00:00,424.1,20191200,437.5,20190900,424.1,20191200
2019-09-06 15:00:00,424.1,20191200,437.2,20190900,424.1,20191200
2019-09-09 11:00:00,424.1,20191200,437.1,20190900,424.1,20191200
2019-09-09 15:00:00,424.1,20191200,436.6,20190900,424.1,20191200
2019-09-10 08:00:00,424.1,20191200,434.3,20190900,424.1,20191200
2019-09-10 12:00:00,424.1,20191200,436.2,20190900,424.1,20191200
2019-09-10 15:00:00,424.1,20191200,438.1,20190900,424.1,20191200
2019-09-11 07:00:00,424.1,20191200,439.4,20190900,424.1,20191200
2019-09-11 13:00:00,424.1,20191200,440.3,20190900,424.1,20191200
2019-09-11 14:00:00,424.1,20191200,439.8,20190900,424.1,20191200
2019-09-12 11:00:00,424.1,20191200,442.1,20190900,424.1,20191200
2019-09-12 12:00:00,424.1,20191200,442.7,20190900,424.1,20191200
2019-09-12 13:00:00,424.1,20191200,439.4,20190900,424.1,20191200
2019-09-12 14:00:00,424.1,20191200,440.9,20190900,424.1,20191200
2019-09-12 15:00:00,424.1,20191200,441.6,20190900,424.1,20191200
2019-09-13 07:00:00,424.1,20191200,442.5,20190900,424.1,20191200
2019-09-13 08:00:00,424.1,20191200,442.5,20190900,424.1,20191200
2019-09-13 10:00:00,424.1,20191200,443.2,20190900,424.1,20191200
2019-09-13 11:00:00,424.1,20191200,443.5,20190900,424.1,20191200
2019-09-13 12:00:00,424.1,20191200,442.6,20190900,424.1,20191200
2019-09-13 13:00:00,424.1,20191200,442.6,20190900,424.1,20191200
2019-09-13 14:00:00,424.1,20191200,443.3,20190900,424.1,20191200
2019-09-13 15:00:00,424.1,20191200,443.1,20190900,424.1,20191200
2019-09-16 07:00:00,424.1,20191200,440.4,20190900,424.1,20191200
2019-09-16 08:00:00,424.1,20191200,440.3,20190900,424.1,20191200
2019-09-16 09:00:00,424.1,20191200,440.4,20190900,424.1,20191200
2019-09-16 11:00:00,424.1,20191200,441.2,20190900,424.1,20191200
2019-09-16 12:00:00,424.1,20191200,441.0,20190900,424.1,20191200
2019-09-16 13:00:00,424.1,20191200,441.6,20190900,424.1,20191200
2019-09-16 14:00:00,424.1,20191200,442.0,20190900,424.1,20191200
2019-09-17 13:00:00,424.1,20191200,438.7,20190900,424.1,20191200
2019-09-18 08:00:00,438.5,20191200,440.0,20190900,438.5,20191200
2019-09-18 10:00:00,438.5,20200300,438.5,20191200,438.5,20200300
2019-09-18 11:00:00,438.5,20200300,438.5,20191200,438.5,20200300
2019-09-18 12:00:00,438.5,20200300,438.0,20191200,438.5,20200300
2019-09-18 14:00:00,438.5,20200300,438.6,20191200,438.5,20200300
2019-09-19 13:00:00,438.5,20200300,440.3,20191200,438.5,20200300
2019-09-19 14:00:00,438.5,20200300,440.5,20191200,438.5,20200300
2019-09-19 15:00:00,438.5,20200300,440.6,20191200,438.5,20200300
2019-09-20 07:00:00,438.5,20200300,440.6,20191200,438.5,20200300
2019-09-20 08:00:00,438.5,20200300,440.5,20191200,438.5,20200300
2019-09-20 10:00:00,438.5,20200300,440.3,20191200,438.5,20200300
2019-09-20 15:00:00,438.5,20200300,440.0,20191200,438.5,20200300
2019-09-23 07:00:00,438.5,20200300,437.5,20191200,438.5,20200300
2019-09-23 08:00:00,438.5,20200300,435.5,20191200,438.5,20200300
2019-09-23 09:00:00,438.5,20200300,434.9,20191200,438.5,20200300
2019-09-24 07:00:00,438.5,20200300,436.8,20191200,438.5,20200300
2019-09-24 10:00:00,438.5,20200300,437.4,20191200,438.5,20200300
2019-09-24 12:00:00,438.5,20200300,437.0,20191200,438.5,20200300
2019-09-24 15:00:00,438.5,20200300,437.1,20191200,438.5,20200300
2019-09-25 07:00:00,438.5,20200300,432.0,20191200,438.5,20200300
2019-09-25 08:00:00,438.5,20200300,431.6,20191200,438.5,20200300
2019-09-25 13:00:00,438.5,20200300,431.8,20191200,438.5,20200300
2019-09-25 14:00:00,438.5,20200300,431.1,20191200,438.5,20200300
2019-09-25 15:00:00,438.5,20200300,434.1,20191200,438.5,20200300
2019-09-26 09:00:00,438.5,20200300,436.1,20191200,438.5,20200300
2019-09-26 14:00:00,438.5,20200300,435.7,20191200,438.5,20200300
2019-09-26 15:00:00,438.5,20200300,435.7,20191200,438.5,20200300
2019-09-27 07:00:00,438.5,20200300,436.6,20191200,438.5,20200300
2019-09-27 08:00:00,438.5,20200300,437.5,20191200,438.5,20200300
2019-09-27 09:00:00,438.5,20200300,437.8,20191200,438.5,20200300
2019-09-27 10:00:00,438.5,20200300,437.9,20191200,438.5,20200300
2019-09-27 11:00:00,438.5,20200300,438.0,20191200,438.5,20200300
2019-09-27 12:00:00,438.5,20200300,437.8,20191200,438.5,20200300
2019-09-27 13:00:00,438.5,20200300,437.6,20191200,438.5,20200300
2019-09-27 15:00:00,438.5,20200300,438.5,20191200,438.5,20200300
2019-09-30 07:00:00,438.5,20200300,437.9,20191200,438.5,20200300
2019-09-30 08:00:00,438.5,20200300,438.5,20191200,438.5,20200300
2019-09-30 09:00:00,438.5,20200300,439.5,20191200,438.5,20200300
2019-09-30 10:00:00,438.5,20200300,439.6,20191200,438.5,20200300
2019-09-30 13:00:00,438.5,20200300,439.6,20191200,438.5,20200300
2019-09-30 15:00:00,438.5,20200300,439.8,20191200,438.5,20200300
2019-10-01 07:00:00,438.5,20200300,441.4,20191200,438.5,20200300
2019-10-01 09:00:00,438.5,20200300,439.9,20191200,438.5,20200300
2019-10-01 14:00:00,438.5,20200300,436.2,20191200,438.5,20200300
2019-10-01 15:00:00,438.5,20200300,436.0,20191200,438.5,20200300
2019-10-02 07:00:00,438.5,20200300,432.2,20191200,438.5,20200300
2019-10-02 08:00:00,438.5,20200300,431.6,20191200,438.5,20200300
2019-10-02 09:00:00,438.5,20200300,431.4,20191200,438.5,20200300
2019-10-02 10:00:00,438.5,20200300,430.4,20191200,438.5,20200300
2019-10-02 11:00:00,438.5,20200300,430.7,20191200,438.5,20200300
2019-10-02 12:00:00,438.5,20200300,429.3,20191200,438.5,20200300
2019-10-02 13:00:00,438.5,20200300,428.4,20191200,438.5,20200300
2019-10-02 14:00:00,438.5,20200300,427.1,20191200,438.5,20200300
2019-10-02 15:00:00,438.5,20200300,426.4,20191200,438.5,20200300
2019-10-03 08:00:00,438.5,20200300,428.4,20191200,438.5,20200300
2019-10-03 13:00:00,438.5,20200300,426.6,20191200,438.5,20200300
2019-10-03 14:00:00,438.5,20200300,424.3,20191200,438.5,20200300
2019-10-03 15:00:00,438.5,20200300,426.8,20191200,438.5,20200300
2019-10-04 11:00:00,438.5,20200300,427.5,20191200,438.5,20200300
2019-10-04 12:00:00,438.5,20200300,427.4,20191200,438.5,20200300
2019-10-04 14:00:00,438.5,20200300,429.1,20191200,438.5,20200300
2019-10-04 15:00:00,438.5,20200300,429.8,20191200,438.5,20200300
2019-10-08 07:00:00,438.5,20200300,430.5,20191200,438.5,20200300
2019-10-08 10:00:00,438.5,20200300,427.8,20191200,438.5,20200300
2019-10-08 11:00:00,438.5,20200300,427.1,20191200,438.5,20200300
2019-10-08 15:00:00,438.5,20200300,427.7,20191200,438.5,20200300
2019-10-09 07:00:00,438.5,20200300,427.5,20191200,438.5,20200300
2019-10-09 08:00:00,438.5,20200300,428.3,20191200,438.5,20200300
2019-10-09 09:00:00,438.5,20200300,428.9,20191200,438.5,20200300
2019-10-09 10:00:00,438.5,20200300,428.8,20191200,438.5,20200300
2019-10-09 11:00:00,438.5,20200300,430.2,20191200,438.5,20200300
2019-10-09 12:00:00,438.5,20200300,430.0,20191200,438.5,20200300
2019-10-09 13:00:00,438.5,20200300,429.3,20191200,438.5,20200300
2019-10-09 14:00:00,438.5,20200300,429.5,20191200,438.5,20200300
2019-10-09 15:00:00,438.5,20200300,429.6,20191200,438.5,20200300
2019-10-10 07:00:00,438.5,20200300,430.2,20191200,438.5,20200300
2019-10-10 09:00:00,438.5,20200300,429.1,20191200,438.5,20200300
2019-10-10 10:00:00,438.5,20200300,429.8,20191200,438.5,20200300
2019-10-10 11:00:00,438.5,20200300,429.4,20191200,438.5,20200300
2019-10-10 12:00:00,438.5,20200300,429.9,20191200,438.5,20200300
2019-10-10 13:00:00,438.5,20200300,432.0,20191200,438.5,20200300
2019-10-10 14:00:00,438.5,20200300,433.1,20191200,438.5,20200300
2019-10-10 15:00:00,438.5,20200300,433.8,20191200,438.5,20200300
2019-10-11 08:00:00,438.5,20200300,436.1,20191200,438.5,20200300
2019-10-11 10:00:00,438.5,20200300,438.7,20191200,438.5,20200300
2019-10-11 11:00:00,438.5,20200300,439.6,20191200,438.5,20200300
2019-10-11 13:00:00,438.5,20200300,440.2,20191200,438.5,20200300
2019-10-11 14:00:00,438.5,20200300,441.1,20191200,438.5,20200300
2019-10-11 15:00:00,438.5,20200300,441.8,20191200,438.5,20200300
2019-10-14 07:00:00,438.5,20200300,438.8,20191200,438.5,20200300
2019-10-14 08:00:00,438.5,20200300,438.9,20191200,438.5,20200300
2019-10-14 09:00:00,438.5,20200300,437.4,20191200,438.5,20200300
2019-10-14 10:00:00,438.5,20200300,438.2,20191200,438.5,20200300
2019-10-14 11:00:00,438.5,20200300,438.9,20191200,438.5,20200300
2019-10-14 12:00:00,438.5,20200300,439.4,20191200,438.5,20200300
2019-10-14 13:00:00,438.5,20200300,440.2,20191200,438.5,20200300
2019-10-14 14:00:00,438.5,20200300,440.5,20191200,438.5,20200300
2019-10-14 15:00:00,438.5,20200300,440.9,20191200,438.5,20200300
2019-10-15 08:00:00,438.5,20200300,442.3,20191200,438.5,20200300
2019-10-15 12:00:00,438.5,20200300,443.0,20191200,438.5,20200300
2019-10-15 14:00:00,438.5,20200300,445.1,20191200,438.5,20200300
2019-10-16 07:00:00,438.5,20200300,443.2,20191200,438.5,20200300
2019-10-16 08:00:00,438.5,20200300,444.5,20191200,438.5,20200300
2019-10-16 09:00:00,438.5,20200300,444.3,20191200,438.5,20200300
2019-10-16 12:00:00,438.5,20200300,446.1,20191200,438.5,20200300
2019-10-17 07:00:00,438.5,20200300,446.7,20191200,438.5,20200300
2019-10-17 08:00:00,438.5,20200300,446.9,20191200,438.5,20200300
2019-10-17 09:00:00,438.5,20200300,450.0,20191200,438.5,20200300
2019-10-17 10:00:00,438.5,20200300,448.5,20191200,438.5,20200300
2019-10-17 11:00:00,438.5,20200300,447.8,20191200,438.5,20200300
2019-10-17 12:00:00,438.5,20200300,447.4,20191200,438.5,20200300
2019-10-17 13:00:00,438.5,20200300,447.7,20191200,438.5,20200300
2019-10-17 14:00:00,438.5,20200300,447.6,20191200,438.5,20200300
2019-10-17 15:00:00,438.5,20200300,446.9,20191200,438.5,20200300
2019-10-18 08:00:00,438.5,20200300,446.4,20191200,438.5,20200300
2019-10-18 09:00:00,438.5,20200300,446.0,20191200,438.5,20200300
2019-10-18 10:00:00,438.5,20200300,446.4,20191200,438.5,20200300
2019-10-18 15:00:00,438.5,20200300,445.2,20191200,438.5,20200300
2019-10-21 08:00:00,438.5,20200300,447.1,20191200,438.5,20200300
2019-10-21 15:00:00,438.5,20200300,448.0,20191200,438.5,20200300
2019-10-22 08:00:00,438.5,20200300,446.9,20191200,438.5,20200300
2019-10-22 10:00:00,438.5,20200300,447.7,20191200,438.5,20200300
2019-10-22 11:00:00,438.5,20200300,447.8,20191200,438.5,20200300
2019-10-22 12:00:00,438.5,20200300,447.4,20191200,438.5,20200300
2019-10-22 13:00:00,438.5,20200300,447.1,20191200,438.5,20200300
2019-10-23 08:00:00,438.5,20200300,446.6,20191200,438.5,20200300
2019-10-23 10:00:00,438.5,20200300,447.1,20191200,438.5,20200300
2019-10-24 12:00:00,438.5,20200300,449.3,20191200,438.5,20200300
2019-10-24 13:00:00,438.5,20200300,450.1,20191200,438.5,20200300
2019-10-24 15:00:00,438.5,20200300,450.3,20191200,438.5,20200300
2019-10-25 08:00:00,438.5,20200300,448.5,20191200,438.5,20200300
2019-10-25 09:00:00,438.5,20200300,448.4,20191200,438.5,20200300
2019-10-25 11:00:00,438.5,20200300,448.3,20191200,438.5,20200300
2019-10-25 12:00:00,438.5,20200300,447.9,20191200,438.5,20200300
2019-10-29 08:00:00,438.5,20200300,449.9,20191200,438.5,20200300
2019-10-29 11:00:00,438.5,20200300,449.8,20191200,438.5,20200300
2019-10-29 13:00:00,438.5,20200300,450.6,20191200,438.5,20200300
2019-10-29 15:00:00,438.5,20200300,450.8,20191200,438.5,20200300
2019-10-29 16:00:00,438.5,20200300,451.5,20191200,438.5,20200300
2019-10-30 14:00:00,438.5,20200300,448.9,20191200,438.5,20200300
2019-10-31 08:00:00,438.5,20200300,451.1,20191200,438.5,20200300
2019-10-31 09:00:00,438.5,20200300,448.2,20191200,438.5,20200300
2019-10-31 15:00:00,438.5,20200300,451.0,20191200,438.5,20200300
2019-10-31 16:00:00,438.5,20200300,450.2,20191200,438.5,20200300
2019-11-01 15:00:00,438.5,20200300,454.8,20191200,438.5,20200300
2019-11-01 16:00:00,438.5,20200300,454.6,20191200,438.5,20200300
2019-11-04 08:00:00,438.5,20200300,457.9,20191200,438.5,20200300
2019-11-04 09:00:00,438.5,20200300,458.5,20191200,438.5,20200300
2019-11-04 15:00:00,438.5,20200300,459.9,20191200,438.5,20200300
2019-11-04 16:00:00,438.5,20200300,459.6,20191200,438.5,20200300
2019-11-06 08:00:00,438.5,20200300,460.6,20191200,438.5,20200300
2019-11-06 09:00:00,438.5,20200300,460.4,20191200,438.5,20200300
2019-11-06 15:00:00,438.5,20200300,460.7,20191200,438.5,20200300
2019-11-07 15:00:00,438.5,20200300,463.9,20191200,438.5,20200300
2019-11-07 16:00:00,438.5,20200300,463.4,20191200,438.5,20200300
2019-11-08 08:00:00,438.5,20200300,461.5,20191200,438.5,20200300
2019-11-08 13:00:00,438.5,20200300,461.0,20191200,438.5,20200300
2019-11-08 14:00:00,438.5,20200300,461.7,20191200,438.5,20200300
2019-11-11 08:00:00,438.5,20200300,461.9,20191200,438.5,20200300
2019-11-11 09:00:00,438.5,20200300,461.7,20191200,438.5,20200300
2019-11-11 10:00:00,438.5,20200300,461.2,20191200,438.5,20200300
2019-11-11 14:00:00,438.5,20200300,460.7,20191200,438.5,20200300
2019-11-11 16:00:00,438.5,20200300,462.2,20191200,438.5,20200300
2019-11-12 08:00:00,438.5,20200300,461.7,20191200,438.5,20200300
2019-11-12 10:00:00,438.5,20200300,462.3,20191200,438.5,20200300
2019-11-12 11:00:00,438.5,20200300,462.7,20191200,438.5,20200300
2019-11-12 12:00:00,438.5,20200300,462.6,20191200,438.5,20200300
2019-11-12 13:00:00,438.5,20200300,462.0,20191200,438.5,20200300
2019-11-12 15:00:00,438.5,20200300,462.5,20191200,438.5,20200300
2019-11-13 08:00:00,438.5,20200300,460.1,20191200,438.5,20200300
2019-11-13 10:00:00,438.5,20200300,458.1,20191200,438.5,20200300
2019-11-13 16:00:00,438.5,20200300,460.4,20191200,438.5,20200300
2019-11-14 08:00:00,438.5,20200300,459.7,20191200,438.5,20200300
2019-11-14 11:00:00,438.5,20200300,459.2,20191200,438.5,20200300
2019-11-14 15:00:00,438.5,20200300,459.4,20191200,438.5,20200300
2019-11-15 10:00:00,438.5,20200300,459.8,20191200,438.5,20200300
2019-11-15 15:00:00,438.5,20200300,461.4,20191200,438.5,20200300
2019-11-15 16:00:00,438.5,20200300,462.7,20191200,438.5,20200300
2019-11-18 13:00:00,438.5,20200300,461.6,20191200,438.5,20200300
2019-11-18 16:00:00,438.5,20200300,462.3,20191200,438.5,20200300
2019-11-19 08:00:00,438.5,20200300,463.2,20191200,438.5,20200300
2019-11-19 16:00:00,438.5,20200300,461.9,20191200,438.5,20200300
2019-11-20 09:00:00,438.5,20200300,459.0,20191200,438.5,20200300
2019-11-20 10:00:00,438.5,20200300,458.7,20191200,438.5,20200300
2019-11-20 11:00:00,438.5,20200300,458.5,20191200,438.5,20200300
2019-11-20 13:00:00,438.5,20200300,460.4,20191200,438.5,20200300
2019-11-20 14:00:00,438.5,20200300,461.5,20191200,438.5,20200300
2019-11-20 15:00:00,438.5,20200300,462.1,20191200,438.5,20200300
2019-11-20 16:00:00,438.5,20200300,462.3,20191200,438.5,20200300
2019-11-21 13:00:00,438.5,20200300,459.4,20191200,438.5,20200300
2019-11-21 15:00:00,438.5,20200300,459.5,20191200,438.5,20200300
2019-11-21 16:00:00,438.5,20200300,460.0,20191200,438.5,20200300
2019-11-22 08:00:00,438.5,20200300,460.5,20191200,438.5,20200300
2019-11-22 09:00:00,438.5,20200300,460.6,20191200,438.5,20200300
2019-11-22 11:00:00,438.5,20200300,460.1,20191200,438.5,20200300
2019-11-22 13:00:00,438.5,20200300,460.8,20191200,438.5,20200300
2019-11-22 16:00:00,438.5,20200300,461.0,20191200,438.5,20200300
2019-11-25 15:00:00,438.5,20200300,464.2,20191200,438.5,20200300
2019-11-26 09:00:00,438.5,20200300,462.9,20191200,438.5,20200300
2019-11-26 16:00:00,438.5,20200300,467.0,20191200,438.5,20200300
2019-11-28 15:00:00,438.5,20200300,466.2,20191200,438.5,20200300
2019-11-28 16:00:00,438.5,20200300,466.1,20191200,438.5,20200300
2019-11-29 10:00:00,438.5,20200300,465.6,20191200,438.5,20200300
2019-11-29 11:00:00,438.5,20200300,465.7,20191200,438.5,20200300
2019-11-29 12:00:00,438.5,20200300,466.0,20191200,438.5,20200300
2019-11-29 13:00:00,438.5,20200300,466.4,20191200,438.5,20200300
2019-11-29 16:00:00,438.5,20200300,465.0,20191200,438.5,20200300
2019-12-02 15:00:00,438.5,20200300,459.0,20191200,438.5,20200300
2019-12-02 16:00:00,438.5,20200300,458.4,20191200,438.5,20200300
2019-12-03 08:00:00,438.5,20200300,460.8,20191200,438.5,20200300
2019-12-03 16:00:00,438.5,20200300,456.0,20191200,438.5,20200300
2019-12-04 09:00:00,438.5,20200300,461.2,20191200,438.5,20200300
2019-12-04 10:00:00,438.5,20200300,460.4,20191200,438.5,20200300
2019-12-04 11:00:00,438.5,20200300,461.3,20191200,438.5,20200300
2019-12-04 12:00:00,438.5,20200300,460.5,20191200,438.5,20200300
2019-12-04 13:00:00,438.5,20200300,460.3,20191200,438.5,20200300
2019-12-04 14:00:00,438.5,20200300,460.7,20191200,438.5,20200300
2019-12-04 15:00:00,438.5,20200300,461.5,20191200,438.5,20200300
2019-12-04 16:00:00,438.5,20200300,461.6,20191200,438.5,20200300
2019-12-05 08:00:00,438.5,20200300,463.1,20191200,438.5,20200300
2019-12-05 09:00:00,438.5,20200300,463.4,20191200,438.5,20200300
2019-12-05 10:00:00,438.5,20200300,464.2,20191200,438.5,20200300
2019-12-05 11:00:00,438.5,20200300,464.1,20191200,438.5,20200300
2019-12-05 12:00:00,438.5,20200300,464.0,20191200,438.5,20200300
2019-12-05 13:00:00,438.5,20200300,463.6,20191200,438.5,20200300
2019-12-05 14:00:00,438.5,20200300,461.9,20191200,438.5,20200300
2019-12-05 15:00:00,438.5,20200300,461.8,20191200,438.5,20200300
2019-12-05 16:00:00,438.5,20200300,462.1,20191200,438.5,20200300
2019-12-06 08:00:00,438.5,20200300,462.7,20191200,438.5,20200300
2019-12-06 09:00:00,438.5,20200300,463.0,20191200,438.5,20200300
2019-12-06 10:00:00,438.5,20200300,462.0,20191200,438.5,20200300
2019-12-06 11:00:00,438.5,20200300,462.8,20191200,438.5,20200300
2019-12-06 12:00:00,438.5,20200300,462.1,20191200,438.5,20200300
2019-12-06 13:00:00,438.5,20200300,464.9,20191200,438.5,20200300
2019-12-06 14:00:00,438.5,20200300,465.3,20191200,438.5,20200300
2019-12-06 15:00:00,438.5,20200300,465.2,20191200,438.5,20200300
2019-12-06 16:00:00,438.5,20200300,465.3,20191200,438.5,20200300
2019-12-10 13:00:00,438.5,20200300,460.8,20191200,438.5,20200300
2019-12-10 14:00:00,438.5,20200300,461.2,20191200,438.5,20200300
2019-12-10 15:00:00,438.5,20200300,462.2,20191200,438.5,20200300
2019-12-10 16:00:00,438.5,20200300,462.0,20191200,438.5,20200300
2019-12-11 15:00:00,438.5,20200300,463.1,20191200,438.5,20200300
2019-12-12 09:00:00,438.5,20200300,464.3,20191200,438.5,20200300
2019-12-12 12:00:00,438.5,20200300,462.6,20191200,438.5,20200300
2019-12-12 13:00:00,438.5,20200300,462.1,20191200,438.5,20200300
2019-12-12 14:00:00,438.5,20200300,464.6,20191200,438.5,20200300
2019-12-12 15:00:00,438.5,20200300,465.7,20191200,438.5,20200300
2019-12-12 16:00:00,438.5,20200300,464.9,20191200,438.5,20200300
2019-12-13 08:00:00,438.5,20200300,470.5,20191200,438.5,20200300
2019-12-13 09:00:00,438.5,20200300,470.4,20191200,438.5,20200300
2019-12-13 11:00:00,469.1,20200300,470.4,20191200,469.1,20200300
2019-12-13 13:00:00,469.1,20200300,470.2,20191200,469.1,20200300
2019-12-16 07:00:00,470.4,20200300,472.0,20191200,470.4,20200300
2019-12-16 10:00:00,470.4,20200600,468.7,20200300,470.4,20200600
2019-12-18 11:00:00,470.4,20200600,470.6,20200300,470.4,20200600
2019-12-19 14:00:00,470.4,20200600,470.7,20200300,470.4,20200600
2019-12-23 08:00:00,470.4,20200600,474.4,20200300,470.4,20200600
2019-12-23 16:00:00,470.4,20200600,474.4,20200300,470.4,20200600
2019-12-27 14:00:00,470.4,20200600,475.2,20200300,470.4,20200600
2019-12-27 16:00:00,470.4,20200600,474.6,20200300,470.4,20200600
2019-12-30 16:00:00,470.4,20200600,471.3,20200300,470.4,20200600
2020-01-02 09:00:00,470.4,20200600,474.8,20200300,470.4,20200600
2020-01-03 08:00:00,470.4,20200600,471.8,20200300,470.4,20200600
2020-01-03 10:00:00,470.4,20200600,472.1,20200300,470.4,20200600
2020-01-03 12:00:00,470.4,20200600,472.1,20200300,470.4,20200600
2020-01-03 15:00:00,470.4,20200600,472.5,20200300,470.4,20200600
2020-01-06 09:00:00,470.4,20200600,465.3,20200300,470.4,20200600
2020-01-06 14:00:00,470.4,20200600,468.9,20200300,470.4,20200600
2020-01-06 15:00:00,470.4,20200600,469.9,20200300,470.4,20200600
2020-01-06 16:00:00,470.4,20200600,469.9,20200300,470.4,20200600
2020-01-07 09:00:00,470.4,20200600,473.2,20200300,470.4,20200600
2020-01-07 10:00:00,470.4,20200600,474.0,20200300,470.4,20200600
2020-01-07 11:00:00,470.4,20200600,473.6,20200300,470.4,20200600
2020-01-07 12:00:00,470.4,20200600,473.4,20200300,470.4,20200600
2020-01-07 13:00:00,470.4,20200600,472.4,20200300,470.4,20200600
2020-01-07 14:00:00,470.4,20200600,471.0,20200300,470.4,20200600
2020-01-07 15:00:00,470.4,20200600,472.7,20200300,470.4,20200600
2020-01-07 16:00:00,470.4,20200600,472.6,20200300,470.4,20200600
2020-01-08 08:00:00,470.4,20200600,469.3,20200300,470.4,20200600
2020-01-08 09:00:00,470.4,20200600,469.4,20200300,470.4,20200600
2020-01-08 10:00:00,470.4,20200600,470.8,20200300,470.4,20200600
2020-01-08 12:00:00,470.4,20200600,472.0,20200300,470.4,20200600
2020-01-08 13:00:00,470.4,20200600,471.6,20200300,470.4,20200600
2020-01-08 14:00:00,470.4,20200600,472.5,20200300,470.4,20200600
2020-01-08 15:00:00,470.4,20200600,472.7,20200300,470.4,20200600
2020-01-08 16:00:00,470.4,20200600,473.4,20200300,470.4,20200600
2020-01-09 08:00:00,470.4,20200600,475.2,20200300,470.4,20200600
2020-01-09 09:00:00,470.4,20200600,475.1,20200300,470.4,20200600
2020-01-09 10:00:00,470.4,20200600,474.8,20200300,470.4,20200600
2020-01-09 11:00:00,470.4,20200600,475.1,20200300,470.4,20200600
2020-01-09 12:00:00,470.4,20200600,474.3,20200300,470.4,20200600
2020-01-09 13:00:00,470.4,20200600,474.8,20200300,470.4,20200600
2020-01-09 14:00:00,470.4,20200600,475.3,20200300,470.4,20200600
2020-01-09 15:00:00,470.4,20200600,475.1,20200300,470.4,20200600
2020-01-09 16:00:00,470.4,20200600,474.7,20200300,470.4,20200600
2020-01-10 09:00:00,470.4,20200600,475.2,20200300,470.4,20200600
2020-01-10 10:00:00,470.4,20200600,474.9,20200300,470.4,20200600
2020-01-10 11:00:00,470.4,20200600,475.4,20200300,470.4,20200600
2020-01-10 12:00:00,470.4,20200600,475.2,20200300,470.4,20200600
2020-01-10 13:00:00,470.4,20200600,474.9,20200300,470.4,20200600
2020-01-10 14:00:00,470.4,20200600,474.5,20200300,470.4,20200600
2020-01-10 15:00:00,470.4,20200600,474.7,20200300,470.4,20200600
2020-01-10 16:00:00,470.4,20200600,474.5,20200300,470.4,20200600
2020-01-13 08:00:00,470.4,20200600,474.5,20200300,470.4,20200600
2020-01-13 09:00:00,470.4,20200600,474.5,20200300,470.4,20200600
2020-01-13 11:00:00,470.4,20200600,474.4,20200300,470.4,20200600
2020-01-13 13:00:00,470.4,20200600,473.7,20200300,470.4,20200600
2020-01-13 14:00:00,470.4,20200600,472.6,20200300,470.4,20200600
2020-01-13 15:00:00,470.4,20200600,472.8,20200300,470.4,20200600
2020-01-13 16:00:00,470.4,20200600,473.3,20200300,470.4,20200600
2020-01-14 08:00:00,470.4,20200600,470.3,20200300,470.4,20200600
2020-01-14 09:00:00,470.4,20200600,474.2,20200300,470.4,20200600
2020-01-14 10:00:00,470.4,20200600,473.4,20200300,470.4,20200600
2020-01-14 11:00:00,470.4,20200600,473.3,20200300,470.4,20200600
2020-01-14 12:00:00,470.4,20200600,473.1,20200300,470.4,20200600
2020-01-14 13:00:00,470.4,20200600,473.5,20200300,470.4,20200600
2020-01-14 14:00:00,470.4,20200600,473.2,20200300,470.4,20200600
2020-01-14 15:00:00,470.4,20200600,473.5,20200300,470.4,20200600
2020-01-14 16:00:00,470.4,20200600,473.9,20200300,470.4,20200600
2020-01-15 10:00:00,470.4,20200600,474.1,20200300,470.4,20200600
2020-01-15 12:00:00,470.4,20200600,473.4,20200300,470.4,20200600
2020-01-15 13:00:00,470.4,20200600,473.2,20200300,470.4,20200600
2020-01-15 16:00:00,470.4,20200600,474.2,20200300,470.4,20200600
2020-01-16 08:00:00,470.4,20200600,475.2,20200300,470.4,20200600
2020-01-16 09:00:00,470.4,20200600,474.2,20200300,470.4,20200600
2020-01-16 10:00:00,470.4,20200600,474.4,20200300,470.4,20200600
2020-01-16 11:00:00,470.4,20200600,473.9,20200300,470.4,20200600
2020-01-16 12:00:00,470.4,20200600,474.0,20200300,470.4,20200600
2020-01-16 13:00:00,470.4,20200600,474.6,20200300,470.4,20200600
2020-01-16 14:00:00,470.4,20200600,475.1,20200300,470.4,20200600
2020-01-16 15:00:00,470.4,20200600,475.3,20200300,470.4,20200600
2020-01-16 16:00:00,470.4,20200600,475.5,20200300,470.4,20200600
2020-01-17 08:00:00,470.4,20200600,478.2,20200300,470.4,20200600
2020-01-17 09:00:00,470.4,20200600,478.0,20200300,470.4,20200600
2020-01-17 10:00:00,470.4,20200600,478.1,20200300,470.4,20200600
2020-01-17 11:00:00,470.4,20200600,477.9,20200300,470.4,20200600
2020-01-17 12:00:00,470.4,20200600,477.7,20200300,470.4,20200600
2020-01-17 13:00:00,470.4,20200600,478.2,20200300,470.4,20200600
2020-01-17 15:00:00,470.4,20200600,478.4,20200300,470.4,20200600
2020-01-17 16:00:00,470.4,20200600,478.4,20200300,470.4,20200600
2020-01-20 08:00:00,470.4,20200600,478.0,20200300,470.4,20200600
2020-01-20 09:00:00,470.4,20200600,478.5,20200300,470.4,20200600
2020-01-20 10:00:00,470.4,20200600,478.8,20200300,470.4,20200600
2020-01-20 11:00:00,470.4,20200600,479.7,20200300,470.4,20200600
2020-01-20 12:00:00,470.4,20200600,479.7,20200300,470.4,20200600
2020-01-20 13:00:00,470.4,20200600,479.1,20200300,470.4,20200600
2020-01-20 14:00:00,470.4,20200600,479.3,20200300,470.4,20200600
2020-01-20 15:00:00,470.4,20200600,478.9,20200300,470.4,20200600
2020-01-20 16:00:00,470.4,20200600,478.9,20200300,470.4,20200600
2020-01-21 08:00:00,470.4,20200600,475.0,20200300,470.4,20200600
2020-01-21 09:00:00,470.4,20200600,475.0,20200300,470.4,20200600
2020-01-21 10:00:00,470.4,20200600,475.4,20200300,470.4,20200600
2020-01-21 11:00:00,470.4,20200600,476.6,20200300,470.4,20200600
2020-01-21 12:00:00,470.4,20200600,476.7,20200300,470.4,20200600
2020-01-21 13:00:00,470.4,20200600,476.9,20200300,470.4,20200600
2020-01-21 14:00:00,470.4,20200600,476.6,20200300,470.4,20200600
2020-01-21 15:00:00,470.4,20200600,476.7,20200300,470.4,20200600
2020-01-21 16:00:00,470.4,20200600,476.8,20200300,470.4,20200600
2020-01-22 11:00:00,470.4,20200600,476.6,20200300,470.4,20200600
2020-01-22 13:00:00,470.4,20200600,477.0,20200300,470.4,20200600
2020-01-22 15:00:00,470.4,20200600,476.7,20200300,470.4,20200600
2020-01-22 16:00:00,470.4,20200600,476.3,20200300,470.4,20200600
2020-01-23 08:00:00,470.4,20200600,474.1,20200300,470.4,20200600
2020-01-23 09:00:00,470.4,20200600,474.9,20200300,470.4,20200600
2020-01-23 10:00:00,470.4,20200600,476.2,20200300,470.4,20200600
2020-01-23 15:00:00,470.4,20200600,472.9,20200300,470.4,20200600
2020-01-23 16:00:00,470.4,20200600,472.9,20200300,470.4,20200600
2020-01-24 09:00:00,470.4,20200600,478.2,20200300,470.4,20200600
2020-01-24 15:00:00,470.4,20200600,476.6,20200300,470.4,20200600
2020-01-24 16:00:00,470.4,20200600,478.1,20200300,470.4,20200600
2020-01-27 08:00:00,470.4,20200600,470.0,20200300,470.4,20200600
2020-01-27 15:00:00,470.4,20200600,466.5,20200300,470.4,20200600
2020-01-27 16:00:00,470.4,20200600,466.6,20200300,470.4,20200600
2020-01-28 10:00:00,470.4,20200600,467.9,20200300,470.4,20200600
2020-01-28 11:00:00,470.4,20200600,468.3,20200300,470.4,20200600
2020-01-28 12:00:00,470.4,20200600,469.3,20200300,470.4,20200600
2020-01-28 14:00:00,470.4,20200600,469.6,20200300,470.4,20200600
2020-01-28 16:00:00,470.4,20200600,473.2,20200300,470.4,20200600
2020-01-29 08:00:00,470.4,20200600,473.5,20200300,470.4,20200600
2020-01-29 09:00:00,470.4,20200600,473.0,20200300,470.4,20200600
2020-01-29 10:00:00,470.4,20200600,473.3,20200300,470.4,20200600
2020-01-29 11:00:00,470.4,20200600,473.9,20200300,470.4,20200600
2020-01-29 14:00:00,470.4,20200600,473.7,20200300,470.4,20200600
2020-01-29 15:00:00,470.4,20200600,473.4,20200300,470.4,20200600
2020-01-29 16:00:00,470.4,20200600,475.8,20200300,470.4,20200600
2020-01-30 08:00:00,470.4,20200600,468.8,20200300,470.4,20200600
2020-01-30 09:00:00,470.4,20200600,470.6,20200300,470.4,20200600
2020-01-30 12:00:00,470.4,20200600,469.7,20200300,470.4,20200600
2020-01-30 14:00:00,470.4,20200600,469.8,20200300,470.4,20200600
2020-01-30 15:00:00,470.4,20200600,468.2,20200300,470.4,20200600
2020-01-30 16:00:00,470.4,20200600,468.4,20200300,470.4,20200600
2020-01-31 09:00:00,470.4,20200600,470.0,20200300,470.4,20200600
2020-01-31 12:00:00,470.4,20200600,467.4,20200300,470.4,20200600
2020-01-31 13:00:00,470.4,20200600,468.2,20200300,470.4,20200600
2020-01-31 14:00:00,470.4,20200600,466.3,20200300,470.4,20200600
2020-01-31 15:00:00,470.4,20200600,464.2,20200300,470.4,20200600
2020-01-31 16:00:00,470.4,20200600,465.0,20200300,470.4,20200600
2020-02-03 08:00:00,470.4,20200600,466.6,20200300,470.4,20200600
2020-02-03 11:00:00,470.4,20200600,466.3,20200300,470.4,20200600
2020-02-03 12:00:00,470.4,20200600,466.3,20200300,470.4,20200600
2020-02-03 13:00:00,470.4,20200600,467.0,20200300,470.4,20200600
2020-02-03 14:00:00,470.4,20200600,466.8,20200300,470.4,20200600
2020-02-03 15:00:00,470.4,20200600,467.6,20200300,470.4,20200600
2020-02-03 16:00:00,470.4,20200600,469.3,20200300,470.4,20200600
2020-02-04 08:00:00,470.4,20200600,471.9,20200300,470.4,20200600
2020-02-04 09:00:00,470.4,20200600,471.3,20200300,470.4,20200600
2020-02-04 10:00:00,470.4,20200600,470.9,20200300,470.4,20200600
2020-02-04 11:00:00,470.4,20200600,471.6,20200300,470.4,20200600
2020-02-04 12:00:00,470.4,20200600,472.7,20200300,470.4,20200600
2020-02-04 13:00:00,470.4,20200600,473.6,20200300,470.4,20200600
2020-02-04 14:00:00,470.4,20200600,473.2,20200300,470.4,20200600
2020-02-04 15:00:00,470.4,20200600,473.3,20200300,470.4,20200600
2020-02-04 16:00:00,470.4,20200600,475.7,20200300,470.4,20200600
2020-02-05 09:00:00,470.4,20200600,478.7,20200300,470.4,20200600
2020-02-05 11:00:00,470.4,20200600,479.1,20200300,470.4,20200600
2020-02-05 14:00:00,470.4,20200600,481.1,20200300,470.4,20200600
2020-02-05 15:00:00,470.4,20200600,480.3,20200300,470.4,20200600
2020-02-05 16:00:00,470.4,20200600,481.2,20200300,470.4,20200600
2020-02-06 10:00:00,470.4,20200600,481.8,20200300,470.4,20200600
2020-02-06 11:00:00,470.4,20200600,481.0,20200300,470.4,20200600
2020-02-06 15:00:00,470.4,20200600,481.5,20200300,470.4,20200600
2020-02-06 16:00:00,470.4,20200600,482.1,20200300,470.4,20200600
2020-02-07 15:00:00,470.4,20200600,478.8,20200300,470.4,20200600
2020-02-07 16:00:00,470.4,20200600,480.3,20200300,470.4,20200600
2020-02-10 08:00:00,470.4,20200600,477.7,20200300,470.4,20200600
2020-02-10 09:00:00,470.4,20200600,478.7,20200300,470.4,20200600
2020-02-10 10:00:00,470.4,20200600,479.5,20200300,470.4,20200600
2020-02-10 12:00:00,470.4,20200600,480.1,20200300,470.4,20200600
2020-02-10 14:00:00,470.4,20200600,479.4,20200300,470.4,20200600
2020-02-10 15:00:00,470.4,20200600,479.4,20200300,470.4,20200600
2020-02-10 16:00:00,470.4,20200600,479.7,20200300,470.4,20200600
2020-02-11 08:00:00,470.4,20200600,483.0,20200300,470.4,20200600
2020-02-11 09:00:00,470.4,20200600,483.0,20200300,470.4,20200600
2020-02-11 10:00:00,470.4,20200600,483.4,20200300,470.4,20200600
2020-02-11 11:00:00,470.4,20200600,483.6,20200300,470.4,20200600
2020-02-11 12:00:00,470.4,20200600,483.9,20200300,470.4,20200600
2020-02-11 13:00:00,470.4,20200600,483.8,20200300,470.4,20200600
2020-02-11 14:00:00,470.4,20200600,484.5,20200300,470.4,20200600
2020-02-11 15:00:00,470.4,20200600,484.7,20200300,470.4,20200600
2020-02-11 16:00:00,470.4,20200600,484.7,20200300,470.4,20200600
2020-02-12 08:00:00,470.4,20200600,487.2,20200300,470.4,20200600
2020-02-12 09:00:00,470.4,20200600,486.5,20200300,470.4,20200600
2020-02-12 13:00:00,470.4,20200600,487.7,20200300,470.4,20200600
2020-02-12 14:00:00,470.4,20200600,487.9,20200300,470.4,20200600
2020-02-12 15:00:00,470.4,20200600,488.1,20200300,470.4,20200600
2020-02-12 16:00:00,470.4,20200600,488.0,20200300,470.4,20200600
2020-02-13 08:00:00,470.4,20200600,486.4,20200300,470.4,20200600
2020-02-13 09:00:00,470.4,20200600,485.5,20200300,470.4,20200600
2020-02-13 15:00:00,470.4,20200600,486.9,20200300,470.4,20200600
2020-02-13 16:00:00,470.4,20200600,487.1,20200300,470.4,20200600
2020-02-14 08:00:00,470.4,20200600,488.9,20200300,470.4,20200600
2020-02-14 09:00:00,470.4,20200600,489.4,20200300,470.4,20200600
2020-02-14 10:00:00,470.4,20200600,489.8,20200300,470.4,20200600
2020-02-14 11:00:00,470.4,20200600,489.5,20200300,470.4,20200600
2020-02-14 12:00:00,470.4,20200600,489.3,20200300,470.4,20200600
2020-02-14 13:00:00,470.4,20200600,489.2,20200300,470.4,20200600
2020-02-14 14:00:00,470.4,20200600,488.3,20200300,470.4,20200600
2020-02-14 15:00:00,470.4,20200600,488.9,20200300,470.4,20200600
2020-02-14 16:00:00,470.4,20200600,488.3,20200300,470.4,20200600
2020-02-17 10:00:00,470.4,20200600,490.1,20200300,470.4,20200600
2020-02-17 15:00:00,470.4,20200600,489.9,20200300,470.4,20200600
2020-02-17 16:00:00,470.4,20200600,490.5,20200300,470.4,20200600
2020-02-18 15:00:00,470.4,20200600,489.1,20200300,470.4,20200600
2020-02-18 16:00:00,470.4,20200600,488.1,20200300,470.4,20200600
2020-02-19 15:00:00,470.4,20200600,493.0,20200300,470.4,20200600
2020-02-19 16:00:00,470.4,20200600,492.8,20200300,470.4,20200600
2020-02-20 14:00:00,470.4,20200600,491.6,20200300,470.4,20200600
2020-02-20 15:00:00,470.4,20200600,491.9,20200300,470.4,20200600
2020-02-20 16:00:00,470.4,20200600,490.2,20200300,470.4,20200600
2020-02-21 08:00:00,470.4,20200600,486.9,20200300,470.4,20200600
2020-02-21 09:00:00,470.4,20200600,487.3,20200300,470.4,20200600
2020-02-21 10:00:00,470.4,20200600,487.9,20200300,470.4,20200600
2020-02-21 11:00:00,470.4,20200600,487.7,20200300,470.4,20200600
2020-02-21 12:00:00,470.4,20200600,489.0,20200300,470.4,20200600
2020-02-21 15:00:00,470.4,20200600,486.5,20200300,470.4,20200600
2020-02-24 09:00:00,470.4,20200600,469.5,20200300,470.4,20200600
2020-02-24 10:00:00,470.4,20200600,469.7,20200300,470.4,20200600
2020-02-24 15:00:00,470.4,20200600,467.0,20200300,470.4,20200600
2020-02-25 10:00:00,470.4,20200600,463.5,20200300,470.4,20200600
2020-02-25 11:00:00,470.4,20200600,463.0,20200300,470.4,20200600
2020-02-25 12:00:00,470.4,20200600,464.7,20200300,470.4,20200600
2020-02-25 13:00:00,470.4,20200600,466.4,20200300,470.4,20200600
2020-02-25 14:00:00,470.4,20200600,464.4,20200300,470.4,20200600
2020-02-25 15:00:00,470.4,20200600,461.9,20200300,470.4,20200600
2020-02-25 16:00:00,470.4,20200600,459.5,20200300,470.4,20200600
2020-02-26 08:00:00,470.4,20200600,453.8,20200300,470.4,20200600
2020-02-26 10:00:00,470.4,20200600,454.4,20200300,470.4,20200600
2020-02-26 11:00:00,470.4,20200600,456.6,20200300,470.4,20200600
2020-02-26 12:00:00,470.4,20200600,456.1,20200300,470.4,20200600
2020-02-26 14:00:00,470.4,20200600,461.1,20200300,470.4,20200600
2020-02-26 15:00:00,470.4,20200600,459.5,20200300,470.4,20200600
2020-02-26 16:00:00,470.4,20200600,459.8,20200300,470.4,20200600
2020-02-27 10:00:00,470.4,20200600,451.8,20200300,470.4,20200600
2020-02-27 11:00:00,470.4,20200600,450.2,20200300,470.4,20200600
2020-02-27 12:00:00,470.4,20200600,447.3,20200300,470.4,20200600
2020-02-27 13:00:00,470.4,20200600,445.5,20200300,470.4,20200600
2020-02-27 14:00:00,470.4,20200600,443.7,20200300,470.4,20200600
2020-02-27 15:00:00,470.4,20200600,442.4,20200300,470.4,20200600
2020-02-27 16:00:00,470.4,20200600,445.2,20200300,470.4,20200600
2020-02-27 19:00:00,470.4,20200600,440.8,20200300,470.4,20200600
2020-02-28 08:00:00,470.4,20200600,427.9,20200300,470.4,20200600
2020-02-28 09:00:00,470.4,20200600,427.7,20200300,470.4,20200600
2020-02-28 10:00:00,470.4,20200600,430.1,20200300,470.4,20200600
2020-02-28 11:00:00,470.4,20200600,429.5,20200300,470.4,20200600
2020-02-28 12:00:00,470.4,20200600,430.1,20200300,470.4,20200600
2020-02-28 13:00:00,470.4,20200600,428.7,20200300,470.4,20200600
2020-02-28 14:00:00,470.4,20200600,425.5,20200300,470.4,20200600
2020-02-28 15:00:00,470.4,20200600,426.1,20200300,470.4,20200600
2020-02-28 16:00:00,470.4,20200600,432.1,20200300,470.4,20200600
2020-03-02 08:00:00,470.4,20200600,434.7,20200300,470.4,20200600
2020-03-02 09:00:00,470.4,20200600,428.2,20200300,470.4,20200600
2020-03-02 10:00:00,470.4,20200600,426.6,20200300,470.4,20200600
2020-03-02 11:00:00,470.4,20200600,420.7,20200300,470.4,20200600
2020-03-02 12:00:00,470.4,20200600,424.9,20200300,470.4,20200600
2020-03-02 13:00:00,470.4,20200600,426.7,20200300,470.4,20200600
2020-03-02 14:00:00,470.4,20200600,425.0,20200300,470.4,20200600
2020-03-02 15:00:00,470.4,20200600,426.7,20200300,470.4,20200600
2020-03-02 16:00:00,470.4,20200600,426.9,20200300,470.4,20200600
2020-03-03 08:00:00,470.4,20200600,435.1,20200300,470.4,20200600
2020-03-03 09:00:00,470.4,20200600,440.1,20200300,470.4,20200600
2020-03-03 10:00:00,470.4,20200600,440.4,20200300,470.4,20200600
2020-03-03 11:00:00,470.4,20200600,437.9,20200300,470.4,20200600
2020-03-03 15:00:00,470.4,20200600,441.0,20200300,470.4,20200600
2020-03-03 16:00:00,470.4,20200600,435.8,20200300,470.4,20200600
2020-03-04 08:00:00,470.4,20200600,433.5,20200300,470.4,20200600
2020-03-04 09:00:00,470.4,20200600,437.6,20200300,470.4,20200600
2020-03-04 11:00:00,470.4,20200600,437.6,20200300,470.4,20200600
2020-03-04 13:00:00,470.4,20200600,437.2,20200300,470.4,20200600
2020-03-04 15:00:00,470.4,20200600,435.2,20200300,470.4,20200600
2020-03-04 16:00:00,470.4,20200600,435.5,20200300,470.4,20200600
2020-03-05 08:00:00,470.4,20200600,436.1,20200300,470.4,20200600
2020-03-05 11:00:00,470.4,20200600,429.7,20200300,470.4,20200600
2020-03-05 12:00:00,470.4,20200600,429.8,20200300,470.4,20200600
2020-03-05 13:00:00,470.4,20200600,427.9,20200300,470.4,20200600
2020-03-05 14:00:00,470.4,20200600,428.6,20200300,470.4,20200600
2020-03-05 16:00:00,470.4,20200600,427.4,20200300,470.4,20200600
2020-03-06 08:00:00,470.4,20200600,415.9,20200300,470.4,20200600
2020-03-06 11:00:00,470.4,20200600,412.6,20200300,470.4,20200600
2020-03-06 12:00:00,470.4,20200600,412.6,20200300,470.4,20200600
2020-03-06 14:00:00,470.4,20200600,409.3,20200300,470.4,20200600
2020-03-06 15:00:00,470.4,20200600,410.7,20200300,470.4,20200600
2020-03-06 16:00:00,470.4,20200600,412.6,20200300,470.4,20200600
2020-03-09 13:00:00,470.4,20200600,381.3,20200300,470.4,20200600
2020-03-09 15:00:00,470.4,20200600,385.3,20200300,470.4,20200600
2020-03-09 16:00:00,470.4,20200600,382.5,20200300,470.4,20200600
2020-03-10 08:00:00,470.4,20200600,384.3,20200300,470.4,20200600
2020-03-10 09:00:00,470.4,20200600,393.5,20200300,470.4,20200600
2020-03-10 10:00:00,470.4,20200600,394.3,20200300,470.4,20200600
2020-03-10 15:00:00,470.4,20200600,374.6,20200300,470.4,20200600
2020-03-10 16:00:00,470.4,20200600,373.8,20200300,470.4,20200600
2020-03-11 08:00:00,470.4,20200600,380.6,20200300,470.4,20200600
2020-03-11 12:00:00,470.4,20200600,375.1,20200300,470.4,20200600
2020-03-11 16:00:00,470.4,20200600,367.7,20200300,470.4,20200600
2020-03-12 09:00:00,470.4,20200600,347.8,20200300,470.4,20200600
2020-03-12 10:00:00,470.4,20200600,347.7,20200300,470.4,20200600
2020-03-12 11:00:00,470.4,20200600,344.9,20200300,470.4,20200600
2020-03-12 12:00:00,470.4,20200600,344.0,20200300,470.4,20200600
2020-03-12 14:00:00,470.4,20200600,331.4,20200300,470.4,20200600
2020-03-12 15:00:00,470.4,20200600,319.2,20200300,470.4,20200600
2020-03-12 16:00:00,470.4,20200600,320.2,20200300,470.4,20200600
2020-03-13 08:00:00,470.4,20200600,324.1,20200300,470.4,20200600
2020-03-13 09:00:00,470.4,20200600,330.0,20200300,470.4,20200600
2020-03-13 10:00:00,470.4,20200600,335.7,20200300,470.4,20200600
2020-03-13 11:00:00,470.4,20200600,343.0,20200300,470.4,20200600
2020-03-13 15:00:00,470.4,20200600,332.1,20200300,470.4,20200600
2020-03-13 16:00:00,470.4,20200600,324.5,20200300,470.4,20200600
2020-03-16 11:00:00,470.4,20200600,294.0,20200300,470.4,20200600
2020-03-16 12:00:00,470.4,20200600,290.4,20200300,470.4,20200600
2020-03-16 13:00:00,470.4,20200600,292.4,20200300,470.4,20200600
2020-03-16 14:00:00,470.4,20200600,303.2,20200300,470.4,20200600
2020-03-16 15:00:00,470.4,20200600,305.0,20200300,470.4,20200600
2020-03-17 09:00:00,470.4,20200600,298.9,20200300,470.4,20200600
2020-03-17 13:00:00,470.4,20200600,304.7,20200300,470.4,20200600
2020-03-17 14:00:00,470.4,20200600,308.3,20200300,470.4,20200600
2020-03-17 15:00:00,470.4,20200600,306.8,20200300,470.4,20200600
2020-03-17 16:00:00,470.4,20200600,312.3,20200300,470.4,20200600
2020-03-18 12:00:00,470.4,20200600,300.0,20200300,470.4,20200600
2020-03-18 16:00:00,292.6,20200600,299.1,20200300,292.6,20200600
2020-03-19 15:00:00,292.6,20200900,300.0,20200600,292.6,20200900
2020-03-19 16:00:00,292.6,20200900,296.8,20200600,292.6,20200900
2020-03-20 08:00:00,292.6,20200900,312.4,20200600,292.6,20200900
2020-03-20 09:00:00,292.6,20200900,318.4,20200600,292.6,20200900
2020-03-20 11:00:00,292.6,20200900,314.0,20200600,292.6,20200900
2020-03-23 08:00:00,292.6,20200900,301.5,20200600,292.6,20200900
2020-03-23 13:00:00,292.6,20200900,306.8,20200600,292.6,20200900
2020-03-24 16:00:00,292.6,20200900,326.7,20200600,292.6,20200900
2020-03-25 16:00:00,292.6,20200900,337.1,20200600,292.6,20200900
2020-03-26 16:00:00,292.6,20200900,345.6,20200600,292.6,20200900
2020-03-26 17:00:00,292.6,20200900,349.1,20200600,292.6,20200900
2020-03-27 13:00:00,292.6,20200900,335.3,20200600,292.6,20200900
2020-03-27 16:00:00,292.6,20200900,333.7,20200600,292.6,20200900
2020-03-30 07:00:00,292.6,20200900,327.0,20200600,292.6,20200900
2020-03-30 15:00:00,292.6,20200900,335.0,20200600,292.6,20200900
2020-03-31 07:00:00,292.6,20200900,343.0,20200600,292.6,20200900
2020-03-31 08:00:00,292.6,20200900,344.0,20200600,292.6,20200900
2020-03-31 10:00:00,292.6,20200900,341.8,20200600,292.6,20200900
2020-03-31 11:00:00,292.6,20200900,339.5,20200600,292.6,20200900
2020-03-31 15:00:00,292.6,20200900,341.6,20200600,292.6,20200900
2020-04-01 07:00:00,292.6,20200900,334.5,20200600,292.6,20200900
2020-04-01 08:00:00,292.6,20200900,335.5,20200600,292.6,20200900
2020-04-01 11:00:00,292.6,20200900,331.9,20200600,292.6,20200900
2020-04-01 13:00:00,292.6,20200900,333.0,20200600,292.6,20200900
2020-04-01 14:00:00,292.6,20200900,333.8,20200600,292.6,20200900
2020-04-01 15:00:00,292.6,20200900,334.2,20200600,292.6,20200900
2020-04-02 15:00:00,292.6,20200900,335.7,20200600,292.6,20200900
2020-04-03 15:00:00,292.6,20200900,332.0,20200600,292.6,20200900
2020-04-06 09:00:00,292.6,20200900,343.7,20200600,292.6,20200900
2020-04-06 11:00:00,292.6,20200900,344.6,20200600,292.6,20200900
2020-04-06 13:00:00,292.6,20200900,346.9,20200600,292.6,20200900
2020-04-06 14:00:00,292.6,20200900,346.2,20200600,292.6,20200900
2020-04-06 15:00:00,292.6,20200900,347.2,20200600,292.6,20200900
2020-04-07 07:00:00,292.6,20200900,358.7,20200600,292.6,20200900
2020-04-07 09:00:00,292.6,20200900,358.6,20200600,292.6,20200900
2020-04-07 15:00:00,292.6,20200900,354.0,20200600,292.6,20200900
2020-04-08 07:00:00,292.6,20200900,354.3,20200600,292.6,20200900
2020-04-08 12:00:00,292.6,20200900,354.4,20200600,292.6,20200900
2020-04-08 13:00:00,292.6,20200900,354.7,20200600,292.6,20200900
2020-04-08 14:00:00,292.6,20200900,353.4,20200600,292.6,20200900
2020-04-08 15:00:00,292.6,20200900,355.2,20200600,292.6,20200900
2020-04-09 08:00:00,292.6,20200900,361.6,20200600,292.6,20200900
2020-04-09 14:00:00,292.6,20200900,363.8,20200600,292.6,20200900
2020-04-09 15:00:00,292.6,20200900,365.6,20200600,292.6,20200900
2020-04-14 12:00:00,292.6,20200900,364.4,20200600,292.6,20200900
2020-04-14 15:00:00,292.6,20200900,363.9,20200600,292.6,20200900
2020-04-15 07:00:00,292.6,20200900,362.4,20200600,292.6,20200900
2020-04-15 08:00:00,292.6,20200900,357.6,20200600,292.6,20200900
2020-04-15 09:00:00,292.6,20200900,357.1,20200600,292.6,20200900
2020-04-15 12:00:00,292.6,20200900,353.7,20200600,292.6,20200900
2020-04-15 15:00:00,292.6,20200900,349.9,20200600,292.6,20200900
2020-04-16 07:00:00,292.6,20200900,355.3,20200600,292.6,20200900
2020-04-16 08:00:00,292.6,20200900,355.1,20200600,292.6,20200900
2020-04-16 11:00:00,292.6,20200900,351.7,20200600,292.6,20200900
2020-04-16 12:00:00,292.6,20200900,352.0,20200600,292.6,20200900
2020-04-16 13:00:00,292.6,20200900,349.2,20200600,292.6,20200900
2020-04-17 07:00:00,292.6,20200900,360.3,20200600,292.6,20200900
2020-04-17 09:00:00,292.6,20200900,359.7,20200600,292.6,20200900
2020-04-21 10:00:00,292.6,20200900,355.4,20200600,292.6,20200900
2020-04-21 12:00:00,292.6,20200900,353.7,20200600,292.6,20200900
2020-04-21 13:00:00,292.6,20200900,355.6,20200600,292.6,20200900
2020-04-22 10:00:00,292.6,20200900,353.7,20200600,292.6,20200900
2020-04-22 11:00:00,292.6,20200900,353.9,20200600,292.6,20200900
2020-04-22 12:00:00,292.6,20200900,353.7,20200600,292.6,20200900
2020-04-22 13:00:00,292.6,20200900,355.3,20200600,292.6,20200900
2020-04-22 14:00:00,292.6,20200900,354.2,20200600,292.6,20200900
2020-04-22 15:00:00,292.6,20200900,355.1,20200600,292.6,20200900
2020-04-23 07:00:00,292.6,20200900,356.4,20200600,292.6,20200900
2020-04-23 08:00:00,292.6,20200900,356.2,20200600,292.6,20200900
2020-04-23 09:00:00,292.6,20200900,356.1,20200600,292.6,20200900
2020-04-23 13:00:00,292.6,20200900,359.5,20200600,292.6,20200900
2020-04-23 15:00:00,292.6,20200900,360.8,20200600,292.6,20200900
2020-04-24 15:00:00,292.6,20200900,358.9,20200600,292.6,20200900
2020-04-28 15:00:00,292.6,20200900,370.0,20200600,292.6,20200900
2020-04-29 12:00:00,292.6,20200900,377.5,20200600,292.6,20200900
2020-04-29 15:00:00,292.6,20200900,381.2,20200600,292.6,20200900
2020-04-30 07:00:00,292.6,20200900,381.6,20200600,292.6,20200900
2020-04-30 11:00:00,292.6,20200900,379.1,20200600,292.6,20200900
2020-04-30 12:00:00,292.6,20200900,378.5,20200600,292.6,20200900
2020-04-30 13:00:00,292.6,20200900,376.1,20200600,292.6,20200900
2020-05-04 07:00:00,292.6,20200900,365.3,20200600,292.6,20200900
2020-05-04 08:00:00,292.6,20200900,363.4,20200600,292.6,20200900
2020-05-04 09:00:00,292.6,20200900,363.4,20200600,292.6,20200900
2020-05-04 10:00:00,292.6,20200900,364.1,20200600,292.6,20200900
2020-05-04 11:00:00,292.6,20200900,364.3,20200600,292.6,20200900
2020-05-04 12:00:00,292.6,20200900,363.9,20200600,292.6,20200900
2020-05-04 13:00:00,292.6,20200900,364.4,20200600,292.6,20200900
2020-05-04 14:00:00,292.6,20200900,364.0,20200600,292.6,20200900
2020-05-04 15:00:00,292.6,20200900,362.1,20200600,292.6,20200900
2020-05-05 07:00:00,292.6,20200900,369.6,20200600,292.6,20200900
2020-05-05 08:00:00,292.6,20200900,369.0,20200600,292.6,20200900
2020-05-05 11:00:00,292.6,20200900,368.2,20200600,292.6,20200900
2020-05-06 07:00:00,292.6,20200900,369.3,20200600,292.6,20200900
2020-05-07 14:00:00,292.6,20200900,372.7,20200600,292.6,20200900
2020-05-07 15:00:00,292.6,20200900,373.9,20200600,292.6,20200900
2020-05-08 12:00:00,292.6,20200900,378.2,20200600,292.6,20200900
2020-05-08 13:00:00,292.6,20200900,377.9,20200600,292.6,20200900
2020-05-08 14:00:00,292.6,20200900,377.6,20200600,292.6,20200900
2020-05-08 15:00:00,292.6,20200900,377.7,20200600,292.6,20200900
2020-05-11 07:00:00,292.6,20200900,380.8,20200600,292.6,20200900
2020-05-11 08:00:00,292.6,20200900,377.6,20200600,292.6,20200900
2020-05-11 09:00:00,292.6,20200900,376.2,20200600,292.6,20200900
2020-05-11 10:00:00,292.6,20200900,376.1,20200600,292.6,20200900
2020-05-11 11:00:00,292.6,20200900,374.9,20200600,292.6,20200900
2020-05-11 12:00:00,292.6,20200900,374.3,20200600,292.6,20200900
2020-05-11 13:00:00,292.6,20200900,375.0,20200600,292.6,20200900
2020-05-11 14:00:00,292.6,20200900,375.5,20200600,292.6,20200900
2020-05-11 15:00:00,292.6,20200900,375.4,20200600,292.6,20200900
2020-05-12 07:00:00,292.6,20200900,375.6,20200600,292.6,20200900
2020-05-12 08:00:00,292.6,20200900,376.3,20200600,292.6,20200900
2020-05-12 09:00:00,292.6,20200900,375.0,20200600,292.6,20200900
2020-05-12 10:00:00,292.6,20200900,376.9,20200600,292.6,20200900
2020-05-12 11:00:00,292.6,20200900,377.0,20200600,292.6,20200900
2020-05-12 12:00:00,292.6,20200900,376.7,20200600,292.6,20200900
2020-05-12 13:00:00,292.6,20200900,375.2,20200600,292.6,20200900
2020-05-12 14:00:00,292.6,20200900,376.2,20200600,292.6,20200900
2020-05-12 15:00:00,292.6,20200900,376.0,20200600,292.6,20200900
2020-05-13 15:00:00,292.6,20200900,369.4,20200600,292.6,20200900
2020-05-14 07:00:00,292.6,20200900,364.5,20200600,292.6,20200900
2020-05-14 13:00:00,292.6,20200900,359.7,20200600,292.6,20200900
2020-05-14 15:00:00,292.6,20200900,362.1,20200600,292.6,20200900
2020-05-18 15:00:00,292.6,20200900,378.9,20200600,292.6,20200900
2020-05-19 07:00:00,292.6,20200900,375.5,20200600,292.6,20200900
2020-05-19 08:00:00,292.6,20200900,373.6,20200600,292.6,20200900
2020-05-19 15:00:00,292.6,20200900,373.1,20200600,292.6,20200900
2020-05-20 11:00:00,292.6,20200900,372.0,20200600,292.6,20200900
2020-05-22 07:00:00,292.6,20200900,370.5,20200600,292.6,20200900
2020-05-27 08:00:00,292.6,20200900,395.8,20200600,292.6,20200900
2020-05-27 15:00:00,292.6,20200900,393.2,20200600,292.6,20200900
2020-05-28 14:00:00,292.6,20200900,397.7,20200600,292.6,20200900
2020-05-28 15:00:00,292.6,20200900,398.5,20200600,292.6,20200900
2020-05-29 13:00:00,292.6,20200900,395.4,20200600,292.6,20200900
2020-05-29 15:00:00,292.6,20200900,393.1,20200600,292.6,20200900
2020-06-01 15:00:00,292.6,20200900,401.7,20200600,292.6,20200900
2020-06-02 12:00:00,292.6,20200900,407.6,20200600,292.6,20200900
2020-06-02 15:00:00,292.6,20200900,410.3,20200600,292.6,20200900
2020-06-03 09:00:00,292.6,20200900,416.0,20200600,292.6,20200900
2020-06-03 11:00:00,292.6,20200900,415.0,20200600,292.6,20200900
2020-06-04 09:00:00,292.6,20200900,417.9,20200600,292.6,20200900
2020-06-04 11:00:00,292.6,20200900,418.0,20200600,292.6,20200900
2020-06-04 12:00:00,292.6,20200900,421.2,20200600,292.6,20200900
2020-06-04 14:00:00,292.6,20200900,421.1,20200600,292.6,20200900
2020-06-05 15:00:00,292.6,20200900,428.9,20200600,292.6,20200900
2020-06-09 09:00:00,292.6,20200900,417.7,20200600,292.6,20200900
2020-06-09 15:00:00,292.6,20200900,420.4,20200600,292.6,20200900
2020-06-10 09:00:00,292.6,20200900,417.2,20200600,292.6,20200900
2020-06-10 15:00:00,292.6,20200900,416.0,20200600,292.6,20200900
2020-06-11 10:00:00,292.6,20200900,405.7,20200600,292.6,20200900
2020-06-11 12:00:00,292.6,20200900,402.5,20200600,292.6,20200900
2020-06-11 15:00:00,292.6,20200900,399.6,20200600,292.6,20200900
2020-06-12 08:00:00,292.6,20200900,400.1,20200600,292.6,20200900
2020-06-12 09:00:00,292.6,20200900,403.4,20200600,292.6,20200900
2020-06-12 10:00:00,292.6,20200900,404.5,20200600,292.6,20200900
2020-06-12 15:00:00,292.6,20200900,399.5,20200600,292.6,20200900
2020-06-15 08:00:00,292.6,20200900,394.9,20200600,292.6,20200900
2020-06-16 12:00:00,408.8,20200900,394.9,20200600,408.8,20200900
2020-06-16 15:00:00,408.8,20200900,410.2,20200600,408.8,20200900
2020-06-17 14:00:00,408.8,20200900,411.7,20200600,408.8,20200900
2020-06-17 15:00:00,408.8,20200900,412.0,20200600,408.8,20200900
2020-06-18 08:00:00,408.8,20200900,414.2,20200600,408.8,20200900
2020-06-18 14:00:00,408.9,20200900,412.0,20200600,408.9,20200900
2020-06-19 15:00:00,408.9,20201200,409.7,20200900,408.9,20201200
2020-06-22 07:00:00,408.9,20201200,408.8,20200900,408.9,20201200
2020-06-22 08:00:00,408.9,20201200,408.3,20200900,408.9,20201200
2020-06-22 09:00:00,408.9,20201200,409.5,20200900,408.9,20201200
2020-06-22 15:00:00,408.9,20201200,406.1,20200900,408.9,20201200
2020-06-23 08:00:00,408.9,20201200,413.0,20200900,408.9,20201200
2020-06-23 10:00:00,408.9,20201200,413.1,20200900,408.9,20201200
2020-06-23 12:00:00,408.9,20201200,413.6,20200900,408.9,20201200
2020-06-23 15:00:00,408.9,20201200,411.8,20200900,408.9,20201200
2020-06-25 10:00:00,408.9,20201200,399.9,20200900,408.9,20201200
2020-06-25 11:00:00,408.9,20201200,398.2,20200900,408.9,20201200
2020-06-25 12:00:00,408.9,20201200,398.3,20200900,408.9,20201200
2020-06-25 13:00:00,408.9,20201200,399.0,20200900,408.9,20201200
2020-06-25 14:00:00,408.9,20201200,402.1,20200900,408.9,20201200
2020-06-25 15:00:00,408.9,20201200,400.6,20200900,408.9,20201200
2020-06-26 07:00:00,408.9,20201200,404.4,20200900,408.9,20201200
2020-06-26 08:00:00,408.9,20201200,404.4,20200900,408.9,20201200
2020-06-26 09:00:00,408.9,20201200,406.0,20200900,408.9,20201200
2020-06-26 10:00:00,408.9,20201200,406.9,20200900,408.9,20201200
2020-06-26 11:00:00,408.9,20201200,405.7,20200900,408.9,20201200
2020-06-26 12:00:00,408.9,20201200,405.0,20200900,408.9,20201200
2020-06-26 13:00:00,408.9,20201200,404.6,20200900,408.9,20201200
2020-06-26 14:00:00,408.9,20201200,400.6,20200900,408.9,20201200
2020-06-26 15:00:00,408.9,20201200,400.7,20200900,408.9,20201200
2020-06-29 07:00:00,408.9,20201200,400.5,20200900,408.9,20201200
2020-06-29 08:00:00,408.9,20201200,400.0,20200900,408.9,20201200
2020-06-29 09:00:00,408.9,20201200,401.6,20200900,408.9,20201200
2020-06-29 10:00:00,408.9,20201200,400.6,20200900,408.9,20201200
2020-06-29 11:00:00,408.9,20201200,402.3,20200900,408.9,20201200
2020-06-29 12:00:00,408.9,20201200,400.9,20200900,408.9,20201200
2020-06-29 13:00:00,408.9,20201200,401.2,20200900,408.9,20201200
2020-06-29 14:00:00,408.9,20201200,404.1,20200900,408.9,20201200
2020-06-29 15:00:00,408.9,20201200,404.5,20200900,408.9,20201200
2020-06-30 12:00:00,408.9,20201200,403.3,20200900,408.9,20201200
2020-06-30 15:00:00,408.9,20201200,404.7,20200900,408.9,20201200
2020-07-01 11:00:00,408.9,20201200,400.2,20200900,408.9,20201200
2020-07-01 14:00:00,408.9,20201200,407.8,20200900,408.9,20201200
2020-07-01 15:00:00,408.9,20201200,408.0,20200900,408.9,20201200
2020-07-02 08:00:00,408.9,20201200,413.1,20200900,408.9,20201200
2020-07-02 11:00:00,408.9,20201200,412.0,20200900,408.9,20201200
2020-07-02 13:00:00,408.9,20201200,414.0,20200900,408.9,20201200
2020-07-03 08:00:00,408.9,20201200,415.7,20200900,408.9,20201200
2020-07-03 10:00:00,408.9,20201200,413.8,20200900,408.9,20201200
2020-07-03 11:00:00,408.9,20201200,412.6,20200900,408.9,20201200
2020-07-03 12:00:00,408.9,20201200,413.0,20200900,408.9,20201200
2020-07-03 13:00:00,408.9,20201200,413.1,20200900,408.9,20201200
2020-07-03 14:00:00,408.9,20201200,412.3,20200900,408.9,20201200
2020-07-03 15:00:00,408.9,20201200,412.8,20200900,408.9,20201200
2020-07-06 07:00:00,408.9,20201200,420.0,20200900,408.9,20201200
2020-07-06 08:00:00,408.9,20201200,418.7,20200900,408.9,20201200
2020-07-06 09:00:00,408.9,20201200,419.2,20200900,408.9,20201200
2020-07-06 10:00:00,408.9,20201200,419.5,20200900,408.9,20201200
2020-07-06 11:00:00,408.9,20201200,419.3,20200900,408.9,20201200
2020-07-06 12:00:00,408.9,20201200,419.7,20200900,408.9,20201200
2020-07-06 13:00:00,408.9,20201200,419.6,20200900,408.9,20201200
2020-07-06 14:00:00,408.9,20201200,419.5,20200900,408.9,20201200
2020-07-06 15:00:00,408.9,20201200,419.2,20200900,408.9,20201200
2020-07-07 07:00:00,408.9,20201200,417.6,20200900,408.9,20201200
2020-07-07 08:00:00,408.9,20201200,418.3,20200900,408.9,20201200
2020-07-07 11:00:00,408.9,20201200,418.2,20200900,408.9,20201200
2020-07-07 13:00:00,408.9,20201200,417.8,20200900,408.9,20201200
2020-07-07 14:00:00,408.9,20201200,418.1,20200900,408.9,20201200
2020-07-07 15:00:00,408.9,20201200,419.1,20200900,408.9,20201200
2020-07-08 07:00:00,408.9,20201200,417.1,20200900,408.9,20201200
2020-07-08 13:00:00,408.9,20201200,416.8,20200900,408.9,20201200
2020-07-08 15:00:00,408.9,20201200,415.6,20200900,408.9,20201200
2020-07-09 08:00:00,408.9,20201200,414.9,20200900,408.9,20201200
2020-07-09 12:00:00,408.9,20201200,416.6,20200900,408.9,20201200
2020-07-09 13:00:00,408.9,20201200,416.3,20200900,408.9,20201200
2020-07-09 14:00:00,408.9,20201200,413.0,20200900,408.9,20201200
2020-07-09 15:00:00,408.9,20201200,411.6,20200900,408.9,20201200
2020-07-10 07:00:00,408.9,20201200,410.5,20200900,408.9,20201200
2020-07-10 08:00:00,408.9,20201200,410.6,20200900,408.9,20201200
2020-07-10 09:00:00,408.9,20201200,411.7,20200900,408.9,20201200
2020-07-10 10:00:00,408.9,20201200,412.8,20200900,408.9,20201200
2020-07-10 11:00:00,408.9,20201200,412.3,20200900,408.9,20201200
2020-07-10 12:00:00,408.9,20201200,413.2,20200900,408.9,20201200
2020-07-10 13:00:00,408.9,20201200,413.1,20200900,408.9,20201200
2020-07-10 14:00:00,408.9,20201200,414.6,20200900,408.9,20201200
2020-07-10 15:00:00,408.9,20201200,414.6,20200900,408.9,20201200
2020-07-13 07:00:00,408.9,20201200,417.9,20200900,408.9,20201200
2020-07-13 11:00:00,408.9,20201200,419.1,20200900,408.9,20201200
2020-07-13 15:00:00,408.9,20201200,419.0,20200900,408.9,20201200
2020-07-15 12:00:00,408.9,20201200,423.5,20200900,408.9,20201200
2020-07-15 14:00:00,408.9,20201200,421.6,20200900,408.9,20201200
2020-07-15 15:00:00,408.9,20201200,422.9,20200900,408.9,20201200
2020-07-16 07:00:00,408.9,20201200,421.0,20200900,408.9,20201200
2020-07-16 12:00:00,408.9,20201200,422.4,20200900,408.9,20201200
2020-07-16 14:00:00,408.9,20201200,423.9,20200900,408.9,20201200
2020-07-17 07:00:00,408.9,20201200,422.8,20200900,408.9,20201200
2020-07-17 09:00:00,408.9,20201200,420.6,20200900,408.9,20201200
2020-07-20 13:00:00,408.9,20201200,425.5,20200900,408.9,20201200
2020-07-20 15:00:00,408.9,20201200,425.6,20200900,408.9,20201200
2020-07-21 07:00:00,408.9,20201200,430.1,20200900,408.9,20201200
2020-07-21 08:00:00,408.9,20201200,430.8,20200900,408.9,20201200
2020-07-21 11:00:00,408.9,20201200,430.0,20200900,408.9,20201200
2020-07-21 15:00:00,408.9,20201200,426.6,20200900,408.9,20201200
2020-07-22 07:00:00,408.9,20201200,424.7,20200900,408.9,20201200
2020-07-22 15:00:00,408.9,20201200,424.8,20200900,408.9,20201200
2020-07-23 07:00:00,408.9,20201200,425.3,20200900,408.9,20201200
2020-07-23 08:00:00,408.9,20201200,426.8,20200900,408.9,20201200
2020-07-23 15:00:00,408.9,20201200,424.9,20200900,408.9,20201200
2020-07-24 07:00:00,408.9,20201200,417.9,20200900,408.9,20201200
2020-07-24 11:00:00,408.9,20201200,419.4,20200900,408.9,20201200
2020-07-27 14:00:00,408.9,20201200,415.7,20200900,408.9,20201200
2020-07-28 15:00:00,408.9,20201200,416.2,20200900,408.9,20201200
2020-07-29 07:00:00,408.9,20201200,416.0,20200900,408.9,20201200
2020-07-29 10:00:00,408.9,20201200,414.6,20200900,408.9,20201200
2020-07-29 11:00:00,408.9,20201200,414.2,20200900,408.9,20201200
2020-07-29 12:00:00,408.9,20201200,414.4,20200900,408.9,20201200
2020-07-29 13:00:00,408.9,20201200,414.4,20200900,408.9,20201200
2020-07-29 14:00:00,408.9,20201200,414.5,20200900,408.9,20201200
2020-07-29 15:00:00,408.9,20201200,414.6,20200900,408.9,20201200
2020-07-30 07:00:00,408.9,20201200,411.9,20200900,408.9,20201200
2020-07-30 09:00:00,408.9,20201200,406.9,20200900,408.9,20201200
2020-07-30 12:00:00,408.9,20201200,405.5,20200900,408.9,20201200
2020-07-30 13:00:00,408.9,20201200,401.4,20200900,408.9,20201200
2020-07-30 14:00:00,408.9,20201200,400.0,20200900,408.9,20201200
2020-07-30 15:00:00,408.9,20201200,402.9,20200900,408.9,20201200
2020-07-31 07:00:00,408.9,20201200,405.8,20200900,408.9,20201200
2020-07-31 08:00:00,408.9,20201200,406.9,20200900,408.9,20201200
2020-07-31 10:00:00,408.9,20201200,405.1,20200900,408.9,20201200
2020-07-31 14:00:00,408.9,20201200,403.5,20200900,408.9,20201200
2020-07-31 15:00:00,408.9,20201200,400.0,20200900,408.9,20201200
2020-08-03 07:00:00,408.9,20201200,398.7,20200900,408.9,20201200
2020-08-03 09:00:00,408.9,20201200,400.5,20200900,408.9,20201200
2020-08-03 13:00:00,408.9,20201200,405.1,20200900,408.9,20201200
2020-08-03 14:00:00,408.9,20201200,406.2,20200900,408.9,20201200
2020-08-03 15:00:00,408.9,20201200,407.1,20200900,408.9,20201200
2020-08-04 07:00:00,408.9,20201200,407.4,20200900,408.9,20201200
2020-08-04 08:00:00,408.9,20201200,407.0,20200900,408.9,20201200
2020-08-04 09:00:00,408.9,20201200,406.7,20200900,408.9,20201200
2020-08-04 12:00:00,408.9,20201200,404.1,20200900,408.9,20201200
2020-08-04 13:00:00,408.9,20201200,404.8,20200900,408.9,20201200
2020-08-04 15:00:00,408.9,20201200,406.9,20200900,408.9,20201200
2020-08-05 07:00:00,408.9,20201200,411.1,20200900,408.9,20201200
2020-08-05 08:00:00,408.9,20201200,410.5,20200900,408.9,20201200
2020-08-05 09:00:00,408.9,20201200,410.6,20200900,408.9,20201200
2020-08-05 10:00:00,408.9,20201200,410.6,20200900,408.9,20201200
2020-08-05 15:00:00,408.9,20201200,410.1,20200900,408.9,20201200
2020-08-06 07:00:00,408.9,20201200,412.1,20200900,408.9,20201200
2020-08-06 08:00:00,408.9,20201200,409.8,20200900,408.9,20201200
2020-08-06 09:00:00,408.9,20201200,410.1,20200900,408.9,20201200
2020-08-06 10:00:00,408.9,20201200,407.8,20200900,408.9,20201200
2020-08-06 11:00:00,408.9,20201200,407.7,20200900,408.9,20201200
2020-08-06 12:00:00,408.9,20201200,406.6,20200900,408.9,20201200
2020-08-06 15:00:00,408.9,20201200,407.6,20200900,408.9,20201200
2020-08-07 14:00:00,408.9,20201200,409.2,20200900,408.9,20201200
2020-08-07 15:00:00,408.9,20201200,410.1,20200900,408.9,20201200
2020-08-10 08:00:00,408.9,20201200,410.3,20200900,408.9,20201200
2020-08-10 13:00:00,408.9,20201200,411.7,20200900,408.9,20201200
2020-08-10 14:00:00,408.9,20201200,411.5,20200900,408.9,20201200
2020-08-10 15:00:00,408.9,20201200,411.7,20200900,408.9,20201200
2020-08-11 09:00:00,408.9,20201200,421.6,20200900,408.9,20201200
2020-08-11 15:00:00,408.9,20201200,421.2,20200900,408.9,20201200
2020-08-12 07:00:00,408.9,20201200,421.8,20200900,408.9,20201200
2020-08-12 14:00:00,408.9,20201200,424.3,20200900,408.9,20201200
2020-08-13 13:00:00,408.9,20201200,422.7,20200900,408.9,20201200
2020-08-13 15:00:00,408.9,20201200,422.0,20200900,408.9,20201200
2020-08-14 07:00:00,408.9,20201200,417.9,20200900,408.9,20201200
2020-08-14 08:00:00,408.9,20201200,414.7,20200900,408.9,20201200
2020-08-14 13:00:00,408.9,20201200,416.1,20200900,408.9,20201200
2020-08-14 14:00:00,408.9,20201200,416.2,20200900,408.9,20201200
2020-08-17 08:00:00,408.9,20201200,415.4,20200900,408.9,20201200
2020-08-17 09:00:00,408.9,20201200,415.9,20200900,408.9,20201200
2020-08-18 14:00:00,408.9,20201200,413.3,20200900,408.9,20201200
2020-08-18 15:00:00,408.9,20201200,413.5,20200900,408.9,20201200
2020-08-19 07:00:00,408.9,20201200,412.0,20200900,408.9,20201200
2020-08-19 15:00:00,408.9,20201200,413.9,20200900,408.9,20201200
2020-08-19 23:00:00,408.9,20201200,413.0,20200900,408.9,20201200
2020-08-20 13:00:00,408.9,20201200,409.8,20200900,408.9,20201200
2020-08-20 14:00:00,408.9,20201200,409.3,20200900,408.9,20201200
2020-08-20 15:00:00,408.9,20201200,410.4,20200900,408.9,20201200
2020-08-21 07:00:00,408.9,20201200,410.3,20200900,408.9,20201200
2020-08-21 13:00:00,408.9,20201200,407.2,20200900,408.9,20201200
2020-08-24 10:00:00,408.9,20201200,417.7,20200900,408.9,20201200
2020-08-24 13:00:00,408.9,20201200,416.5,20200900,408.9,20201200
2020-08-24 14:00:00,408.9,20201200,417.5,20200900,408.9,20201200
2020-08-24 15:00:00,408.9,20201200,418.4,20200900,408.9,20201200
2020-08-25 08:00:00,408.9,20201200,419.3,20200900,408.9,20201200
2020-08-25 09:00:00,408.9,20201200,420.2,20200900,408.9,20201200
2020-08-25 10:00:00,408.9,20201200,421.0,20200900,408.9,20201200
2020-08-25 11:00:00,408.9,20201200,420.7,20200900,408.9,20201200
2020-08-25 12:00:00,408.9,20201200,420.5,20200900,408.9,20201200
2020-08-25 13:00:00,408.9,20201200,419.0,20200900,408.9,20201200
2020-08-25 14:00:00,408.9,20201200,416.8,20200900,408.9,20201200
2020-08-25 15:00:00,408.9,20201200,415.1,20200900,408.9,20201200
2020-08-26 07:00:00,408.9,20201200,415.3,20200900,408.9,20201200
2020-08-26 08:00:00,408.9,20201200,419.7,20200900,408.9,20201200
2020-08-26 13:00:00,408.9,20201200,419.5,20200900,408.9,20201200
2020-08-26 14:00:00,408.9,20201200,419.9,20200900,408.9,20201200
2020-08-26 15:00:00,408.9,20201200,420.6,20200900,408.9,20201200
2020-08-27 07:00:00,408.9,20201200,419.3,20200900,408.9,20201200
2020-08-27 09:00:00,408.9,20201200,417.9,20200900,408.9,20201200
2020-08-27 12:00:00,408.9,20201200,418.9,20200900,408.9,20201200
2020-08-27 13:00:00,408.9,20201200,418.5,20200900,408.9,20201200
2020-08-27 14:00:00,408.9,20201200,417.1,20200900,408.9,20201200
2020-08-27 15:00:00,408.9,20201200,415.6,20200900,408.9,20201200
2020-08-28 15:00:00,408.9,20201200,414.8,20200900,408.9,20201200
2020-08-31 15:00:00,408.9,20201200,412.9,20200900,408.9,20201200
2020-09-01 07:00:00,408.9,20201200,414.8,20200900,408.9,20201200
2020-09-01 08:00:00,408.9,20201200,413.7,20200900,408.9,20201200
2020-09-01 09:00:00,408.9,20201200,413.3,20200900,408.9,20201200
2020-09-01 10:00:00,408.9,20201200,414.2,20200900,408.9,20201200
2020-09-01 11:00:00,408.9,20201200,413.1,20200900,408.9,20201200
2020-09-01 13:00:00,408.9,20201200,409.4,20200900,408.9,20201200
2020-09-01 14:00:00,408.9,20201200,411.5,20200900,408.9,20201200
2020-09-01 15:00:00,408.9,20201200,411.3,20200900,408.9,20201200
2020-09-02 08:00:00,408.9,20201200,414.7,20200900,408.9,20201200
2020-09-02 12:00:00,408.9,20201200,417.6,20200900,408.9,20201200
2020-09-02 14:00:00,408.9,20201200,415.5,20200900,408.9,20201200
2020-09-03 07:00:00,408.9,20201200,421.1,20200900,408.9,20201200
2020-09-03 08:00:00,408.9,20201200,421.2,20200900,408.9,20201200
2020-09-03 10:00:00,408.9,20201200,419.4,20200900,408.9,20201200
2020-09-03 11:00:00,408.9,20201200,420.3,20200900,408.9,20201200
2020-09-03 12:00:00,408.9,20201200,419.2,20200900,408.9,20201200
2020-09-03 13:00:00,408.9,20201200,418.5,20200900,408.9,20201200
2020-09-03 14:00:00,408.9,20201200,414.2,20200900,408.9,20201200
2020-09-03 15:00:00,408.9,20201200,411.0,20200900,408.9,20201200
2020-09-04 07:00:00,408.9,20201200,410.1,20200900,408.9,20201200
2020-09-04 12:00:00,408.9,20201200,413.1,20200900,408.9,20201200
2020-09-04 14:00:00,408.9,20201200,412.5,20200900,408.9,20201200
2020-09-04 15:00:00,408.9,20201200,408.7,20200900,408.9,20201200
2020-09-07 09:00:00,408.9,20201200,414.0,20200900,408.9,20201200
2020-09-07 12:00:00,408.9,20201200,415.4,20200900,408.9,20201200
2020-09-08 07:00:00,408.9,20201200,413.2,20200900,408.9,20201200
2020-09-08 09:00:00,408.9,20201200,411.5,20200900,408.9,20201200
2020-09-08 10:00:00,408.9,20201200,411.1,20200900,408.9,20201200
2020-09-08 14:00:00,408.9,20201200,410.3,20200900,408.9,20201200
2020-09-08 15:00:00,408.9,20201200,410.0,20200900,408.9,20201200
2020-09-09 07:00:00,408.9,20201200,413.2,20200900,408.9,20201200
2020-09-09 08:00:00,408.9,20201200,413.3,20200900,408.9,20201200
2020-09-09 09:00:00,408.9,20201200,413.7,20200900,408.9,20201200
2020-09-09 10:00:00,408.9,20201200,413.1,20200900,408.9,20201200
2020-09-09 11:00:00,408.9,20201200,414.1,20200900,408.9,20201200
2020-09-09 12:00:00,408.9,20201200,415.2,20200900,408.9,20201200
2020-09-09 13:00:00,408.9,20201200,416.7,20200900,408.9,20201200
2020-09-09 14:00:00,408.9,20201200,417.7,20200900,408.9,20201200
2020-09-09 15:00:00,408.9,20201200,417.9,20200900,408.9,20201200
2020-09-10 13:00:00,408.9,20201200,418.4,20200900,408.9,20201200
2020-09-10 14:00:00,408.9,20201200,415.3,20200900,408.9,20201200
2020-09-10 15:00:00,408.9,20201200,415.2,20200900,408.9,20201200
2020-09-11 08:00:00,408.9,20201200,416.7,20200900,408.9,20201200
2020-09-11 15:00:00,408.9,20201200,417.4,20200900,408.9,20201200
2020-09-14 08:00:00,408.9,20201200,418.6,20200900,408.9,20201200
2020-09-14 12:00:00,408.9,20201200,417.9,20200900,408.9,20201200
2020-09-14 13:00:00,408.9,20201200,418.3,20200900,408.9,20201200
2020-09-14 14:00:00,408.9,20201200,418.0,20200900,408.9,20201200
2020-09-14 15:00:00,408.9,20201200,419.1,20200900,408.9,20201200
2020-09-15 08:00:00,416.5,20201200,419.1,20200900,416.5,20201200
2020-09-15 15:00:00,416.5,20201200,421.3,20200900,416.5,20201200
2020-09-16 12:00:00,416.5,20201200,421.0,20200900,416.5,20201200
2020-09-16 15:00:00,416.5,20201200,422.6,20200900,416.5,20201200
2020-09-17 09:00:00,419.4,20201200,421.1,20200900,419.4,20201200
2020-09-17 13:00:00,419.4,20210300,418.9,20201200,419.4,20210300
2020-09-17 14:00:00,419.4,20210300,420.1,20201200,419.4,20210300
2020-09-17 15:00:00,419.4,20210300,419.8,20201200,419.4,20210300
2020-09-18 09:00:00,419.4,20210300,417.6,20201200,419.4,20210300
2020-09-21 08:00:00,419.4,20210300,404.5,20201200,419.4,20210300
2020-09-21 10:00:00,419.4,20210300,402.0,20201200,419.4,20210300
2020-09-21 11:00:00,419.4,20210300,402.1,20201200,419.4,20210300
2020-09-21 12:00:00,419.4,20210300,403.0,20201200,419.4,20210300
2020-09-21 14:00:00,419.4,20210300,400.9,20201200,419.4,20210300
2020-09-22 07:00:00,419.4,20210300,404.1,20201200,419.4,20210300
2020-09-22 08:00:00,419.4,20210300,405.1,20201200,419.4,20210300
2020-09-22 15:00:00,419.4,20210300,402.9,20201200,419.4,20210300
2020-09-23 07:00:00,419.4,20210300,405.8,20201200,419.4,20210300
2020-09-23 09:00:00,419.4,20210300,408.6,20201200,419.4,20210300
2020-09-23 15:00:00,419.4,20210300,404.5,20201200,419.4,20210300
2020-09-24 08:00:00,419.4,20210300,400.4,20201200,419.4,20210300
2020-09-24 14:00:00,419.4,20210300,399.6,20201200,419.4,20210300
2020-09-24 15:00:00,419.4,20210300,401.2,20201200,419.4,20210300
2020-09-24 16:00:00,419.4,20210300,400.5,20201200,419.4,20210300
2020-09-25 07:00:00,419.4,20210300,401.0,20201200,419.4,20210300
2020-09-25 09:00:00,419.4,20210300,398.5,20201200,419.4,20210300
2020-09-25 10:00:00,419.4,20210300,395.7,20201200,419.4,20210300
2020-09-25 12:00:00,419.4,20210300,397.8,20201200,419.4,20210300
2020-09-25 13:00:00,419.4,20210300,397.2,20201200,419.4,20210300
2020-09-25 14:00:00,419.4,20210300,398.5,20201200,419.4,20210300
2020-09-25 15:00:00,419.4,20210300,398.8,20201200,419.4,20210300
2020-09-28 15:00:00,419.4,20210300,409.5,20201200,419.4,20210300
2020-09-29 15:00:00,419.4,20210300,407.0,20201200,419.4,20210300
2020-09-30 11:00:00,419.4,20210300,406.2,20201200,419.4,20210300
2020-09-30 15:00:00,419.4,20210300,407.3,20201200,419.4,20210300
2020-10-01 12:00:00,419.4,20210300,409.5,20201200,419.4,20210300
2020-10-01 13:00:00,419.4,20210300,409.3,20201200,419.4,20210300
2020-10-01 14:00:00,419.4,20210300,408.9,20201200,419.4,20210300
2020-10-01 15:00:00,419.4,20210300,409.9,20201200,419.4,20210300
2020-10-02 07:00:00,419.4,20210300,405.5,20201200,419.4,20210300
2020-10-02 10:00:00,419.4,20210300,407.8,20201200,419.4,20210300
2020-10-02 12:00:00,419.4,20210300,407.2,20201200,419.4,20210300
2020-10-02 14:00:00,419.4,20210300,408.6,20201200,419.4,20210300
2020-10-02 15:00:00,419.4,20210300,409.5,20201200,419.4,20210300
2020-10-05 10:00:00,419.4,20210300,415.0,20201200,419.4,20210300
2020-10-05 15:00:00,419.4,20210300,415.3,20201200,419.4,20210300
2020-10-06 07:00:00,419.4,20210300,416.7,20201200,419.4,20210300
2020-10-06 08:00:00,419.4,20210300,416.3,20201200,419.4,20210300
2020-10-06 09:00:00,419.4,20210300,417.0,20201200,419.4,20210300
2020-10-06 11:00:00,419.4,20210300,418.2,20201200,419.4,20210300
2020-10-06 15:00:00,419.4,20210300,417.5,20201200,419.4,20210300
2020-10-07 07:00:00,419.4,20210300,418.0,20201200,419.4,20210300
2020-10-07 08:00:00,419.4,20210300,417.8,20201200,419.4,20210300
2020-10-07 15:00:00,419.4,20210300,417.9,20201200,419.4,20210300
2020-10-08 09:00:00,419.4,20210300,420.8,20201200,419.4,20210300
2020-10-08 13:00:00,419.4,20210300,421.6,20201200,419.4,20210300
2020-10-08 14:00:00,419.4,20210300,422.0,20201200,419.4,20210300
2020-10-08 15:00:00,419.4,20210300,421.3,20201200,419.4,20210300
2020-10-09 09:00:00,419.4,20210300,422.1,20201200,419.4,20210300
2020-10-14 11:00:00,419.4,20210300,423.9,20201200,419.4,20210300
2020-10-14 15:00:00,419.4,20210300,424.9,20201200,419.4,20210300
2020-10-15 09:00:00,419.4,20210300,414.7,20201200,419.4,20210300
2020-10-15 13:00:00,419.4,20210300,416.8,20201200,419.4,20210300
2020-10-15 14:00:00,419.4,20210300,416.1,20201200,419.4,20210300
2020-10-15 15:00:00,419.4,20210300,417.1,20201200,419.4,20210300
2020-10-16 07:00:00,419.4,20210300,420.3,20201200,419.4,20210300
2020-10-16 08:00:00,419.4,20210300,419.3,20201200,419.4,20210300
2020-10-16 09:00:00,419.4,20210300,418.1,20201200,419.4,20210300
2020-10-16 15:00:00,419.4,20210300,422.2,20201200,419.4,20210300
2020-10-19 15:00:00,419.4,20210300,422.7,20201200,419.4,20210300
2020-10-20 11:00:00,419.4,20210300,422.4,20201200,419.4,20210300
2020-10-20 12:00:00,419.4,20210300,421.6,20201200,419.4,20210300
2020-10-20 13:00:00,419.4,20210300,422.6,20201200,419.4,20210300
2020-10-20 14:00:00,419.4,20210300,421.9,20201200,419.4,20210300
2020-10-20 15:00:00,419.4,20210300,420.8,20201200,419.4,20210300
2020-10-21 07:00:00,419.4,20210300,420.7,20201200,419.4,20210300
2020-10-21 12:00:00,419.4,20210300,415.8,20201200,419.4,20210300
2020-10-21 15:00:00,419.4,20210300,414.4,20201200,419.4,20210300
2020-10-22 12:00:00,419.4,20210300,414.0,20201200,419.4,20210300
2020-10-23 15:00:00,419.4,20210300,416.4,20201200,419.4,20210300
2020-10-27 08:00:00,419.4,20210300,407.1,20201200,419.4,20210300
2020-10-27 11:00:00,419.4,20210300,408.2,20201200,419.4,20210300
2020-10-27 12:00:00,419.4,20210300,406.6,20201200,419.4,20210300
2020-10-27 13:00:00,419.4,20210300,406.2,20201200,419.4,20210300
2020-10-27 14:00:00,419.4,20210300,404.4,20201200,419.4,20210300
2020-10-27 15:00:00,419.4,20210300,404.1,20201200,419.4,20210300
2020-10-27 16:00:00,419.4,20210300,404.5,20201200,419.4,20210300
2020-10-28 08:00:00,419.4,20210300,393.1,20201200,419.4,20210300
2020-10-28 09:00:00,419.4,20210300,393.7,20201200,419.4,20210300
2020-10-28 10:00:00,419.4,20210300,393.8,20201200,419.4,20210300
2020-10-28 11:00:00,419.4,20210300,393.2,20201200,419.4,20210300
2020-10-28 12:00:00,419.4,20210300,390.6,20201200,419.4,20210300
2020-10-28 13:00:00,419.4,20210300,391.8,20201200,419.4,20210300
2020-10-28 14:00:00,419.4,20210300,389.1,20201200,419.4,20210300
2020-10-28 15:00:00,419.4,20210300,390.6,20201200,419.4,20210300
2020-10-28 16:00:00,419.4,20210300,389.6,20201200,419.4,20210300
2020-10-29 08:00:00,419.4,20210300,390.1,20201200,419.4,20210300
2020-10-29 09:00:00,419.4,20210300,391.4,20201200,419.4,20210300
2020-10-29 11:00:00,419.4,20210300,390.8,20201200,419.4,20210300
2020-10-29 14:00:00,419.4,20210300,391.0,20201200,419.4,20210300
2020-10-29 15:00:00,419.4,20210300,392.1,20201200,419.4,20210300
2020-10-29 16:00:00,419.4,20210300,389.4,20201200,419.4,20210300
2020-10-30 08:00:00,419.4,20210300,388.2,20201200,419.4,20210300
2020-10-30 09:00:00,419.4,20210300,389.3,20201200,419.4,20210300
2020-10-30 13:00:00,419.4,20210300,389.3,20201200,419.4,20210300
2020-10-30 14:00:00,419.4,20210300,389.2,20201200,419.4,20210300
2020-10-30 15:00:00,419.4,20210300,388.9,20201200,419.4,20210300
2020-10-30 16:00:00,419.4,20210300,390.0,20201200,419.4,20210300
2020-11-02 09:00:00,419.4,20210300,392.0,20201200,419.4,20210300
2020-11-02 11:00:00,419.4,20210300,394.9,20201200,419.4,20210300
2020-11-02 14:00:00,419.4,20210300,395.2,20201200,419.4,20210300
2020-11-02 15:00:00,419.4,20210300,395.7,20201200,419.4,20210300
2020-11-03 13:00:00,419.4,20210300,402.2,20201200,419.4,20210300
2020-11-03 14:00:00,419.4,20210300,402.9,20201200,419.4,20210300
2020-11-03 15:00:00,419.4,20210300,403.2,20201200,419.4,20210300
2020-11-03 16:00:00,419.4,20210300,403.5,20201200,419.4,20210300
2020-11-04 08:00:00,419.4,20210300,402.9,20201200,419.4,20210300
2020-11-04 09:00:00,419.4,20210300,406.2,20201200,419.4,20210300
2020-11-04 10:00:00,419.4,20210300,405.6,20201200,419.4,20210300
2020-11-04 12:00:00,419.4,20210300,407.7,20201200,419.4,20210300
2020-11-04 13:00:00,419.4,20210300,409.7,20201200,419.4,20210300
2020-11-04 14:00:00,419.4,20210300,408.3,20201200,419.4,20210300
2020-11-04 15:00:00,419.4,20210300,409.7,20201200,419.4,20210300
2020-11-04 16:00:00,419.4,20210300,410.5,20201200,419.4,20210300
2020-11-05 08:00:00,419.4,20210300,414.3,20201200,419.4,20210300
2020-11-05 09:00:00,419.4,20210300,413.1,20201200,419.4,20210300
2020-11-05 10:00:00,419.4,20210300,414.4,20201200,419.4,20210300
2020-11-05 11:00:00,419.4,20210300,415.3,20201200,419.4,20210300
2020-11-05 12:00:00,419.4,20210300,415.7,20201200,419.4,20210300
2020-11-05 13:00:00,419.4,20210300,415.4,20201200,419.4,20210300
2020-11-05 14:00:00,419.4,20210300,415.7,20201200,419.4,20210300
2020-11-05 15:00:00,419.4,20210300,416.6,20201200,419.4,20210300
2020-11-05 16:00:00,419.4,20210300,415.9,20201200,419.4,20210300
2020-11-06 08:00:00,419.4,20210300,414.0,20201200,419.4,20210300
2020-11-06 09:00:00,419.4,20210300,412.7,20201200,419.4,20210300
2020-11-06 10:00:00,419.4,20210300,412.6,20201200,419.4,20210300
2020-11-06 12:00:00,419.4,20210300,412.1,20201200,419.4,20210300
2020-11-06 14:00:00,419.4,20210300,414.7,20201200,419.4,20210300
2020-11-06 15:00:00,419.4,20210300,415.2,20201200,419.4,20210300
2020-11-09 10:00:00,419.4,20210300,421.6,20201200,419.4,20210300
2020-11-09 11:00:00,419.4,20210300,434.4,20201200,419.4,20210300
2020-11-09 12:00:00,419.4,20210300,429.0,20201200,419.4,20210300
2020-11-09 13:00:00,419.4,20210300,430.5,20201200,419.4,20210300
2020-11-09 14:00:00,419.4,20210300,430.2,20201200,419.4,20210300
2020-11-09 15:00:00,419.4,20210300,430.3,20201200,419.4,20210300
2020-11-09 16:00:00,419.4,20210300,432.0,20201200,419.4,20210300
2020-11-10 11:00:00,419.4,20210300,433.7,20201200,419.4,20210300
2020-11-10 12:00:00,419.4,20210300,434.2,20201200,419.4,20210300
2020-11-10 13:00:00,419.4,20210300,433.6,20201200,419.4,20210300
2020-11-10 14:00:00,419.4,20210300,436.5,20201200,419.4,20210300
2020-11-10 15:00:00,419.4,20210300,435.9,20201200,419.4,20210300
2020-11-10 16:00:00,419.4,20210300,438.0,20201200,419.4,20210300
2020-11-11 08:00:00,419.4,20210300,437.5,20201200,419.4,20210300
2020-11-11 09:00:00,419.4,20210300,438.1,20201200,419.4,20210300
2020-11-11 10:00:00,419.4,20210300,438.4,20201200,419.4,20210300
2020-11-11 11:00:00,419.4,20210300,438.5,20201200,419.4,20210300
2020-11-11 12:00:00,419.4,20210300,439.1,20201200,419.4,20210300
2020-11-11 14:00:00,419.4,20210300,439.3,20201200,419.4,20210300
2020-11-11 15:00:00,419.4,20210300,437.9,20201200,419.4,20210300
2020-11-11 16:00:00,419.4,20210300,439.5,20201200,419.4,20210300
2020-11-12 08:00:00,419.4,20210300,437.6,20201200,419.4,20210300
2020-11-12 09:00:00,419.4,20210300,438.5,20201200,419.4,20210300
2020-11-12 10:00:00,419.4,20210300,440.3,20201200,419.4,20210300
2020-11-12 12:00:00,419.4,20210300,437.5,20201200,419.4,20210300
2020-11-12 13:00:00,419.4,20210300,437.4,20201200,419.4,20210300
2020-11-12 14:00:00,419.4,20210300,437.6,20201200,419.4,20210300
2020-11-12 15:00:00,419.4,20210300,437.7,20201200,419.4,20210300
2020-11-12 16:00:00,419.4,20210300,437.3,20201200,419.4,20210300
2020-11-13 08:00:00,419.4,20210300,436.8,20201200,419.4,20210300
2020-11-13 09:00:00,419.4,20210300,439.8,20201200,419.4,20210300
2020-11-13 10:00:00,419.4,20210300,439.7,20201200,419.4,20210300
2020-11-13 11:00:00,419.4,20210300,439.4,20201200,419.4,20210300
2020-11-13 12:00:00,419.4,20210300,439.7,20201200,419.4,20210300
2020-11-13 13:00:00,419.4,20210300,439.2,20201200,419.4,20210300
2020-11-13 14:00:00,419.4,20210300,439.7,20201200,419.4,20210300
2020-11-13 15:00:00,419.4,20210300,440.7,20201200,419.4,20210300
2020-11-16 08:00:00,419.4,20210300,444.1,20201200,419.4,20210300
2020-11-16 09:00:00,419.4,20210300,445.9,20201200,419.4,20210300
2020-11-16 11:00:00,419.4,20210300,448.2,20201200,419.4,20210300
2020-11-16 15:00:00,419.4,20210300,448.9,20201200,419.4,20210300
2020-11-16 16:00:00,419.4,20210300,448.7,20201200,419.4,20210300
2020-11-17 10:00:00,419.4,20210300,449.1,20201200,419.4,20210300
2020-11-17 11:00:00,419.4,20210300,447.4,20201200,419.4,20210300
2020-11-17 12:00:00,419.4,20210300,448.0,20201200,419.4,20210300
2020-11-17 14:00:00,419.4,20210300,447.6,20201200,419.4,20210300
2020-11-17 15:00:00,419.4,20210300,449.0,20201200,419.4,20210300
2020-11-17 16:00:00,419.4,20210300,448.9,20201200,419.4,20210300
2020-11-18 08:00:00,419.4,20210300,449.6,20201200,419.4,20210300
2020-11-18 09:00:00,419.4,20210300,451.4,20201200,419.4,20210300
2020-11-18 10:00:00,419.4,20210300,451.2,20201200,419.4,20210300
2020-11-18 11:00:00,419.4,20210300,451.5,20201200,419.4,20210300
2020-11-18 12:00:00,419.4,20210300,451.8,20201200,419.4,20210300
2020-11-18 14:00:00,419.4,20210300,451.8,20201200,419.4,20210300
2020-11-18 16:00:00,419.4,20210300,452.0,20201200,419.4,20210300
2020-11-19 08:00:00,419.4,20210300,448.9,20201200,419.4,20210300
2020-11-19 10:00:00,419.4,20210300,449.2,20201200,419.4,20210300
2020-11-19 11:00:00,419.4,20210300,449.3,20201200,419.4,20210300
2020-11-19 12:00:00,419.4,20210300,450.3,20201200,419.4,20210300
2020-11-19 13:00:00,419.4,20210300,449.9,20201200,419.4,20210300
2020-11-19 15:00:00,419.4,20210300,449.4,20201200,419.4,20210300
2020-11-19 16:00:00,419.4,20210300,449.0,20201200,419.4,20210300
2020-11-20 08:00:00,419.4,20210300,449.7,20201200,419.4,20210300
2020-11-20 11:00:00,419.4,20210300,451.0,20201200,419.4,20210300
2020-11-20 12:00:00,419.4,20210300,450.6,20201200,419.4,20210300
2020-11-20 13:00:00,419.4,20210300,450.6,20201200,419.4,20210300
2020-11-20 15:00:00,419.4,20210300,449.8,20201200,419.4,20210300
2020-11-20 16:00:00,419.4,20210300,450.2,20201200,419.4,20210300
2020-11-23 13:00:00,419.4,20210300,452.8,20201200,419.4,20210300
2020-11-24 09:00:00,419.4,20210300,455.7,20201200,419.4,20210300
2020-11-24 13:00:00,419.4,20210300,456.9,20201200,419.4,20210300
2020-11-24 14:00:00,419.4,20210300,457.3,20201200,419.4,20210300
2020-11-24 16:00:00,419.4,20210300,457.9,20201200,419.4,20210300
2020-11-25 09:00:00,419.4,20210300,457.4,20201200,419.4,20210300
2020-11-25 10:00:00,419.4,20210300,456.2,20201200,419.4,20210300
2020-11-25 12:00:00,419.4,20210300,457.4,20201200,419.4,20210300
2020-11-25 13:00:00,419.4,20210300,457.1,20201200,419.4,20210300
2020-11-25 14:00:00,419.4,20210300,457.2,20201200,419.4,20210300
2020-11-25 16:00:00,419.4,20210300,458.2,20201200,419.4,20210300
2020-11-26 09:00:00,419.4,20210300,458.4,20201200,419.4,20210300
2020-11-26 10:00:00,419.4,20210300,458.2,20201200,419.4,20210300
2020-11-26 11:00:00,419.4,20210300,457.2,20201200,419.4,20210300
2020-11-26 12:00:00,419.4,20210300,457.0,20201200,419.4,20210300
2020-11-26 13:00:00,419.4,20210300,457.9,20201200,419.4,20210300
2020-11-26 14:00:00,419.4,20210300,458.2,20201200,419.4,20210300
2020-11-26 15:00:00,419.4,20210300,457.9,20201200,419.4,20210300
2020-11-26 16:00:00,419.4,20210300,457.9,20201200,419.4,20210300
2020-11-27 08:00:00,419.4,20210300,457.4,20201200,419.4,20210300
2020-11-27 11:00:00,419.4,20210300,459.7,20201200,419.4,20210300
2020-11-27 14:00:00,419.4,20210300,460.9,20201200,419.4,20210300
2020-11-27 16:00:00,419.4,20210300,461.7,20201200,419.4,20210300
2020-11-30 10:00:00,419.4,20210300,462.7,20201200,419.4,20210300
2020-11-30 13:00:00,419.4,20210300,462.6,20201200,419.4,20210300
2020-11-30 14:00:00,419.4,20210300,462.6,20201200,419.4,20210300
2020-11-30 15:00:00,419.4,20210300,461.3,20201200,419.4,20210300
2020-11-30 16:00:00,419.4,20210300,457.5,20201200,419.4,20210300
2020-12-01 08:00:00,419.4,20210300,459.7,20201200,419.4,20210300
2020-12-01 11:00:00,419.4,20210300,461.5,20201200,419.4,20210300
2020-12-01 12:00:00,419.4,20210300,461.2,20201200,419.4,20210300
2020-12-01 13:00:00,419.4,20210300,461.3,20201200,419.4,20210300
2020-12-01 14:00:00,419.4,20210300,461.2,20201200,419.4,20210300
2020-12-01 15:00:00,419.4,20210300,460.4,20201200,419.4,20210300
2020-12-01 16:00:00,419.4,20210300,460.6,20201200,419.4,20210300
2020-12-02 08:00:00,419.4,20210300,458.3,20201200,419.4,20210300
2020-12-02 14:00:00,419.4,20210300,456.7,20201200,419.4,20210300
2020-12-02 15:00:00,419.4,20210300,459.1,20201200,419.4,20210300
2020-12-02 16:00:00,419.4,20210300,458.6,20201200,419.4,20210300
2020-12-03 08:00:00,419.4,20210300,458.2,20201200,419.4,20210300
2020-12-03 09:00:00,419.4,20210300,456.4,20201200,419.4,20210300
2020-12-03 10:00:00,419.4,20210300,456.4,20201200,419.4,20210300
2020-12-03 12:00:00,419.4,20210300,457.6,20201200,419.4,20210300
2020-12-03 15:00:00,419.4,20210300,457.5,20201200,419.4,20210300
2020-12-03 16:00:00,419.4,20210300,456.8,20201200,419.4,20210300
2020-12-04 08:00:00,419.4,20210300,458.7,20201200,419.4,20210300
2020-12-04 10:00:00,419.4,20210300,459.9,20201200,419.4,20210300
2020-12-04 11:00:00,419.4,20210300,459.7,20201200,419.4,20210300
2020-12-04 12:00:00,419.4,20210300,460.0,20201200,419.4,20210300
2020-12-04 15:00:00,419.4,20210300,461.7,20201200,419.4,20210300
2020-12-04 16:00:00,419.4,20210300,461.5,20201200,419.4,20210300
2020-12-07 08:00:00,419.4,20210300,460.3,20201200,419.4,20210300
2020-12-07 09:00:00,419.4,20210300,459.2,20201200,419.4,20210300
2020-12-07 10:00:00,419.4,20210300,459.7,20201200,419.4,20210300
2020-12-07 11:00:00,419.4,20210300,460.0,20201200,419.4,20210300
2020-12-07 12:00:00,419.4,20210300,459.7,20201200,419.4,20210300
2020-12-07 14:00:00,419.4,20210300,460.1,20201200,419.4,20210300
2020-12-07 15:00:00,419.4,20210300,460.5,20201200,419.4,20210300
2020-12-07 16:00:00,419.4,20210300,460.9,20201200,419.4,20210300
2020-12-08 14:00:00,419.4,20210300,460.9,20201200,419.4,20210300
2020-12-08 16:00:00,419.4,20210300,461.7,20201200,419.4,20210300
2020-12-09 08:00:00,419.4,20210300,463.2,20201200,419.4,20210300
2020-12-09 09:00:00,419.4,20210300,462.7,20201200,419.4,20210300
2020-12-09 10:00:00,419.4,20210300,463.7,20201200,419.4,20210300
2020-12-09 15:00:00,419.4,20210300,464.4,20201200,419.4,20210300
2020-12-09 16:00:00,419.4,20210300,463.6,20201200,419.4,20210300
2020-12-10 08:00:00,419.4,20210300,464.5,20201200,419.4,20210300
2020-12-10 13:00:00,419.4,20210300,462.4,20201200,419.4,20210300
2020-12-10 14:00:00,419.4,20210300,460.4,20201200,419.4,20210300
2020-12-10 16:00:00,419.4,20210300,463.1,20201200,419.4,20210300
2020-12-11 11:00:00,419.4,20210300,456.7,20201200,419.4,20210300
2020-12-11 15:00:00,419.4,20210300,461.1,20201200,419.4,20210300
2020-12-14 09:00:00,419.4,20210300,463.8,20201200,419.4,20210300
2020-12-14 13:00:00,419.4,20210300,465.3,20201200,419.4,20210300
2020-12-14 15:00:00,419.4,20210300,463.6,20201200,419.4,20210300
2020-12-14 16:00:00,419.4,20210300,463.8,20201200,419.4,20210300
2020-12-15 13:00:00,419.4,20210300,465.3,20201200,419.4,20210300
2020-12-15 16:00:00,419.4,20210300,466.7,20201200,419.4,20210300
2020-12-16 08:00:00,419.4,20210300,469.3,20201200,419.4,20210300
2020-12-16 10:00:00,419.4,20210300,469.6,20201200,419.4,20210300
2020-12-16 11:00:00,419.4,20210300,469.8,20201200,419.4,20210300
2020-12-16 13:00:00,419.4,20210300,469.6,20201200,419.4,20210300
2020-12-16 16:00:00,419.4,20210300,467.6,20201200,419.4,20210300
2020-12-17 10:00:00,467.7,20210300,467.6,20201200,467.7,20210300
2020-12-17 11:00:00,468.4,20210300,470.2,20201200,468.4,20210300
2020-12-17 12:00:00,468.4,20210600,468.1,20210300,468.4,20210600
2020-12-17 13:00:00,468.4,20210600,467.7,20210300,468.4,20210600
2020-12-17 14:00:00,468.4,20210600,469.1,20210300,468.4,20210600
2020-12-17 15:00:00,468.4,20210600,468.0,20210300,468.4,20210600
2020-12-17 16:00:00,468.4,20210600,467.8,20210300,468.4,20210600
2020-12-18 08:00:00,468.4,20210600,469.9,20210300,468.4,20210600
2020-12-18 09:00:00,468.4,20210600,469.2,20210300,468.4,20210600
2020-12-18 10:00:00,468.4,20210600,469.6,20210300,468.4,20210600
2020-12-18 11:00:00,468.4,20210600,469.5,20210300,468.4,20210600
2020-12-18 12:00:00,468.4,20210600,469.1,20210300,468.4,20210600
2020-12-18 13:00:00,468.4,20210600,469.4,20210300,468.4,20210600
2020-12-18 14:00:00,468.4,20210600,469.1,20210300,468.4,20210600
2020-12-18 15:00:00,468.4,20210600,468.9,20210300,468.4,20210600
2020-12-18 16:00:00,468.4,20210600,469.2,20210300,468.4,20210600
2020-12-21 09:00:00,468.4,20210600,457.6,20210300,468.4,20210600
2020-12-21 10:00:00,468.4,20210600,453.4,20210300,468.4,20210600
2020-12-21 11:00:00,468.4,20210600,456.7,20210300,468.4,20210600
2020-12-21 12:00:00,468.4,20210600,457.3,20210300,468.4,20210600
2020-12-21 13:00:00,468.4,20210600,456.6,20210300,468.4,20210600
2020-12-21 14:00:00,468.4,20210600,456.9,20210300,468.4,20210600
2020-12-21 15:00:00,468.4,20210600,458.3,20210300,468.4,20210600
2020-12-21 16:00:00,468.4,20210600,459.8,20210300,468.4,20210600
2020-12-22 08:00:00,468.4,20210600,462.3,20210300,468.4,20210600
2020-12-22 09:00:00,468.4,20210600,463.4,20210300,468.4,20210600
2020-12-22 10:00:00,468.4,20210600,463.1,20210300,468.4,20210600
2020-12-22 11:00:00,468.4,20210600,463.7,20210300,468.4,20210600
2020-12-22 12:00:00,468.4,20210600,464.4,20210300,468.4,20210600
2020-12-22 13:00:00,468.4,20210600,464.1,20210300,468.4,20210600
2020-12-22 14:00:00,468.4,20210600,464.1,20210300,468.4,20210600
2020-12-22 15:00:00,468.4,20210600,465.4,20210300,468.4,20210600
2020-12-22 16:00:00,468.4,20210600,465.7,20210300,468.4,20210600
2020-12-22 17:00:00,468.4,20210600,465.9,20210300,468.4,20210600
2020-12-23 08:00:00,468.4,20210600,467.5,20210300,468.4,20210600
2020-12-23 09:00:00,468.4,20210600,467.8,20210300,468.4,20210600
2020-12-23 11:00:00,468.4,20210600,467.6,20210300,468.4,20210600
2020-12-23 12:00:00,468.4,20210600,468.5,20210300,468.4,20210600
2020-12-23 13:00:00,468.4,20210600,469.3,20210300,468.4,20210600
2020-12-23 16:00:00,468.4,20210600,470.4,20210300,468.4,20210600
2020-12-28 08:00:00,468.4,20210600,475.3,20210300,468.4,20210600
2020-12-28 09:00:00,468.4,20210600,474.6,20210300,468.4,20210600
2020-12-28 10:00:00,468.4,20210600,474.6,20210300,468.4,20210600
2020-12-28 11:00:00,468.4,20210600,474.8,20210300,468.4,20210600
2020-12-28 12:00:00,468.4,20210600,475.0,20210300,468.4,20210600
2020-12-28 13:00:00,468.4,20210600,474.7,20210300,468.4,20210600
2020-12-28 14:00:00,468.4,20210600,474.4,20210300,468.4,20210600
2020-12-28 15:00:00,468.4,20210600,474.3,20210300,468.4,20210600
2020-12-28 16:00:00,468.4,20210600,474.4,20210300,468.4,20210600
2020-12-29 08:00:00,468.4,20210600,475.7,20210300,468.4,20210600
2020-12-29 09:00:00,468.4,20210600,476.1,20210300,468.4,20210600
2020-12-29 10:00:00,468.4,20210600,476.5,20210300,468.4,20210600
2020-12-29 11:00:00,468.4,20210600,476.3,20210300,468.4,20210600
2020-12-29 12:00:00,468.4,20210600,476.1,20210300,468.4,20210600
2020-12-29 13:00:00,468.4,20210600,476.2,20210300,468.4,20210600
2020-12-29 14:00:00,468.4,20210600,475.3,20210300,468.4,20210600
2020-12-29 15:00:00,468.4,20210600,476.4,20210300,468.4,20210600
2020-12-29 16:00:00,468.4,20210600,476.2,20210300,468.4,20210600
2020-12-30 08:00:00,468.4,20210600,475.6,20210300,468.4,20210600
2020-12-30 09:00:00,468.4,20210600,475.8,20210300,468.4,20210600
2020-12-30 12:00:00,468.4,20210600,476.0,20210300,468.4,20210600
2020-12-30 13:00:00,468.4,20210600,475.2,20210300,468.4,20210600
2020-12-30 14:00:00,468.4,20210600,476.2,20210300,468.4,20210600
2020-12-30 15:00:00,468.4,20210600,475.5,20210300,468.4,20210600
2020-12-30 16:00:00,468.4,20210600,474.7,20210300,468.4,20210600
2021-01-04 08:00:00,468.4,20210600,477.1,20210300,468.4,20210600
2021-01-04 09:00:00,468.4,20210600,478.7,20210300,468.4,20210600
2021-01-04 10:00:00,468.4,20210600,479.8,20210300,468.4,20210600
2021-01-04 11:00:00,468.4,20210600,479.5,20210300,468.4,20210600
2021-01-04 12:00:00,468.4,20210600,479.5,20210300,468.4,20210600
2021-01-04 13:00:00,468.4,20210600,480.1,20210300,468.4,20210600
2021-01-04 14:00:00,468.4,20210600,479.5,20210300,468.4,20210600
2021-01-04 15:00:00,468.4,20210600,476.8,20210300,468.4,20210600
2021-01-04 16:00:00,468.4,20210600,476.6,20210300,468.4,20210600
2021-01-05 08:00:00,468.4,20210600,475.7,20210300,468.4,20210600
2021-01-05 09:00:00,468.4,20210600,476.4,20210300,468.4,20210600
2021-01-05 11:00:00,468.4,20210600,476.9,20210300,468.4,20210600
2021-01-05 12:00:00,468.4,20210600,476.0,20210300,468.4,20210600
2021-01-05 13:00:00,468.4,20210600,474.9,20210300,468.4,20210600
2021-01-05 14:00:00,468.4,20210600,476.2,20210300,468.4,20210600
2021-01-05 15:00:00,468.4,20210600,474.2,20210300,468.4,20210600
2021-01-05 16:00:00,468.4,20210600,475.1,20210300,468.4,20210600
2021-01-06 08:00:00,468.4,20210600,476.4,20210300,468.4,20210600
2021-01-06 09:00:00,468.4,20210600,477.1,20210300,468.4,20210600
2021-01-06 13:00:00,468.4,20210600,479.5,20210300,468.4,20210600
2021-01-06 14:00:00,468.4,20210600,480.8,20210300,468.4,20210600
2021-01-06 15:00:00,468.4,20210600,481.3,20210300,468.4,20210600
2021-01-06 16:00:00,468.4,20210600,482.1,20210300,468.4,20210600
2021-01-07 08:00:00,468.4,20210600,482.5,20210300,468.4,20210600
2021-01-07 09:00:00,468.4,20210600,482.5,20210300,468.4,20210600
2021-01-07 10:00:00,468.4,20210600,481.9,20210300,468.4,20210600
2021-01-07 11:00:00,468.4,20210600,481.9,20210300,468.4,20210600
2021-01-07 12:00:00,468.4,20210600,482.6,20210300,468.4,20210600
2021-01-07 13:00:00,468.4,20210600,482.8,20210300,468.4,20210600
2021-01-07 14:00:00,468.4,20210600,483.3,20210300,468.4,20210600
2021-01-07 15:00:00,468.4,20210600,483.6,20210300,468.4,20210600
2021-01-07 16:00:00,468.4,20210600,482.5,20210300,468.4,20210600
2021-01-08 08:00:00,468.4,20210600,485.8,20210300,468.4,20210600
2021-01-08 09:00:00,468.4,20210600,484.6,20210300,468.4,20210600
2021-01-08 14:00:00,468.4,20210600,485.0,20210300,468.4,20210600
2021-01-08 15:00:00,468.4,20210600,484.4,20210300,468.4,20210600
2021-01-08 16:00:00,468.4,20210600,484.2,20210300,468.4,20210600
2021-01-11 08:00:00,468.4,20210600,482.9,20210300,468.4,20210600
2021-01-11 09:00:00,468.4,20210600,482.5,20210300,468.4,20210600
2021-01-11 10:00:00,468.4,20210600,483.2,20210300,468.4,20210600
2021-01-11 11:00:00,468.4,20210600,482.5,20210300,468.4,20210600
2021-01-11 12:00:00,468.4,20210600,482.2,20210300,468.4,20210600
2021-01-11 13:00:00,468.4,20210600,481.0,20210300,468.4,20210600
2021-01-11 14:00:00,468.4,20210600,479.1,20210300,468.4,20210600
2021-01-11 15:00:00,468.4,20210600,480.2,20210300,468.4,20210600
2021-01-11 16:00:00,468.4,20210600,481.1,20210300,468.4,20210600
2021-01-12 08:00:00,468.4,20210600,482.5,20210300,468.4,20210600
2021-01-12 09:00:00,468.4,20210600,482.5,20210300,468.4,20210600
2021-01-12 10:00:00,468.4,20210600,482.4,20210300,468.4,20210600
2021-01-12 13:00:00,468.4,20210600,481.1,20210300,468.4,20210600
2021-01-12 16:00:00,468.4,20210600,482.0,20210300,468.4,20210600
2021-01-13 08:00:00,468.4,20210600,482.0,20210300,468.4,20210600
2021-01-13 09:00:00,468.4,20210600,483.5,20210300,468.4,20210600
2021-01-13 10:00:00,468.4,20210600,482.3,20210300,468.4,20210600
2021-01-14 09:00:00,468.4,20210600,485.6,20210300,468.4,20210600
2021-01-14 11:00:00,468.4,20210600,485.5,20210300,468.4,20210600
2021-01-14 12:00:00,468.4,20210600,485.6,20210300,468.4,20210600
2021-01-14 13:00:00,468.4,20210600,486.6,20210300,468.4,20210600
2021-01-14 14:00:00,468.4,20210600,487.6,20210300,468.4,20210600
2021-01-14 15:00:00,468.4,20210600,486.9,20210300,468.4,20210600
2021-01-14 16:00:00,468.4,20210600,486.4,20210300,468.4,20210600
2021-01-15 09:00:00,468.4,20210600,485.1,20210300,468.4,20210600
2021-01-15 10:00:00,468.4,20210600,485.0,20210300,468.4,20210600
2021-01-15 12:00:00,468.4,20210600,483.0,20210300,468.4,20210600
2021-01-15 13:00:00,468.4,20210600,482.6,20210300,468.4,20210600
2021-01-15 16:00:00,468.4,20210600,481.0,20210300,468.4,20210600
2021-01-18 08:00:00,468.4,20210600,480.1,20210300,468.4,20210600
2021-01-18 09:00:00,468.4,20210600,481.5,20210300,468.4,20210600
2021-01-18 10:00:00,468.4,20210600,481.6,20210300,468.4,20210600
2021-01-18 11:00:00,468.4,20210600,482.2,20210300,468.4,20210600
2021-01-18 12:00:00,468.4,20210600,482.4,20210300,468.4,20210600
2021-01-18 13:00:00,468.4,20210600,483.1,20210300,468.4,20210600
2021-01-18 14:00:00,468.4,20210600,483.4,20210300,468.4,20210600
2021-01-18 15:00:00,468.4,20210600,483.6,20210300,468.4,20210600
2021-01-19 08:00:00,468.4,20210600,484.8,20210300,468.4,20210600
2021-01-19 09:00:00,468.4,20210600,484.1,20210300,468.4,20210600
2021-01-19 10:00:00,468.4,20210600,484.1,20210300,468.4,20210600
2021-01-19 12:00:00,468.4,20210600,484.2,20210300,468.4,20210600
2021-01-19 13:00:00,468.4,20210600,484.1,20210300,468.4,20210600
2021-01-19 14:00:00,468.4,20210600,483.2,20210300,468.4,20210600
2021-01-19 15:00:00,468.4,20210600,483.3,20210300,468.4,20210600
2021-01-19 16:00:00,468.4,20210600,482.4,20210300,468.4,20210600
2021-01-20 08:00:00,468.4,20210600,486.5,20210300,468.4,20210600
2021-01-20 09:00:00,468.4,20210600,485.1,20210300,468.4,20210600
2021-01-20 11:00:00,468.4,20210600,484.4,20210300,468.4,20210600
2021-01-20 12:00:00,468.4,20210600,484.0,20210300,468.4,20210600
2021-01-20 14:00:00,468.4,20210600,485.6,20210300,468.4,20210600
2021-01-20 16:00:00,468.4,20210600,484.6,20210300,468.4,20210600
2021-01-21 08:00:00,468.4,20210600,488.4,20210300,468.4,20210600
2021-01-21 13:00:00,468.4,20210600,486.2,20210300,468.4,20210600
2021-01-21 14:00:00,468.4,20210600,486.1,20210300,468.4,20210600
2021-01-21 15:00:00,468.4,20210600,486.5,20210300,468.4,20210600
2021-01-21 16:00:00,468.4,20210600,486.4,20210300,468.4,20210600
2021-01-22 08:00:00,468.4,20210600,480.0,20210300,468.4,20210600
2021-01-22 09:00:00,468.4,20210600,479.1,20210300,468.4,20210600
2021-01-22 14:00:00,468.4,20210600,480.3,20210300,468.4,20210600
2021-01-22 15:00:00,468.4,20210600,480.5,20210300,468.4,20210600
2021-01-22 16:00:00,468.4,20210600,481.0,20210300,468.4,20210600
2021-01-25 08:00:00,468.4,20210600,483.0,20210300,468.4,20210600
2021-01-25 11:00:00,468.4,20210600,478.6,20210300,468.4,20210600
2021-01-25 12:00:00,468.4,20210600,474.8,20210300,468.4,20210600
2021-01-25 13:00:00,468.4,20210600,474.7,20210300,468.4,20210600
2021-01-25 14:00:00,468.4,20210600,474.4,20210300,468.4,20210600
2021-01-25 15:00:00,468.4,20210600,474.7,20210300,468.4,20210600
2021-01-25 16:00:00,468.4,20210600,473.8,20210300,468.4,20210600
2021-01-26 08:00:00,468.4,20210600,475.5,20210300,468.4,20210600
2021-01-26 09:00:00,468.4,20210600,478.2,20210300,468.4,20210600
2021-01-26 11:00:00,468.4,20210600,480.5,20210300,468.4,20210600
2021-01-26 12:00:00,468.4,20210600,480.3,20210300,468.4,20210600
2021-01-26 15:00:00,468.4,20210600,479.1,20210300,468.4,20210600
2021-01-27 09:00:00,468.4,20210600,478.3,20210300,468.4,20210600
2021-01-27 10:00:00,468.4,20210600,474.9,20210300,468.4,20210600
2021-01-27 11:00:00,468.4,20210600,474.1,20210300,468.4,20210600
2021-01-27 13:00:00,468.4,20210600,469.9,20210300,468.4,20210600
2021-01-27 14:00:00,468.4,20210600,467.8,20210300,468.4,20210600
2021-01-27 15:00:00,468.4,20210600,469.6,20210300,468.4,20210600
2021-01-27 16:00:00,468.4,20210600,473.0,20210300,468.4,20210600
2021-01-28 08:00:00,468.4,20210600,463.2,20210300,468.4,20210600
2021-01-28 09:00:00,468.4,20210600,464.8,20210300,468.4,20210600
2021-01-28 10:00:00,468.4,20210600,467.2,20210300,468.4,20210600
2021-01-28 11:00:00,468.4,20210600,470.0,20210300,468.4,20210600
2021-01-28 12:00:00,468.4,20210600,471.3,20210300,468.4,20210600
2021-01-28 15:00:00,468.4,20210600,475.7,20210300,468.4,20210600
2021-01-28 16:00:00,468.4,20210600,474.9,20210300,468.4,20210600
2021-01-29 08:00:00,468.4,20210600,470.5,20210300,468.4,20210600
2021-01-29 09:00:00,468.4,20210600,471.1,20210300,468.4,20210600
2021-01-29 13:00:00,468.4,20210600,471.9,20210300,468.4,20210600
2021-01-29 14:00:00,468.4,20210600,471.5,20210300,468.4,20210600
2021-01-29 15:00:00,468.4,20210600,472.3,20210300,468.4,20210600
2021-01-29 16:00:00,468.4,20210600,470.2,20210300,468.4,20210600
2021-02-01 08:00:00,468.4,20210600,472.5,20210300,468.4,20210600
2021-02-01 09:00:00,468.4,20210600,473.8,20210300,468.4,20210600
2021-02-01 11:00:00,468.4,20210600,475.8,20210300,468.4,20210600
2021-02-01 14:00:00,468.4,20210600,476.8,20210300,468.4,20210600
2021-02-01 15:00:00,468.4,20210600,475.3,20210300,468.4,20210600
2021-02-02 08:00:00,468.4,20210600,479.8,20210300,468.4,20210600
2021-02-02 09:00:00,468.4,20210600,481.4,20210300,468.4,20210600
2021-02-02 10:00:00,468.4,20210600,481.4,20210300,468.4,20210600
2021-02-02 11:00:00,468.4,20210600,480.2,20210300,468.4,20210600
2021-02-02 13:00:00,468.4,20210600,481.5,20210300,468.4,20210600
2021-02-02 14:00:00,468.4,20210600,482.1,20210300,468.4,20210600
2021-02-02 15:00:00,468.4,20210600,483.1,20210300,468.4,20210600
2021-02-02 16:00:00,468.4,20210600,483.0,20210300,468.4,20210600
2021-02-03 08:00:00,468.4,20210600,487.2,20210300,468.4,20210600
2021-02-03 09:00:00,468.4,20210600,487.3,20210300,468.4,20210600
2021-02-03 10:00:00,468.4,20210600,487.5,20210300,468.4,20210600
2021-02-03 12:00:00,468.4,20210600,487.6,20210300,468.4,20210600
2021-02-03 15:00:00,468.4,20210600,487.0,20210300,468.4,20210600
2021-02-04 08:00:00,468.4,20210600,489.7,20210300,468.4,20210600
2021-02-04 11:00:00,468.4,20210600,488.0,20210300,468.4,20210600
2021-02-04 15:00:00,468.4,20210600,490.8,20210300,468.4,20210600
2021-02-04 16:00:00,468.4,20210600,490.6,20210300,468.4,20210600
2021-02-05 08:00:00,468.4,20210600,491.4,20210300,468.4,20210600
2021-02-05 16:00:00,468.4,20210600,492.5,20210300,468.4,20210600
2021-02-08 12:00:00,468.4,20210600,495.4,20210300,468.4,20210600
2021-02-08 14:00:00,468.4,20210600,495.6,20210300,468.4,20210600
2021-02-08 15:00:00,468.4,20210600,495.1,20210300,468.4,20210600
2021-02-08 16:00:00,468.4,20210600,494.1,20210300,468.4,20210600
2021-02-09 08:00:00,468.4,20210600,493.5,20210300,468.4,20210600
2021-02-09 10:00:00,468.4,20210600,492.1,20210300,468.4,20210600
2021-02-09 14:00:00,468.4,20210600,491.8,20210300,468.4,20210600
2021-02-09 15:00:00,468.4,20210600,492.0,20210300,468.4,20210600
2021-02-09 16:00:00,468.4,20210600,492.3,20210300,468.4,20210600
2021-02-10 08:00:00,468.4,20210600,492.7,20210300,468.4,20210600
2021-02-10 10:00:00,468.4,20210600,492.6,20210300,468.4,20210600
2021-02-10 11:00:00,468.4,20210600,492.7,20210300,468.4,20210600
2021-02-10 13:00:00,468.4,20210600,493.6,20210300,468.4,20210600
2021-02-10 14:00:00,468.4,20210600,493.6,20210300,468.4,20210600
2021-02-10 15:00:00,468.4,20210600,491.6,20210300,468.4,20210600
2021-02-10 16:00:00,468.4,20210600,490.5,20210300,468.4,20210600
2021-02-11 08:00:00,468.4,20210600,490.6,20210300,468.4,20210600
2021-02-11 10:00:00,468.4,20210600,492.1,20210300,468.4,20210600
2021-02-11 11:00:00,468.4,20210600,492.3,20210300,468.4,20210600
2021-02-11 12:00:00,468.4,20210600,492.0,20210300,468.4,20210600
2021-02-11 13:00:00,468.4,20210600,492.7,20210300,468.4,20210600
2021-02-11 14:00:00,468.4,20210600,491.9,20210300,468.4,20210600
2021-02-11 15:00:00,468.4,20210600,493.0,20210300,468.4,20210600
2021-02-11 16:00:00,468.4,20210600,493.1,20210300,468.4,20210600
2021-02-12 08:00:00,468.4,20210600,491.3,20210300,468.4,20210600
2021-02-12 09:00:00,468.4,20210600,491.2,20210300,468.4,20210600
2021-02-12 10:00:00,468.4,20210600,491.2,20210300,468.4,20210600
2021-02-12 11:00:00,468.4,20210600,491.2,20210300,468.4,20210600
2021-02-12 16:00:00,468.4,20210600,494.1,20210300,468.4,20210600
2021-02-15 08:00:00,468.4,20210600,496.7,20210300,468.4,20210600
2021-02-15 09:00:00,468.4,20210600,497.0,20210300,468.4,20210600
2021-02-15 10:00:00,468.4,20210600,497.1,20210300,468.4,20210600
2021-02-15 11:00:00,468.4,20210600,498.0,20210300,468.4,20210600
2021-02-15 12:00:00,468.4,20210600,497.4,20210300,468.4,20210600
2021-02-15 13:00:00,468.4,20210600,497.9,20210300,468.4,20210600
2021-02-15 14:00:00,468.4,20210600,497.9,20210300,468.4,20210600
2021-02-15 15:00:00,468.4,20210600,498.0,20210300,468.4,20210600
2021-02-15 16:00:00,468.4,20210600,496.5,20210300,468.4,20210600
2021-02-16 08:00:00,468.4,20210600,498.5,20210300,468.4,20210600
2021-02-16 09:00:00,468.4,20210600,499.0,20210300,468.4,20210600
2021-02-16 10:00:00,468.4,20210600,498.6,20210300,468.4,20210600
2021-02-16 11:00:00,468.4,20210600,498.9,20210300,468.4,20210600
2021-02-16 12:00:00,468.4,20210600,498.7,20210300,468.4,20210600
2021-02-16 13:00:00,468.4,20210600,498.3,20210300,468.4,20210600
2021-02-16 14:00:00,468.4,20210600,498.3,20210300,468.4,20210600
2021-02-16 15:00:00,468.4,20210600,497.8,20210300,468.4,20210600
2021-02-16 16:00:00,468.4,20210600,496.4,20210300,468.4,20210600
2021-02-17 08:00:00,468.4,20210600,496.9,20210300,468.4,20210600
2021-02-17 09:00:00,468.4,20210600,495.5,20210300,468.4,20210600
2021-02-17 10:00:00,468.4,20210600,495.5,20210300,468.4,20210600
2021-02-17 11:00:00,468.4,20210600,496.0,20210300,468.4,20210600
2021-02-17 12:00:00,468.4,20210600,496.2,20210300,468.4,20210600
2021-02-17 13:00:00,468.4,20210600,495.5,20210300,468.4,20210600
2021-02-17 14:00:00,468.4,20210600,494.7,20210300,468.4,20210600
2021-02-17 15:00:00,468.4,20210600,494.2,20210300,468.4,20210600
2021-02-17 16:00:00,468.4,20210600,492.4,20210300,468.4,20210600
2021-02-18 08:00:00,468.4,20210600,493.4,20210300,468.4,20210600
2021-02-18 10:00:00,468.4,20210600,491.8,20210300,468.4,20210600
2021-02-18 11:00:00,468.4,20210600,491.2,20210300,468.4,20210600
2021-02-18 12:00:00,468.4,20210600,491.6,20210300,468.4,20210600
2021-02-18 13:00:00,468.4,20210600,489.9,20210300,468.4,20210600
2021-02-18 14:00:00,468.4,20210600,490.3,20210300,468.4,20210600
2021-02-18 15:00:00,468.4,20210600,488.5,20210300,468.4,20210600
2021-02-18 16:00:00,468.4,20210600,488.3,20210300,468.4,20210600
2021-02-19 08:00:00,468.4,20210600,488.4,20210300,468.4,20210600
2021-02-19 09:00:00,468.4,20210600,489.9,20210300,468.4,20210600
2021-02-19 10:00:00,468.4,20210600,490.4,20210300,468.4,20210600
2021-02-19 16:00:00,468.4,20210600,493.0,20210300,468.4,20210600
2021-02-22 08:00:00,468.4,20210600,487.0,20210300,468.4,20210600
2021-02-22 09:00:00,468.4,20210600,488.5,20210300,468.4,20210600
2021-02-22 10:00:00,468.4,20210600,488.7,20210300,468.4,20210600
2021-02-22 11:00:00,468.4,20210600,489.3,20210300,468.4,20210600
2021-02-22 12:00:00,468.4,20210600,489.0,20210300,468.4,20210600
2021-02-22 13:00:00,468.4,20210600,489.6,20210300,468.4,20210600
2021-02-22 14:00:00,468.4,20210600,489.6,20210300,468.4,20210600
2021-02-22 15:00:00,468.4,20210600,490.1,20210300,468.4,20210600
2021-02-22 16:00:00,468.4,20210600,490.3,20210300,468.4,20210600
2021-02-23 08:00:00,468.4,20210600,488.7,20210300,468.4,20210600
2021-02-23 11:00:00,468.4,20210600,484.3,20210300,468.4,20210600
2021-02-23 14:00:00,468.4,20210600,487.4,20210300,468.4,20210600
2021-02-23 15:00:00,468.4,20210600,487.2,20210300,468.4,20210600
2021-02-23 16:00:00,468.4,20210600,487.9,20210300,468.4,20210600
2021-02-24 10:00:00,468.4,20210600,490.0,20210300,468.4,20210600
2021-02-24 14:00:00,468.4,20210600,488.0,20210300,468.4,20210600
2021-02-24 15:00:00,468.4,20210600,488.5,20210300,468.4,20210600
2021-02-24 16:00:00,468.4,20210600,490.5,20210300,468.4,20210600
2021-02-25 08:00:00,468.4,20210600,492.8,20210300,468.4,20210600
2021-02-25 09:00:00,468.4,20210600,492.5,20210300,468.4,20210600
2021-02-25 10:00:00,468.4,20210600,492.6,20210300,468.4,20210600
2021-02-25 11:00:00,468.4,20210600,491.5,20210300,468.4,20210600
2021-02-25 12:00:00,468.4,20210600,491.4,20210300,468.4,20210600
2021-02-25 13:00:00,468.4,20210600,492.5,20210300,468.4,20210600
2021-02-25 14:00:00,468.4,20210600,491.0,20210300,468.4,20210600
2021-02-25 15:00:00,468.4,20210600,491.0,20210300,468.4,20210600
2021-02-25 16:00:00,468.4,20210600,490.3,20210300,468.4,20210600
2021-02-26 08:00:00,468.4,20210600,486.5,20210300,468.4,20210600
2021-02-26 09:00:00,468.4,20210600,487.0,20210300,468.4,20210600
2021-02-26 10:00:00,468.4,20210600,486.6,20210300,468.4,20210600
2021-02-26 11:00:00,468.4,20210600,484.3,20210300,468.4,20210600
2021-02-26 12:00:00,468.4,20210600,484.2,20210300,468.4,20210600
2021-02-26 13:00:00,468.4,20210600,485.5,20210300,468.4,20210600
2021-02-26 14:00:00,468.4,20210600,484.4,20210300,468.4,20210600
2021-02-26 15:00:00,468.4,20210600,483.5,20210300,468.4,20210600
2021-02-26 16:00:00,468.4,20210600,483.6,20210300,468.4,20210600
2021-03-01 08:00:00,468.4,20210600,491.3,20210300,468.4,20210600
2021-03-01 09:00:00,468.4,20210600,491.1,20210300,468.4,20210600
2021-03-01 10:00:00,468.4,20210600,491.0,20210300,468.4,20210600
2021-03-01 11:00:00,468.4,20210600,490.1,20210300,468.4,20210600
2021-03-01 12:00:00,468.4,20210600,490.7,20210300,468.4,20210600
2021-03-01 13:00:00,468.4,20210600,491.3,20210300,468.4,20210600
2021-03-01 14:00:00,468.4,20210600,491.0,20210300,468.4,20210600
2021-03-01 15:00:00,468.4,20210600,492.8,20210300,468.4,20210600
2021-03-01 16:00:00,468.4,20210600,492.6,20210300,468.4,20210600
2021-03-02 08:00:00,468.4,20210600,492.4,20210300,468.4,20210600
2021-03-02 09:00:00,468.4,20210600,491.5,20210300,468.4,20210600
2021-03-02 11:00:00,468.4,20210600,494.7,20210300,468.4,20210600
2021-03-02 12:00:00,468.4,20210600,495.0,20210300,468.4,20210600
2021-03-02 13:00:00,468.4,20210600,494.5,20210300,468.4,20210600
2021-03-02 14:00:00,468.4,20210600,494.1,20210300,468.4,20210600
2021-03-02 15:00:00,468.4,20210600,493.2,20210300,468.4,20210600
2021-03-02 16:00:00,468.4,20210600,492.4,20210300,468.4,20210600
2021-03-03 08:00:00,468.4,20210600,495.9,20210300,468.4,20210600
2021-03-03 09:00:00,468.4,20210600,496.6,20210300,468.4,20210600
2021-03-03 10:00:00,468.4,20210600,496.0,20210300,468.4,20210600
2021-03-03 15:00:00,468.4,20210600,490.0,20210300,468.4,20210600
2021-03-03 16:00:00,468.4,20210600,492.3,20210300,468.4,20210600
2021-03-04 08:00:00,468.4,20210600,488.6,20210300,468.4,20210600
2021-03-04 09:00:00,468.4,20210600,489.4,20210300,468.4,20210600
2021-03-04 10:00:00,468.4,20210600,488.4,20210300,468.4,20210600
2021-03-04 13:00:00,468.4,20210600,490.5,20210300,468.4,20210600
2021-03-04 14:00:00,468.4,20210600,491.4,20210300,468.4,20210600
2021-03-04 15:00:00,468.4,20210600,491.5,20210300,468.4,20210600
2021-03-04 16:00:00,468.4,20210600,491.3,20210300,468.4,20210600
2021-03-05 08:00:00,468.4,20210600,486.7,20210300,468.4,20210600
2021-03-05 09:00:00,468.4,20210600,488.0,20210300,468.4,20210600
2021-03-05 10:00:00,468.4,20210600,489.4,20210300,468.4,20210600
2021-03-05 11:00:00,468.4,20210600,489.5,20210300,468.4,20210600
2021-03-05 12:00:00,468.4,20210600,490.1,20210300,468.4,20210600
2021-03-05 13:00:00,468.4,20210600,490.1,20210300,468.4,20210600
2021-03-05 14:00:00,468.4,20210600,489.1,20210300,468.4,20210600
2021-03-05 15:00:00,468.4,20210600,487.6,20210300,468.4,20210600
2021-03-05 16:00:00,468.4,20210600,486.0,20210300,468.4,20210600
2021-03-08 14:00:00,468.4,20210600,495.2,20210300,468.4,20210600
2021-03-08 15:00:00,468.4,20210600,497.1,20210300,468.4,20210600
2021-03-08 16:00:00,468.4,20210600,497.3,20210300,468.4,20210600
2021-03-09 08:00:00,468.4,20210600,497.2,20210300,468.4,20210600
2021-03-09 13:00:00,468.4,20210600,498.5,20210300,468.4,20210600
2021-03-09 14:00:00,468.4,20210600,499.2,20210300,468.4,20210600
2021-03-09 15:00:00,468.4,20210600,499.0,20210300,468.4,20210600
2021-03-09 16:00:00,468.4,20210600,500.3,20210300,468.4,20210600
2021-03-10 08:00:00,468.4,20210600,499.9,20210300,468.4,20210600
2021-03-10 11:00:00,468.4,20210600,499.1,20210300,468.4,20210600
2021-03-10 12:00:00,468.4,20210600,499.8,20210300,468.4,20210600
2021-03-10 13:00:00,468.4,20210600,499.9,20210300,468.4,20210600
2021-03-10 14:00:00,468.4,20210600,500.5,20210300,468.4,20210600
2021-03-10 15:00:00,468.4,20210600,500.1,20210300,468.4,20210600
2021-03-10 16:00:00,468.4,20210600,499.8,20210300,468.4,20210600
2021-03-11 09:00:00,468.4,20210600,501.6,20210300,468.4,20210600
2021-03-11 11:00:00,468.4,20210600,502.3,20210300,468.4,20210600
2021-03-11 12:00:00,468.4,20210600,502.5,20210300,468.4,20210600
2021-03-11 13:00:00,468.4,20210600,502.1,20210300,468.4,20210600
2021-03-11 14:00:00,468.4,20210600,501.5,20210300,468.4,20210600
2021-03-11 15:00:00,468.4,20210600,501.7,20210300,468.4,20210600
2021-03-11 16:00:00,468.4,20210600,501.7,20210300,468.4,20210600
2021-03-12 08:00:00,468.4,20210600,501.2,20210300,468.4,20210600
2021-03-12 09:00:00,468.4,20210600,501.1,20210300,468.4,20210600
2021-03-12 10:00:00,468.4,20210600,501.0,20210300,468.4,20210600
2021-03-12 11:00:00,468.4,20210600,500.6,20210300,468.4,20210600
2021-03-12 12:00:00,468.4,20210600,501.1,20210300,468.4,20210600
2021-03-12 13:00:00,468.4,20210600,501.2,20210300,468.4,20210600
2021-03-12 14:00:00,468.4,20210600,501.4,20210300,468.4,20210600
2021-03-12 15:00:00,468.4,20210600,501.9,20210300,468.4,20210600
2021-03-12 16:00:00,468.4,20210600,501.8,20210300,468.4,20210600
2021-03-15 08:00:00,468.4,20210600,506.0,20210300,468.4,20210600
2021-03-15 11:00:00,468.4,20210600,505.4,20210300,468.4,20210600
2021-03-16 13:00:00,468.4,20210600,504.7,20210300,468.4,20210600
2021-03-16 16:00:00,468.4,20210600,505.0,20210300,468.4,20210600
2021-03-17 09:00:00,468.4,20210600,504.3,20210300,468.4,20210600
2021-03-17 12:00:00,468.4,20210600,503.0,20210300,468.4,20210600
2021-03-18 16:00:00,500.1,20210600,503.0,20210300,500.1,20210600
2021-03-19 08:00:00,500.1,20210900,496.9,20210600,500.1,20210900
2021-03-19 12:00:00,500.1,20210900,497.5,20210600,500.1,20210900
2021-03-19 14:00:00,500.1,20210900,494.5,20210600,500.1,20210900
2021-03-19 16:00:00,500.1,20210900,495.5,20210600,500.1,20210900
2021-03-22 08:00:00,500.1,20210900,493.9,20210600,500.1,20210900
2021-03-22 09:00:00,500.1,20210900,494.3,20210600,500.1,20210900
2021-03-22 10:00:00,500.1,20210900,494.8,20210600,500.1,20210900
2021-03-22 11:00:00,500.1,20210900,495.5,20210600,500.1,20210900
2021-03-22 12:00:00,500.1,20210900,495.2,20210600,500.1,20210900
2021-03-22 13:00:00,500.1,20210900,495.3,20210600,500.1,20210900
2021-03-22 15:00:00,500.1,20210900,496.0,20210600,500.1,20210900
2021-03-23 14:00:00,500.1,20210900,495.0,20210600,500.1,20210900
2021-03-23 15:00:00,500.1,20210900,494.4,20210600,500.1,20210900
2021-03-23 16:00:00,500.1,20210900,494.2,20210600,500.1,20210900
2021-03-24 08:00:00,500.1,20210900,492.4,20210600,500.1,20210900
2021-03-24 09:00:00,500.1,20210900,493.6,20210600,500.1,20210900
2021-03-24 10:00:00,500.1,20210900,494.5,20210600,500.1,20210900
2021-03-24 11:00:00,500.1,20210900,494.5,20210600,500.1,20210900
2021-03-24 12:00:00,500.1,20210900,494.4,20210600,500.1,20210900
2021-03-24 13:00:00,500.1,20210900,494.3,20210600,500.1,20210900
2021-03-24 14:00:00,500.1,20210900,495.3,20210600,500.1,20210900
2021-03-24 15:00:00,500.1,20210900,495.6,20210600,500.1,20210900
2021-03-24 16:00:00,500.1,20210900,496.1,20210600,500.1,20210900
2021-03-25 12:00:00,500.1,20210900,490.3,20210600,500.1,20210900
2021-03-25 13:00:00,500.1,20210900,491.2,20210600,500.1,20210900
2021-03-25 14:00:00,500.1,20210900,491.4,20210600,500.1,20210900
2021-03-25 15:00:00,500.1,20210900,493.5,20210600,500.1,20210900
2021-03-25 16:00:00,500.1,20210900,494.5,20210600,500.1,20210900
2021-03-26 08:00:00,500.1,20210900,499.2,20210600,500.1,20210900
2021-03-26 09:00:00,500.1,20210900,497.7,20210600,500.1,20210900
2021-03-26 11:00:00,500.1,20210900,498.3,20210600,500.1,20210900
2021-03-26 13:00:00,500.1,20210900,499.2,20210600,500.1,20210900
2021-03-26 14:00:00,500.1,20210900,499.7,20210600,500.1,20210900
2021-03-26 15:00:00,500.1,20210900,498.9,20210600,500.1,20210900
2021-03-26 16:00:00,500.1,20210900,498.8,20210600,500.1,20210900
2021-03-29 13:00:00,500.1,20210900,500.2,20210600,500.1,20210900
2021-03-30 09:00:00,500.1,20210900,502.8,20210600,500.1,20210900
2021-03-30 11:00:00,500.1,20210900,502.4,20210600,500.1,20210900
2021-03-30 14:00:00,500.1,20210900,504.1,20210600,500.1,20210900
2021-03-30 15:00:00,500.1,20210900,505.1,20210600,500.1,20210900
2021-03-31 15:00:00,500.1,20210900,504.9,20210600,500.1,20210900
2021-04-01 07:00:00,500.1,20210900,504.8,20210600,500.1,20210900
2021-04-01 12:00:00,500.1,20210900,507.1,20210600,500.1,20210900
2021-04-01 14:00:00,500.1,20210900,507.2,20210600,500.1,20210900
2021-04-06 10:00:00,500.1,20210900,509.0,20210600,500.1,20210900
2021-04-06 11:00:00,500.1,20210900,509.6,20210600,500.1,20210900
2021-04-06 12:00:00,500.1,20210900,509.1,20210600,500.1,20210900
2021-04-06 13:00:00,500.1,20210900,509.5,20210600,500.1,20210900
2021-04-06 14:00:00,500.1,20210900,509.6,20210600,500.1,20210900
2021-04-06 15:00:00,500.1,20210900,508.1,20210600,500.1,20210900
2021-04-07 14:00:00,500.1,20210900,509.9,20210600,500.1,20210900
2021-04-08 13:00:00,500.1,20210900,508.8,20210600,500.1,20210900
2021-04-08 14:00:00,500.1,20210900,509.4,20210600,500.1,20210900
2021-04-09 07:00:00,500.1,20210900,510.8,20210600,500.1,20210900
2021-04-13 14:00:00,500.1,20210900,509.1,20210600,500.1,20210900
2021-04-13 15:00:00,500.1,20210900,509.3,20210600,500.1,20210900
2021-04-14 07:00:00,500.1,20210900,509.3,20210600,500.1,20210900
2021-04-15 13:00:00,500.1,20210900,509.4,20210600,500.1,20210900
2021-04-15 15:00:00,500.1,20210900,510.5,20210600,500.1,20210900
2021-04-16 08:00:00,500.1,20210900,512.5,20210600,500.1,20210900
2021-04-16 09:00:00,500.1,20210900,514.3,20210600,500.1,20210900
2021-04-16 10:00:00,500.1,20210900,512.7,20210600,500.1,20210900
2021-04-16 11:00:00,500.1,20210900,512.9,20210600,500.1,20210900
2021-04-16 12:00:00,500.1,20210900,513.6,20210600,500.1,20210900
2021-04-16 13:00:00,500.1,20210900,513.5,20210600,500.1,20210900
2021-04-16 14:00:00,500.1,20210900,514.3,20210600,500.1,20210900
2021-04-16 15:00:00,500.1,20210900,514.8,20210600,500.1,20210900
2021-04-19 15:00:00,500.1,20210900,514.0,20210600,500.1,20210900
2021-04-20 07:00:00,500.1,20210900,511.4,20210600,500.1,20210900
2021-04-20 08:00:00,500.1,20210900,510.7,20210600,500.1,20210900
2021-04-20 09:00:00,500.1,20210900,508.9,20210600,500.1,20210900
2021-04-20 11:00:00,500.1,20210900,507.0,20210600,500.1,20210900
2021-04-20 12:00:00,500.1,20210900,507.0,20210600,500.1,20210900
2021-04-20 14:00:00,500.1,20210900,503.6,20210600,500.1,20210900
2021-04-20 15:00:00,500.1,20210900,504.0,20210600,500.1,20210900
2021-04-21 08:00:00,500.1,20210900,506.3,20210600,500.1,20210900
2021-04-21 09:00:00,500.1,20210900,504.1,20210600,500.1,20210900
2021-04-21 10:00:00,500.1,20210900,504.5,20210600,500.1,20210900
2021-04-22 08:00:00,500.1,20210900,508.2,20210600,500.1,20210900
2021-04-22 11:00:00,500.1,20210900,509.0,20210600,500.1,20210900
2021-04-22 13:00:00,500.1,20210900,509.6,20210600,500.1,20210900
2021-04-22 14:00:00,500.1,20210900,508.7,20210600,500.1,20210900
2021-04-23 08:00:00,500.1,20210900,509.0,20210600,500.1,20210900
2021-04-23 09:00:00,500.1,20210900,508.1,20210600,500.1,20210900
2021-04-23 14:00:00,500.1,20210900,508.3,20210600,500.1,20210900
2021-04-23 15:00:00,500.1,20210900,509.6,20210600,500.1,20210900
2021-04-26 07:00:00,500.1,20210900,511.8,20210600,500.1,20210900
2021-04-26 08:00:00,500.1,20210900,510.8,20210600,500.1,20210900
2021-04-26 11:00:00,500.1,20210900,511.4,20210600,500.1,20210900
2021-04-26 13:00:00,500.1,20210900,512.7,20210600,500.1,20210900
2021-04-26 14:00:00,500.1,20210900,512.7,20210600,500.1,20210900
2021-04-27 07:00:00,500.1,20210900,512.3,20210600,500.1,20210900
2021-04-27 08:00:00,500.1,20210900,512.0,20210600,500.1,20210900
2021-04-27 09:00:00,500.1,20210900,511.1,20210600,500.1,20210900
2021-04-27 10:00:00,500.1,20210900,511.3,20210600,500.1,20210900
2021-04-27 11:00:00,500.1,20210900,511.3,20210600,500.1,20210900
2021-04-27 12:00:00,500.1,20210900,511.1,20210600,500.1,20210900
2021-04-27 13:00:00,500.1,20210900,511.2,20210600,500.1,20210900
2021-04-27 14:00:00,500.1,20210900,511.8,20210600,500.1,20210900
2021-04-27 15:00:00,500.1,20210900,511.6,20210600,500.1,20210900
2021-04-28 15:00:00,500.1,20210900,512.6,20210600,500.1,20210900
2021-04-29 07:00:00,500.1,20210900,513.5,20210600,500.1,20210900
2021-04-29 08:00:00,500.1,20210900,513.3,20210600,500.1,20210900
2021-04-29 15:00:00,500.1,20210900,508.2,20210600,500.1,20210900
2021-04-30 07:00:00,500.1,20210900,510.0,20210600,500.1,20210900
2021-04-30 08:00:00,500.1,20210900,509.2,20210600,500.1,20210900
2021-04-30 09:00:00,500.1,20210900,508.8,20210600,500.1,20210900
2021-04-30 10:00:00,500.1,20210900,507.3,20210600,500.1,20210900
2021-04-30 11:00:00,500.1,20210900,508.0,20210600,500.1,20210900
2021-04-30 12:00:00,500.1,20210900,509.1,20210600,500.1,20210900
2021-04-30 13:00:00,500.1,20210900,509.6,20210600,500.1,20210900
2021-04-30 14:00:00,500.1,20210900,509.0,20210600,500.1,20210900
2021-04-30 15:00:00,500.1,20210900,508.0,20210600,500.1,20210900
2021-05-03 09:00:00,500.1,20210900,507.4,20210600,500.1,20210900
2021-05-03 14:00:00,500.1,20210900,511.6,20210600,500.1,20210900
2021-05-04 07:00:00,500.1,20210900,511.8,20210600,500.1,20210900
2021-05-04 08:00:00,500.1,20210900,510.9,20210600,500.1,20210900
2021-05-04 09:00:00,500.1,20210900,511.7,20210600,500.1,20210900
2021-05-04 11:00:00,500.1,20210900,511.3,20210600,500.1,20210900
2021-05-04 12:00:00,500.1,20210900,508.4,20210600,500.1,20210900
2021-05-04 14:00:00,500.1,20210900,504.3,20210600,500.1,20210900
2021-05-04 15:00:00,500.1,20210900,503.2,20210600,500.1,20210900
2021-05-05 15:00:00,500.1,20210900,512.6,20210600,500.1,20210900
2021-05-06 07:00:00,500.1,20210900,513.1,20210600,500.1,20210900
2021-05-06 09:00:00,500.1,20210900,512.9,20210600,500.1,20210900
2021-05-06 10:00:00,500.1,20210900,511.4,20210600,500.1,20210900
2021-05-06 14:00:00,500.1,20210900,510.0,20210600,500.1,20210900
2021-05-06 15:00:00,500.1,20210900,512.3,20210600,500.1,20210900
2021-05-07 12:00:00,500.1,20210900,515.3,20210600,500.1,20210900
2021-05-07 15:00:00,500.1,20210900,516.6,20210600,500.1,20210900
2021-05-10 07:00:00,500.1,20210900,517.3,20210600,500.1,20210900
2021-05-10 08:00:00,500.1,20210900,518.5,20210600,500.1,20210900
2021-05-10 13:00:00,500.1,20210900,518.2,20210600,500.1,20210900
2021-05-11 14:00:00,500.1,20210900,507.3,20210600,500.1,20210900
2021-05-11 15:00:00,500.1,20210900,507.9,20210600,500.1,20210900
2021-05-12 07:00:00,500.1,20210900,508.6,20210600,500.1,20210900
2021-05-12 08:00:00,500.1,20210900,508.7,20210600,500.1,20210900
2021-05-12 09:00:00,500.1,20210900,508.7,20210600,500.1,20210900
2021-05-12 10:00:00,500.1,20210900,508.6,20210600,500.1,20210900
2021-05-12 11:00:00,500.1,20210900,508.9,20210600,500.1,20210900
2021-05-12 12:00:00,500.1,20210900,508.9,20210600,500.1,20210900
2021-05-12 13:00:00,500.1,20210900,508.2,20210600,500.1,20210900
2021-05-12 14:00:00,500.1,20210900,509.6,20210600,500.1,20210900
2021-05-12 15:00:00,500.1,20210900,507.8,20210600,500.1,20210900
2021-05-13 07:00:00,500.1,20210900,499.5,20210600,500.1,20210900
2021-05-13 08:00:00,500.1,20210900,498.5,20210600,500.1,20210900
2021-05-13 09:00:00,500.1,20210900,500.5,20210600,500.1,20210900
2021-05-13 10:00:00,500.1,20210900,500.2,20210600,500.1,20210900
2021-05-13 15:00:00,500.1,20210900,507.7,20210600,500.1,20210900
2021-05-14 08:00:00,500.1,20210900,508.9,20210600,500.1,20210900
2021-05-14 09:00:00,500.1,20210900,510.1,20210600,500.1,20210900
2021-05-14 10:00:00,500.1,20210900,510.4,20210600,500.1,20210900
2021-05-14 11:00:00,500.1,20210900,511.3,20210600,500.1,20210900
2021-05-14 12:00:00,500.1,20210900,511.7,20210600,500.1,20210900
2021-05-14 13:00:00,500.1,20210900,512.4,20210600,500.1,20210900
2021-05-14 14:00:00,500.1,20210900,513.4,20210600,500.1,20210900
2021-05-14 15:00:00,500.1,20210900,514.3,20210600,500.1,20210900
2021-05-18 09:00:00,500.1,20210900,516.9,20210600,500.1,20210900
2021-05-18 10:00:00,500.1,20210900,517.4,20210600,500.1,20210900
2021-05-18 11:00:00,500.1,20210900,516.8,20210600,500.1,20210900
2021-05-18 12:00:00,500.1,20210900,517.1,20210600,500.1,20210900
2021-05-18 13:00:00,500.1,20210900,515.9,20210600,500.1,20210900
2021-05-18 15:00:00,500.1,20210900,516.4,20210600,500.1,20210900
2021-05-19 07:00:00,500.1,20210900,511.6,20210600,500.1,20210900
2021-05-19 09:00:00,500.1,20210900,511.6,20210600,500.1,20210900
2021-05-19 10:00:00,500.1,20210900,511.3,20210600,500.1,20210900
2021-05-19 11:00:00,500.1,20210900,507.3,20210600,500.1,20210900
2021-05-19 12:00:00,500.1,20210900,506.4,20210600,500.1,20210900
2021-05-19 13:00:00,500.1,20210900,506.1,20210600,500.1,20210900
2021-05-19 14:00:00,500.1,20210900,507.5,20210600,500.1,20210900
2021-05-19 15:00:00,500.1,20210900,508.6,20210600,500.1,20210900
2021-05-20 08:00:00,500.1,20210900,510.8,20210600,500.1,20210900
2021-05-20 09:00:00,500.1,20210900,508.1,20210600,500.1,20210900
2021-05-20 11:00:00,500.1,20210900,510.9,20210600,500.1,20210900
2021-05-20 12:00:00,500.1,20210900,511.3,20210600,500.1,20210900
2021-05-20 13:00:00,500.1,20210900,511.4,20210600,500.1,20210900
2021-05-21 07:00:00,500.1,20210900,514.4,20210600,500.1,20210900
2021-05-21 08:00:00,500.1,20210900,514.5,20210600,500.1,20210900
2021-05-21 09:00:00,500.1,20210900,515.3,20210600,500.1,20210900
2021-05-21 15:00:00,500.1,20210900,515.5,20210600,500.1,20210900
2021-05-25 07:00:00,500.1,20210900,518.7,20210600,500.1,20210900
2021-05-25 09:00:00,500.1,20210900,519.5,20210600,500.1,20210900
2021-05-25 11:00:00,500.1,20210900,519.7,20210600,500.1,20210900
2021-05-25 12:00:00,500.1,20210900,519.8,20210600,500.1,20210900
2021-05-25 14:00:00,500.1,20210900,518.9,20210600,500.1,20210900
2021-05-25 15:00:00,500.1,20210900,518.4,20210600,500.1,20210900
2021-05-26 07:00:00,500.1,20210900,519.2,20210600,500.1,20210900
2021-05-26 08:00:00,500.1,20210900,518.6,20210600,500.1,20210900
2021-05-26 09:00:00,500.1,20210900,519.0,20210600,500.1,20210900
2021-05-26 11:00:00,500.1,20210900,518.2,20210600,500.1,20210900
2021-05-26 12:00:00,500.1,20210900,518.1,20210600,500.1,20210900
2021-05-26 13:00:00,500.1,20210900,517.7,20210600,500.1,20210900
2021-05-26 15:00:00,500.1,20210900,517.7,20210600,500.1,20210900
2021-05-27 07:00:00,500.1,20210900,517.8,20210600,500.1,20210900
2021-05-27 09:00:00,500.1,20210900,518.0,20210600,500.1,20210900
2021-05-27 10:00:00,500.1,20210900,518.1,20210600,500.1,20210900
2021-05-27 11:00:00,500.1,20210900,518.6,20210600,500.1,20210900
2021-05-27 12:00:00,500.1,20210900,519.2,20210600,500.1,20210900
2021-05-27 14:00:00,500.1,20210900,520.3,20210600,500.1,20210900
2021-05-27 15:00:00,500.1,20210900,520.2,20210600,500.1,20210900
2021-05-28 07:00:00,500.1,20210900,521.1,20210600,500.1,20210900
2021-05-28 08:00:00,500.1,20210900,521.7,20210600,500.1,20210900
2021-05-28 09:00:00,500.1,20210900,521.7,20210600,500.1,20210900
2021-05-28 12:00:00,500.1,20210900,522.4,20210600,500.1,20210900
2021-05-28 15:00:00,500.1,20210900,522.9,20210600,500.1,20210900
2021-06-01 08:00:00,500.1,20210900,526.5,20210600,500.1,20210900
2021-06-01 10:00:00,500.1,20210900,527.1,20210600,500.1,20210900
2021-06-01 11:00:00,500.1,20210900,528.0,20210600,500.1,20210900
2021-06-01 12:00:00,500.1,20210900,528.1,20210600,500.1,20210900
2021-06-01 13:00:00,500.1,20210900,527.0,20210600,500.1,20210900
2021-06-02 07:00:00,500.1,20210900,526.0,20210600,500.1,20210900
2021-06-02 10:00:00,500.1,20210900,525.8,20210600,500.1,20210900
2021-06-02 11:00:00,500.1,20210900,525.2,20210600,500.1,20210900
2021-06-02 12:00:00,500.1,20210900,525.1,20210600,500.1,20210900
2021-06-02 13:00:00,500.1,20210900,524.6,20210600,500.1,20210900
2021-06-02 14:00:00,500.1,20210900,525.0,20210600,500.1,20210900
2021-06-02 15:00:00,500.1,20210900,524.0,20210600,500.1,20210900
2021-06-03 08:00:00,500.1,20210900,525.4,20210600,500.1,20210900
2021-06-03 09:00:00,500.1,20210900,525.1,20210600,500.1,20210900
2021-06-03 10:00:00,500.1,20210900,523.6,20210600,500.1,20210900
2021-06-03 12:00:00,500.1,20210900,522.5,20210600,500.1,20210900
2021-06-03 14:00:00,500.1,20210900,525.1,20210600,500.1,20210900
2021-06-03 15:00:00,500.1,20210900,525.6,20210600,500.1,20210900
2021-06-04 13:00:00,500.1,20210900,525.9,20210600,500.1,20210900
2021-06-04 15:00:00,500.1,20210900,526.2,20210600,500.1,20210900
2021-06-07 10:00:00,500.1,20210900,527.8,20210600,500.1,20210900
2021-06-07 11:00:00,500.1,20210900,528.6,20210600,500.1,20210900
2021-06-07 14:00:00,500.1,20210900,530.0,20210600,500.1,20210900
2021-06-08 09:00:00,500.1,20210900,530.4,20210600,500.1,20210900
2021-06-08 11:00:00,500.1,20210900,530.0,20210600,500.1,20210900
2021-06-08 13:00:00,500.1,20210900,529.8,20210600,500.1,20210900
2021-06-08 14:00:00,500.1,20210900,529.9,20210600,500.1,20210900
2021-06-08 15:00:00,500.1,20210900,529.1,20210600,500.1,20210900
2021-06-08 16:00:00,500.1,20210900,528.0,20210600,500.1,20210900
2021-06-09 07:00:00,500.1,20210900,529.1,20210600,500.1,20210900
2021-06-09 08:00:00,500.1,20210900,529.3,20210600,500.1,20210900
2021-06-09 14:00:00,500.1,20210900,528.7,20210600,500.1,20210900
2021-06-09 15:00:00,500.1,20210900,528.9,20210600,500.1,20210900
2021-06-10 07:00:00,500.1,20210900,527.0,20210600,500.1,20210900
2021-06-10 09:00:00,500.1,20210900,527.3,20210600,500.1,20210900
2021-06-10 10:00:00,500.1,20210900,527.1,20210600,500.1,20210900
2021-06-10 11:00:00,500.1,20210900,526.5,20210600,500.1,20210900
2021-06-10 12:00:00,500.1,20210900,527.6,20210600,500.1,20210900
2021-06-10 13:00:00,500.1,20210900,528.3,20210600,500.1,20210900
2021-06-10 14:00:00,500.1,20210900,527.0,20210600,500.1,20210900
2021-06-10 15:00:00,500.1,20210900,527.0,20210600,500.1,20210900
2021-06-11 07:00:00,500.1,20210900,528.7,20210600,500.1,20210900
2021-06-11 14:00:00,500.1,20210900,530.9,20210600,500.1,20210900
2021-06-14 13:00:00,528.5,20210900,530.9,20210600,528.5,20210900
2021-06-15 08:00:00,528.5,20210900,533.8,20210600,528.5,20210900
2021-06-15 11:00:00,528.5,20210900,533.3,20210600,528.5,20210900
2021-06-15 12:00:00,528.5,20210900,533.2,20210600,528.5,20210900
2021-06-15 13:00:00,528.5,20210900,533.1,20210600,528.5,20210900
2021-06-15 15:00:00,528.3,20210900,531.8,20210600,528.3,20210900
2021-06-16 14:00:00,528.3,20211200,529.7,20210900,528.3,20211200
2021-06-17 14:00:00,528.3,20211200,529.2,20210900,528.3,20211200
2021-06-17 15:00:00,528.3,20211200,529.2,20210900,528.3,20211200
2021-06-18 11:00:00,528.3,20211200,526.9,20210900,528.3,20211200
2021-06-18 12:00:00,528.3,20211200,524.2,20210900,528.3,20211200
2021-06-18 13:00:00,528.3,20211200,522.5,20210900,528.3,20211200
2021-06-21 13:00:00,528.3,20211200,521.3,20210900,528.3,20211200
2021-06-21 15:00:00,528.3,20211200,523.6,20210900,528.3,20211200
2021-06-22 07:00:00,528.3,20211200,524.1,20210900,528.3,20211200
2021-06-22 09:00:00,528.3,20211200,522.3,20210900,528.3,20211200
2021-06-22 15:00:00,528.3,20211200,524.6,20210900,528.3,20211200
2021-06-23 08:00:00,528.3,20211200,523.3,20210900,528.3,20211200
2021-06-23 10:00:00,528.3,20211200,522.7,20210900,528.3,20211200
2021-06-23 12:00:00,528.3,20211200,522.7,20210900,528.3,20211200
2021-06-23 14:00:00,528.3,20211200,521.7,20210900,528.3,20211200
2021-06-23 15:00:00,528.3,20211200,521.7,20210900,528.3,20211200
2021-06-24 07:00:00,528.3,20211200,522.3,20210900,528.3,20211200
2021-06-24 09:00:00,528.3,20211200,525.1,20210900,528.3,20211200
2021-06-24 10:00:00,528.3,20211200,525.1,20210900,528.3,20211200
2021-06-24 11:00:00,528.3,20211200,524.4,20210900,528.3,20211200
2021-06-24 12:00:00,528.3,20211200,524.5,20210900,528.3,20211200
2021-06-24 13:00:00,528.3,20211200,526.1,20210900,528.3,20211200
2021-06-24 14:00:00,528.3,20211200,526.8,20210900,528.3,20211200
2021-06-24 15:00:00,528.3,20211200,526.6,20210900,528.3,20211200
2021-06-28 13:00:00,528.3,20211200,527.6,20210900,528.3,20211200
2021-06-28 14:00:00,528.3,20211200,525.9,20210900,528.3,20211200
2021-06-28 15:00:00,528.3,20211200,525.3,20210900,528.3,20211200
2021-06-29 07:00:00,528.3,20211200,526.8,20210900,528.3,20211200
2021-06-29 08:00:00,528.3,20211200,526.2,20210900,528.3,20211200
2021-06-29 09:00:00,528.3,20211200,526.9,20210900,528.3,20211200
2021-06-29 10:00:00,528.3,20211200,527.3,20210900,528.3,20211200
2021-06-29 11:00:00,528.3,20211200,526.9,20210900,528.3,20211200
2021-06-29 13:00:00,528.3,20211200,527.5,20210900,528.3,20211200
2021-06-29 14:00:00,528.3,20211200,526.7,20210900,528.3,20211200
2021-06-29 15:00:00,528.3,20211200,526.3,20210900,528.3,20211200
2021-06-30 07:00:00,528.3,20211200,525.6,20210900,528.3,20211200
2021-06-30 09:00:00,528.3,20211200,520.0,20210900,528.3,20211200
2021-06-30 14:00:00,528.3,20211200,523.7,20210900,528.3,20211200
2021-07-01 07:00:00,528.3,20211200,528.0,20210900,528.3,20211200
2021-07-01 13:00:00,528.3,20211200,525.3,20210900,528.3,20211200
2021-07-01 14:00:00,528.3,20211200,527.4,20210900,528.3,20211200
2021-07-01 15:00:00,528.3,20211200,526.9,20210900,528.3,20211200
2021-07-02 12:00:00,528.3,20211200,529.4,20210900,528.3,20211200
2021-07-02 14:00:00,528.3,20211200,528.2,20210900,528.3,20211200
2021-07-02 15:00:00,528.3,20211200,528.3,20210900,528.3,20211200
2021-07-05 10:00:00,528.3,20211200,527.8,20210900,528.3,20211200
2021-07-05 11:00:00,528.3,20211200,529.1,20210900,528.3,20211200
2021-07-05 12:00:00,528.3,20211200,530.1,20210900,528.3,20211200
2021-07-05 13:00:00,528.3,20211200,529.2,20210900,528.3,20211200
2021-07-07 07:00:00,528.3,20211200,531.3,20210900,528.3,20211200
2021-07-07 12:00:00,528.3,20211200,530.8,20210900,528.3,20211200
2021-07-07 13:00:00,528.3,20211200,531.3,20210900,528.3,20211200
2021-07-07 15:00:00,528.3,20211200,531.0,20210900,528.3,20211200
2021-07-08 07:00:00,528.3,20211200,526.1,20210900,528.3,20211200
2021-07-08 10:00:00,528.3,20211200,521.8,20210900,528.3,20211200
2021-07-08 12:00:00,528.3,20211200,520.7,20210900,528.3,20211200
2021-07-08 14:00:00,528.3,20211200,520.4,20210900,528.3,20211200
2021-07-08 15:00:00,528.3,20211200,521.6,20210900,528.3,20211200
2021-07-09 08:00:00,528.3,20211200,527.3,20210900,528.3,20211200
2021-07-09 09:00:00,528.3,20211200,528.8,20210900,528.3,20211200
2021-07-12 09:00:00,528.3,20211200,527.5,20210900,528.3,20211200
2021-07-12 10:00:00,528.3,20211200,527.4,20210900,528.3,20211200
2021-07-12 11:00:00,528.3,20211200,528.8,20210900,528.3,20211200
2021-07-12 12:00:00,528.3,20211200,529.8,20210900,528.3,20211200
2021-07-12 13:00:00,528.3,20211200,530.5,20210900,528.3,20211200
2021-07-12 14:00:00,528.3,20211200,530.9,20210900,528.3,20211200
2021-07-12 15:00:00,528.3,20211200,531.3,20210900,528.3,20211200
2021-07-13 08:00:00,528.3,20211200,529.8,20210900,528.3,20211200
2021-07-13 11:00:00,528.3,20211200,529.8,20210900,528.3,20211200
2021-07-13 12:00:00,528.3,20211200,529.7,20210900,528.3,20211200
2021-07-13 13:00:00,528.3,20211200,529.6,20210900,528.3,20211200
2021-07-13 14:00:00,528.3,20211200,528.9,20210900,528.3,20211200
2021-07-13 15:00:00,528.3,20211200,529.1,20210900,528.3,20211200
2021-07-14 13:00:00,528.3,20211200,528.2,20210900,528.3,20211200
2021-07-14 14:00:00,528.3,20211200,527.8,20210900,528.3,20211200
2021-07-15 13:00:00,528.3,20211200,522.5,20210900,528.3,20211200
2021-07-16 11:00:00,528.3,20211200,521.3,20210900,528.3,20211200
2021-07-19 11:00:00,528.3,20211200,511.2,20210900,528.3,20211200
2021-07-19 12:00:00,528.3,20211200,508.3,20210900,528.3,20211200
2021-07-19 15:00:00,528.3,20211200,510.1,20210900,528.3,20211200
2021-07-20 13:00:00,528.3,20211200,510.2,20210900,528.3,20211200
2021-07-20 14:00:00,528.3,20211200,513.7,20210900,528.3,20211200
2021-07-20 15:00:00,528.3,20211200,514.1,20210900,528.3,20211200
2021-07-21 13:00:00,528.3,20211200,520.4,20210900,528.3,20211200
2021-07-21 15:00:00,528.3,20211200,520.7,20210900,528.3,20211200
2021-07-22 12:00:00,528.3,20211200,526.7,20210900,528.3,20211200
2021-07-22 13:00:00,528.3,20211200,526.6,20210900,528.3,20211200
2021-07-22 15:00:00,528.3,20211200,525.5,20210900,528.3,20211200
2021-07-23 08:00:00,528.3,20211200,528.4,20210900,528.3,20211200
2021-07-23 12:00:00,528.3,20211200,530.1,20210900,528.3,20211200
2021-07-23 14:00:00,528.3,20211200,529.9,20210900,528.3,20211200
2021-07-26 09:00:00,528.3,20211200,529.3,20210900,528.3,20211200
2021-07-26 13:00:00,528.3,20211200,530.2,20210900,528.3,20211200
2021-07-26 15:00:00,528.3,20211200,529.8,20210900,528.3,20211200
2021-07-27 08:00:00,528.3,20211200,527.6,20210900,528.3,20211200
2021-07-27 14:00:00,528.3,20211200,527.8,20210900,528.3,20211200
2021-07-27 15:00:00,528.3,20211200,528.8,20210900,528.3,20211200
2021-07-28 07:00:00,528.3,20211200,529.2,20210900,528.3,20211200
2021-07-28 12:00:00,528.3,20211200,530.6,20210900,528.3,20211200
2021-07-28 13:00:00,528.3,20211200,530.3,20210900,528.3,20211200
2021-07-28 14:00:00,528.3,20211200,531.1,20210900,528.3,20211200
2021-07-28 15:00:00,528.3,20211200,530.9,20210900,528.3,20211200
2021-07-29 13:00:00,528.3,20211200,533.8,20210900,528.3,20211200
2021-07-29 15:00:00,528.3,20211200,532.7,20210900,528.3,20211200
2021-08-02 07:00:00,528.3,20211200,533.1,20210900,528.3,20211200
2021-08-02 08:00:00,528.3,20211200,534.0,20210900,528.3,20211200
2021-08-02 09:00:00,528.3,20211200,533.7,20210900,528.3,20211200
2021-08-02 10:00:00,528.3,20211200,533.3,20210900,528.3,20211200
2021-08-02 11:00:00,528.3,20211200,532.8,20210900,528.3,20211200
2021-08-02 13:00:00,528.3,20211200,533.7,20210900,528.3,20211200
2021-08-02 14:00:00,528.3,20211200,533.2,20210900,528.3,20211200
2021-08-02 15:00:00,528.3,20211200,532.8,20210900,528.3,20211200
2021-08-03 07:00:00,528.3,20211200,534.2,20210900,528.3,20211200
2021-08-03 08:00:00,528.3,20211200,533.5,20210900,528.3,20211200
2021-08-03 09:00:00,528.3,20211200,534.1,20210900,528.3,20211200
2021-08-03 10:00:00,528.3,20211200,533.8,20210900,528.3,20211200
2021-08-03 11:00:00,528.3,20211200,534.3,20210900,528.3,20211200
2021-08-03 12:00:00,528.3,20211200,533.3,20210900,528.3,20211200
2021-08-03 13:00:00,528.3,20211200,533.0,20210900,528.3,20211200
2021-08-03 14:00:00,528.3,20211200,533.4,20210900,528.3,20211200
2021-08-03 15:00:00,528.3,20211200,532.8,20210900,528.3,20211200
2021-08-04 08:00:00,528.3,20211200,535.1,20210900,528.3,20211200
2021-08-04 14:00:00,528.3,20211200,536.0,20210900,528.3,20211200
2021-08-05 09:00:00,528.3,20211200,539.5,20210900,528.3,20211200
2021-08-05 11:00:00,528.3,20211200,538.8,20210900,528.3,20211200
2021-08-05 12:00:00,528.3,20211200,538.9,20210900,528.3,20211200
2021-08-05 13:00:00,528.3,20211200,539.4,20210900,528.3,20211200
2021-08-05 14:00:00,528.3,20211200,540.1,20210900,528.3,20211200
2021-08-05 15:00:00,528.3,20211200,540.4,20210900,528.3,20211200
2021-08-06 14:00:00,528.3,20211200,541.5,20210900,528.3,20211200
2021-08-09 13:00:00,528.3,20211200,542.2,20210900,528.3,20211200
2021-08-09 14:00:00,528.3,20211200,542.3,20210900,528.3,20211200
2021-08-09 15:00:00,528.3,20211200,542.1,20210900,528.3,20211200
2021-08-11 07:00:00,528.3,20211200,544.4,20210900,528.3,20211200
2021-08-11 08:00:00,528.3,20211200,544.3,20210900,528.3,20211200
2021-08-11 09:00:00,528.3,20211200,544.4,20210900,528.3,20211200
2021-08-11 10:00:00,528.3,20211200,544.3,20210900,528.3,20211200
2021-08-11 11:00:00,528.3,20211200,544.2,20210900,528.3,20211200
2021-08-11 12:00:00,528.3,20211200,545.1,20210900,528.3,20211200
2021-08-11 13:00:00,528.3,20211200,546.0,20210900,528.3,20211200
2021-08-11 14:00:00,528.3,20211200,545.5,20210900,528.3,20211200
2021-08-11 15:00:00,528.3,20211200,545.9,20210900,528.3,20211200
2021-08-12 07:00:00,528.3,20211200,545.9,20210900,528.3,20211200
2021-08-12 08:00:00,528.3,20211200,546.0,20210900,528.3,20211200
2021-08-12 13:00:00,528.3,20211200,546.7,20210900,528.3,20211200
2021-08-12 15:00:00,528.3,20211200,546.9,20210900,528.3,20211200
2021-08-16 07:00:00,528.3,20211200,547.7,20210900,528.3,20211200
2021-08-17 07:00:00,528.3,20211200,544.9,20210900,528.3,20211200
2021-08-17 14:00:00,528.3,20211200,546.4,20210900,528.3,20211200
2021-08-18 08:00:00,528.3,20211200,548.3,20210900,528.3,20211200
2021-08-18 09:00:00,528.3,20211200,548.7,20210900,528.3,20211200
2021-08-18 10:00:00,528.3,20211200,548.9,20210900,528.3,20211200
2021-08-18 11:00:00,528.3,20211200,549.4,20210900,528.3,20211200
2021-08-18 12:00:00,528.3,20211200,549.6,20210900,528.3,20211200
2021-08-18 13:00:00,528.3,20211200,549.9,20210900,528.3,20211200
2021-08-18 14:00:00,528.3,20211200,550.9,20210900,528.3,20211200
2021-08-18 15:00:00,528.3,20211200,550.9,20210900,528.3,20211200
2021-08-19 13:00:00,528.3,20211200,543.5,20210900,528.3,20211200
2021-08-19 14:00:00,528.3,20211200,544.0,20210900,528.3,20211200
2021-08-19 15:00:00,528.3,20211200,544.2,20210900,528.3,20211200
2021-08-20 07:00:00,528.3,20211200,542.0,20210900,528.3,20211200
2021-08-20 08:00:00,528.3,20211200,541.9,20210900,528.3,20211200
2021-08-20 09:00:00,528.3,20211200,541.9,20210900,528.3,20211200
2021-08-20 10:00:00,528.3,20211200,541.5,20210900,528.3,20211200
2021-08-20 11:00:00,528.3,20211200,541.2,20210900,528.3,20211200
2021-08-23 07:00:00,528.3,20211200,545.3,20210900,528.3,20211200
2021-08-23 08:00:00,528.3,20211200,544.9,20210900,528.3,20211200
2021-08-23 10:00:00,528.3,20211200,545.8,20210900,528.3,20211200
2021-08-23 15:00:00,528.3,20211200,547.1,20210900,528.3,20211200
2021-08-24 07:00:00,528.3,20211200,549.1,20210900,528.3,20211200
2021-08-24 10:00:00,528.3,20211200,548.2,20210900,528.3,20211200
2021-08-25 07:00:00,528.3,20211200,549.0,20210900,528.3,20211200
2021-08-25 15:00:00,528.3,20211200,547.5,20210900,528.3,20211200
2021-08-26 10:00:00,528.3,20211200,546.3,20210900,528.3,20211200
2021-08-26 11:00:00,528.3,20211200,546.1,20210900,528.3,20211200
2021-08-27 13:00:00,528.3,20211200,546.2,20210900,528.3,20211200
2021-08-27 14:00:00,528.3,20211200,547.0,20210900,528.3,20211200
2021-08-27 15:00:00,528.3,20211200,547.8,20210900,528.3,20211200
2021-08-31 12:00:00,528.3,20211200,547.1,20210900,528.3,20211200
2021-08-31 14:00:00,528.3,20211200,545.1,20210900,528.3,20211200
2021-08-31 15:00:00,528.3,20211200,545.4,20210900,528.3,20211200
2021-09-01 07:00:00,528.3,20211200,550.9,20210900,528.3,20211200
2021-09-01 08:00:00,528.3,20211200,551.2,20210900,528.3,20211200
2021-09-01 09:00:00,528.3,20211200,549.9,20210900,528.3,20211200
2021-09-01 10:00:00,528.3,20211200,549.7,20210900,528.3,20211200
2021-09-01 11:00:00,528.3,20211200,550.4,20210900,528.3,20211200
2021-09-01 12:00:00,528.3,20211200,549.9,20210900,528.3,20211200
2021-09-01 13:00:00,528.3,20211200,550.0,20210900,528.3,20211200
2021-09-01 14:00:00,528.3,20211200,551.0,20210900,528.3,20211200
2021-09-01 15:00:00,528.3,20211200,550.6,20210900,528.3,20211200
2021-09-02 11:00:00,528.3,20211200,552.1,20210900,528.3,20211200
2021-09-02 13:00:00,528.3,20211200,551.8,20210900,528.3,20211200
2021-09-02 14:00:00,528.3,20211200,552.3,20210900,528.3,20211200
2021-09-03 07:00:00,528.3,20211200,551.3,20210900,528.3,20211200
2021-09-03 08:00:00,528.3,20211200,551.5,20210900,528.3,20211200
2021-09-03 09:00:00,528.3,20211200,550.6,20210900,528.3,20211200
2021-09-03 12:00:00,528.3,20211200,550.0,20210900,528.3,20211200
2021-09-03 13:00:00,528.3,20211200,548.4,20210900,528.3,20211200
2021-09-03 14:00:00,528.3,20211200,547.6,20210900,528.3,20211200
2021-09-03 15:00:00,528.3,20211200,548.0,20210900,528.3,20211200
2021-09-06 08:00:00,528.3,20211200,550.2,20210900,528.3,20211200
2021-09-06 10:00:00,528.3,20211200,550.5,20210900,528.3,20211200
2021-09-06 14:00:00,528.3,20211200,551.2,20210900,528.3,20211200
2021-09-07 07:00:00,528.3,20211200,551.3,20210900,528.3,20211200
2021-09-07 08:00:00,528.3,20211200,551.4,20210900,528.3,20211200
2021-09-07 10:00:00,528.3,20211200,551.0,20210900,528.3,20211200
2021-09-07 13:00:00,528.3,20211200,550.9,20210900,528.3,20211200
2021-09-07 15:00:00,528.3,20211200,551.5,20210900,528.3,20211200
2021-09-08 08:00:00,528.3,20211200,546.1,20210900,528.3,20211200
2021-09-09 13:00:00,528.3,20211200,545.7,20210900,528.3,20211200
2021-09-09 14:00:00,528.3,20211200,546.2,20210900,528.3,20211200
2021-09-09 15:00:00,528.3,20211200,545.9,20210900,528.3,20211200
2021-09-10 07:00:00,528.3,20211200,544.9,20210900,528.3,20211200
2021-09-10 08:00:00,528.3,20211200,545.4,20210900,528.3,20211200
2021-09-10 15:00:00,528.3,20211200,543.5,20210900,528.3,20211200
2021-09-13 07:00:00,528.3,20211200,545.6,20210900,528.3,20211200
2021-09-13 08:00:00,528.3,20211200,545.2,20210900,528.3,20211200
2021-09-13 09:00:00,528.3,20211200,545.2,20210900,528.3,20211200
2021-09-13 14:00:00,528.3,20211200,544.3,20210900,528.3,20211200
2021-09-14 11:00:00,528.3,20211200,543.9,20210900,528.3,20211200
2021-09-14 12:00:00,582.8,20211200,544.9,20210900,582.8,20211200
2021-09-14 13:00:00,582.8,20220300,582.8,20211200,582.8,20220300
2021-09-14 14:00:00,582.8,20220300,581.7,20211200,582.8,20220300
2021-09-14 15:00:00,582.8,20220300,582.3,20211200,582.8,20220300
2021-09-14 23:00:00,538.7,20220300,582.3,20211200,538.7,20220300
2021-09-15 23:00:00,533.1,20220300,582.3,20211200,533.1,20220300
2021-09-16 13:00:00,533.1,20220300,578.4,20211200,533.1,20220300
2021-09-16 14:00:00,533.1,20220300,578.1,20211200,533.1,20220300
2021-09-16 15:00:00,533.1,20220300,578.6,20211200,533.1,20220300
2021-09-16 23:00:00,535.2,20220300,578.6,20211200,535.2,20220300
2021-09-17 09:00:00,535.2,20220300,581.3,20211200,535.2,20220300
2021-09-17 23:00:00,531.9,20220300,581.3,20211200,531.9,20220300
2021-09-20 07:00:00,531.9,20220300,565.7,20211200,531.9,20220300
2021-09-20 08:00:00,531.9,20220300,565.9,20211200,531.9,20220300
2021-09-20 09:00:00,531.9,20220300,564.5,20211200,531.9,20220300
2021-09-20 10:00:00,531.9,20220300,565.0,20211200,531.9,20220300
2021-09-20 11:00:00,531.9,20220300,562.8,20211200,531.9,20220300
2021-09-20 14:00:00,531.9,20220300,565.2,20211200,531.9,20220300
2021-09-20 15:00:00,531.9,20220300,566.4,20211200,531.9,20220300
2021-09-20 23:00:00,525.7,20220300,566.4,20211200,525.7,20220300
2021-09-21 08:00:00,525.7,20220300,572.2,20211200,525.7,20220300
2021-09-21 15:00:00,525.7,20220300,570.3,20211200,525.7,20220300
2021-09-21 23:00:00,529.3,20220300,570.3,20211200,529.3,20220300
2021-09-22 11:00:00,529.3,20220300,573.2,20211200,529.3,20220300
2021-09-22 12:00:00,529.3,20220300,573.9,20211200,529.3,20220300
2021-09-22 15:00:00,529.3,20220300,575.0,20211200,529.3,20220300
2021-09-22 23:00:00,534.3,20220300,575.0,20211200,534.3,20220300
2021-09-23 09:00:00,534.3,20220300,580.6,20211200,534.3,20220300
2021-09-23 14:00:00,534.3,20220300,580.4,20211200,534.3,20220300
2021-09-23 15:00:00,534.3,20220300,580.3,20211200,534.3,20220300
2021-09-23 23:00:00,539.1,20220300,580.3,20211200,539.1,20220300
2021-09-24 07:00:00,539.1,20220300,577.4,20211200,539.1,20220300
2021-09-24 23:00:00,535.3,20220300,577.4,20211200,535.3,20220300
2021-09-27 09:00:00,535.3,20220300,580.2,20211200,535.3,20220300
2021-09-27 10:00:00,535.3,20220300,579.6,20211200,535.3,20220300
2021-09-27 11:00:00,535.3,20220300,578.7,20211200,535.3,20220300
2021-09-27 12:00:00,535.3,20220300,578.3,20211200,535.3,20220300
2021-09-27 13:00:00,535.3,20220300,578.5,20211200,535.3,20220300
2021-09-27 14:00:00,535.3,20220300,578.7,20211200,535.3,20220300
2021-09-27 15:00:00,535.3,20220300,578.9,20211200,535.3,20220300
2021-09-27 23:00:00,537.8,20220300,578.9,20211200,537.8,20220300
2021-09-28 09:00:00,537.8,20220300,571.8,20211200,537.8,20220300
2021-09-28 14:00:00,537.8,20220300,569.5,20211200,537.8,20220300
2021-09-28 15:00:00,537.8,20220300,569.7,20211200,537.8,20220300
2021-09-28 23:00:00,528.9,20220300,569.7,20211200,528.9,20220300
2021-09-29 23:00:00,530.8,20220300,569.7,20211200,530.8,20220300
2021-09-30 07:00:00,530.8,20220300,574.0,20211200,530.8,20220300
2021-09-30 14:00:00,530.8,20220300,570.4,20211200,530.8,20220300
2021-09-30 15:00:00,530.8,20220300,569.1,20211200,530.8,20220300
2021-09-30 23:00:00,530.4,20220300,569.1,20211200,530.4,20220300
2021-10-01 07:00:00,530.4,20220300,563.3,20211200,530.4,20220300
2021-10-01 08:00:00,530.4,20220300,565.7,20211200,530.4,20220300
2021-10-01 11:00:00,530.4,20220300,567.0,20211200,530.4,20220300
2021-10-01 12:00:00,530.4,20220300,568.1,20211200,530.4,20220300
2021-10-01 13:00:00,530.4,20220300,567.4,20211200,530.4,20220300
2021-10-01 14:00:00,530.4,20220300,566.5,20211200,530.4,20220300
2021-10-01 15:00:00,530.4,20220300,566.8,20211200,530.4,20220300
2021-10-01 23:00:00,526.9,20220300,566.8,20211200,526.9,20220300
2021-10-04 07:00:00,526.9,20220300,568.1,20211200,526.9,20220300
2021-10-04 08:00:00,526.9,20220300,566.5,20211200,526.9,20220300
2021-10-04 09:00:00,526.9,20220300,568.4,20211200,526.9,20220300
2021-10-04 10:00:00,526.9,20220300,568.7,20211200,526.9,20220300
2021-10-04 11:00:00,526.9,20220300,567.6,20211200,526.9,20220300
2021-10-04 12:00:00,526.9,20220300,569.2,20211200,526.9,20220300
2021-10-04 13:00:00,526.9,20220300,570.1,20211200,526.9,20220300
2021-10-04 14:00:00,526.9,20220300,566.9,20211200,526.9,20220300
2021-10-04 15:00:00,526.9,20220300,565.9,20211200,526.9,20220300
2021-10-04 23:00:00,525.4,20220300,565.9,20211200,525.4,20220300
2021-10-05 07:00:00,525.4,20220300,566.8,20211200,525.4,20220300
2021-10-05 08:00:00,525.4,20220300,567.2,20211200,525.4,20220300
2021-10-05 09:00:00,525.4,20220300,568.3,20211200,525.4,20220300
2021-10-05 10:00:00,525.4,20220300,567.7,20211200,525.4,20220300
2021-10-05 11:00:00,525.4,20220300,567.8,20211200,525.4,20220300
2021-10-05 12:00:00,525.4,20220300,567.4,20211200,525.4,20220300
2021-10-05 13:00:00,525.4,20220300,566.4,20211200,525.4,20220300
2021-10-05 14:00:00,525.4,20220300,569.4,20211200,525.4,20220300
2021-10-05 15:00:00,525.4,20220300,569.8,20211200,525.4,20220300
2021-10-05 23:00:00,529.2,20220300,569.8,20211200,529.2,20220300
2021-10-06 07:00:00,529.2,20220300,562.9,20211200,529.2,20220300
2021-10-06 08:00:00,529.2,20220300,562.7,20211200,529.2,20220300
2021-10-06 10:00:00,529.2,20220300,560.3,20211200,529.2,20220300
2021-10-06 11:00:00,529.2,20220300,560.4,20211200,529.2,20220300
2021-10-06 12:00:00,529.2,20220300,562.7,20211200,529.2,20220300
2021-10-06 14:00:00,529.2,20220300,563.4,20211200,529.2,20220300
2021-10-06 15:00:00,529.2,20220300,563.3,20211200,529.2,20220300
2021-10-06 23:00:00,522.7,20220300,563.3,20211200,522.7,20220300
2021-10-07 07:00:00,522.7,20220300,568.4,20211200,522.7,20220300
2021-10-07 14:00:00,522.7,20220300,569.1,20211200,522.7,20220300
2021-10-07 15:00:00,522.7,20220300,569.5,20211200,522.7,20220300
2021-10-07 23:00:00,528.5,20220300,569.5,20211200,528.5,20220300
2021-10-08 07:00:00,528.5,20220300,570.0,20211200,528.5,20220300
2021-10-08 08:00:00,528.5,20220300,569.2,20211200,528.5,20220300
2021-10-08 10:00:00,528.5,20220300,568.5,20211200,528.5,20220300
2021-10-08 15:00:00,528.5,20220300,569.0,20211200,528.5,20220300
2021-10-08 23:00:00,528.4,20220300,569.0,20211200,528.4,20220300
2021-10-11 10:00:00,528.4,20220300,566.8,20211200,528.4,20220300
2021-10-11 23:00:00,527.5,20220300,566.8,20211200,527.5,20220300
2021-10-12 07:00:00,527.5,20220300,562.9,20211200,527.5,20220300
2021-10-12 15:00:00,527.5,20220300,569.3,20211200,527.5,20220300
2021-10-12 23:00:00,528.4,20220300,569.3,20211200,528.4,20220300
2021-10-13 07:00:00,528.4,20220300,568.1,20211200,528.4,20220300
2021-10-13 08:00:00,528.4,20220300,569.4,20211200,528.4,20220300
2021-10-13 09:00:00,528.4,20220300,569.3,20211200,528.4,20220300
2021-10-13 10:00:00,528.4,20220300,569.6,20211200,528.4,20220300
2021-10-13 11:00:00,528.4,20220300,569.6,20211200,528.4,20220300
2021-10-13 12:00:00,528.4,20220300,568.9,20211200,528.4,20220300
2021-10-13 13:00:00,528.4,20220300,570.0,20211200,528.4,20220300
2021-10-13 14:00:00,528.4,20220300,569.6,20211200,528.4,20220300
2021-10-13 15:00:00,528.4,20220300,570.2,20211200,528.4,20220300
2021-10-13 23:00:00,529.7,20220300,570.2,20211200,529.7,20220300
2021-10-14 07:00:00,529.7,20220300,572.2,20211200,529.7,20220300
2021-10-14 11:00:00,529.7,20220300,573.7,20211200,529.7,20220300
2021-10-14 12:00:00,529.7,20220300,574.4,20211200,529.7,20220300
2021-10-14 13:00:00,529.7,20220300,574.8,20211200,529.7,20220300
2021-10-14 14:00:00,529.7,20220300,574.8,20211200,529.7,20220300
2021-10-14 15:00:00,529.7,20220300,575.3,20211200,529.7,20220300
2021-10-14 23:00:00,534.4,20220300,575.3,20211200,534.4,20220300
2021-10-15 07:00:00,534.4,20220300,576.5,20211200,534.4,20220300
2021-10-15 08:00:00,534.4,20220300,577.0,20211200,534.4,20220300
2021-10-15 09:00:00,534.4,20220300,576.6,20211200,534.4,20220300
2021-10-15 10:00:00,534.4,20220300,576.5,20211200,534.4,20220300
2021-10-15 11:00:00,534.4,20220300,576.6,20211200,534.4,20220300
2021-10-15 13:00:00,534.4,20220300,577.3,20211200,534.4,20220300
2021-10-15 14:00:00,534.4,20220300,577.6,20211200,534.4,20220300
2021-10-15 15:00:00,534.4,20220300,578.4,20211200,534.4,20220300
2021-10-15 23:00:00,537.4,20220300,578.4,20211200,537.4,20220300
2021-10-18 07:00:00,537.4,20220300,575.2,20211200,537.4,20220300
2021-10-18 09:00:00,537.4,20220300,575.5,20211200,537.4,20220300
2021-10-18 14:00:00,537.4,20220300,573.1,20211200,537.4,20220300
2021-10-18 23:00:00,533.6,20220300,573.1,20211200,533.6,20220300
2021-10-19 12:00:00,533.6,20220300,574.7,20211200,533.6,20220300
2021-10-19 14:00:00,533.6,20220300,575.2,20211200,533.6,20220300
2021-10-19 23:00:00,535.3,20220300,575.2,20211200,535.3,20220300
2021-10-20 07:00:00,535.3,20220300,575.3,20211200,535.3,20220300
2021-10-20 13:00:00,535.3,20220300,573.8,20211200,535.3,20220300
2021-10-20 14:00:00,535.3,20220300,574.9,20211200,535.3,20220300
2021-10-20 15:00:00,535.3,20220300,577.1,20211200,535.3,20220300
2021-10-20 16:00:00,535.3,20220300,577.6,20211200,535.3,20220300
2021-10-20 23:00:00,536.4,20220300,577.6,20211200,536.4,20220300
2021-10-21 08:00:00,536.4,20220300,576.5,20211200,536.4,20220300
2021-10-21 09:00:00,536.4,20220300,576.0,20211200,536.4,20220300
2021-10-21 10:00:00,536.4,20220300,576.0,20211200,536.4,20220300
2021-10-21 13:00:00,536.4,20220300,576.2,20211200,536.4,20220300
2021-10-21 14:00:00,536.4,20220300,576.3,20211200,536.4,20220300
2021-10-21 15:00:00,536.4,20220300,576.5,20211200,536.4,20220300
2021-10-21 16:00:00,536.4,20220300,577.5,20211200,536.4,20220300
2021-10-22 08:00:00,536.4,20220300,578.6,20211200,536.4,20220300
2021-10-22 16:00:00,536.4,20220300,578.9,20211200,536.4,20220300
2021-10-25 10:00:00,536.4,20220300,577.9,20211200,536.4,20220300
2021-10-25 11:00:00,536.4,20220300,578.2,20211200,536.4,20220300
2021-10-25 12:00:00,536.4,20220300,578.0,20211200,536.4,20220300
2021-10-25 16:00:00,536.4,20220300,578.9,20211200,536.4,20220300
2021-10-26 08:00:00,536.4,20220300,580.6,20211200,536.4,20220300
2021-10-26 16:00:00,536.4,20220300,583.2,20211200,536.4,20220300
2021-10-27 09:00:00,536.4,20220300,581.6,20211200,536.4,20220300
2021-10-27 10:00:00,536.4,20220300,581.7,20211200,536.4,20220300
2021-10-27 11:00:00,536.4,20220300,581.4,20211200,536.4,20220300
2021-10-28 08:00:00,536.4,20220300,580.8,20211200,536.4,20220300
2021-10-28 13:00:00,536.4,20220300,579.6,20211200,536.4,20220300
2021-10-28 16:00:00,536.4,20220300,580.7,20211200,536.4,20220300
2021-10-29 08:00:00,536.4,20220300,578.7,20211200,536.4,20220300
2021-10-29 09:00:00,536.4,20220300,579.0,20211200,536.4,20220300
2021-10-29 14:00:00,536.4,20220300,578.7,20211200,536.4,20220300
2021-10-29 15:00:00,536.4,20220300,578.8,20211200,536.4,20220300
2021-10-29 16:00:00,536.4,20220300,579.1,20211200,536.4,20220300
2021-11-01 09:00:00,536.4,20220300,582.2,20211200,536.4,20220300
2021-11-01 10:00:00,536.4,20220300,582.4,20211200,536.4,20220300
2021-11-01 11:00:00,536.4,20220300,581.9,20211200,536.4,20220300
2021-11-01 12:00:00,536.4,20220300,581.8,20211200,536.4,20220300
2021-11-01 15:00:00,536.4,20220300,582.9,20211200,536.4,20220300
2021-11-01 16:00:00,536.4,20220300,583.5,20211200,536.4,20220300
2021-11-02 09:00:00,536.4,20220300,581.2,20211200,536.4,20220300
2021-11-02 11:00:00,536.4,20220300,581.7,20211200,536.4,20220300
2021-11-02 15:00:00,536.4,20220300,581.9,20211200,536.4,20220300
2021-11-03 08:00:00,536.4,20220300,579.7,20211200,536.4,20220300
2021-11-03 11:00:00,536.4,20220300,581.5,20211200,536.4,20220300
2021-11-03 13:00:00,536.4,20220300,582.1,20211200,536.4,20220300
2021-11-03 14:00:00,536.4,20220300,583.1,20211200,536.4,20220300
2021-11-03 15:00:00,536.4,20220300,582.7,20211200,536.4,20220300
2021-11-03 16:00:00,536.4,20220300,583.1,20211200,536.4,20220300
2021-11-03 17:00:00,536.4,20220300,580.0,20211200,536.4,20220300
2021-11-04 08:00:00,536.4,20220300,586.2,20211200,536.4,20220300
2021-11-04 10:00:00,536.4,20220300,585.9,20211200,536.4,20220300
2021-11-04 11:00:00,536.4,20220300,578.6,20211200,536.4,20220300
2021-11-04 13:00:00,536.4,20220300,585.3,20211200,536.4,20220300
2021-11-04 14:00:00,536.4,20220300,586.3,20211200,536.4,20220300
2021-11-04 15:00:00,536.4,20220300,585.0,20211200,536.4,20220300
2021-11-04 16:00:00,536.4,20220300,585.5,20211200,536.4,20220300
2021-11-05 11:00:00,536.4,20220300,587.5,20211200,536.4,20220300
2021-11-05 13:00:00,536.4,20220300,588.2,20211200,536.4,20220300
2021-11-05 16:00:00,536.4,20220300,586.8,20211200,536.4,20220300
2021-11-08 08:00:00,536.4,20220300,587.5,20211200,536.4,20220300
2021-11-08 15:00:00,536.4,20220300,588.2,20211200,536.4,20220300
2021-11-08 16:00:00,536.4,20220300,588.1,20211200,536.4,20220300
2021-11-09 08:00:00,536.4,20220300,587.8,20211200,536.4,20220300
2021-11-09 09:00:00,536.4,20220300,588.7,20211200,536.4,20220300
2021-11-09 10:00:00,536.4,20220300,588.4,20211200,536.4,20220300
2021-11-09 11:00:00,536.4,20220300,588.8,20211200,536.4,20220300
2021-11-10 10:00:00,536.4,20220300,585.2,20211200,536.4,20220300
2021-11-10 12:00:00,536.4,20220300,585.5,20211200,536.4,20220300
2021-11-10 13:00:00,536.4,20220300,585.8,20211200,536.4,20220300
2021-11-10 15:00:00,536.4,20220300,587.3,20211200,536.4,20220300
2021-11-10 16:00:00,536.4,20220300,587.6,20211200,536.4,20220300
2021-11-11 08:00:00,536.4,20220300,586.5,20211200,536.4,20220300
2021-11-11 16:00:00,536.4,20220300,588.8,20211200,536.4,20220300
2021-11-12 09:00:00,536.4,20220300,588.5,20211200,536.4,20220300
2021-11-12 10:00:00,536.4,20220300,588.8,20211200,536.4,20220300
2021-11-12 14:00:00,536.4,20220300,589.9,20211200,536.4,20220300
2021-11-12 15:00:00,536.4,20220300,590.4,20211200,536.4,20220300
2021-11-12 16:00:00,536.4,20220300,591.2,20211200,536.4,20220300
2021-11-15 08:00:00,536.4,20220300,591.0,20211200,536.4,20220300
2021-11-15 10:00:00,536.4,20220300,591.6,20211200,536.4,20220300
2021-11-15 14:00:00,536.4,20220300,592.4,20211200,536.4,20220300
2021-11-15 16:00:00,536.4,20220300,592.7,20211200,536.4,20220300
2021-11-16 12:00:00,536.4,20220300,595.0,20211200,536.4,20220300
2021-11-16 13:00:00,536.4,20220300,594.6,20211200,536.4,20220300
2021-11-16 14:00:00,536.4,20220300,594.4,20211200,536.4,20220300
2021-11-16 15:00:00,536.4,20220300,593.6,20211200,536.4,20220300
2021-11-16 16:00:00,536.4,20220300,593.9,20211200,536.4,20220300
2021-11-16 23:00:00,536.4,20220300,594.2,20211200,536.4,20220300
2021-11-17 12:00:00,536.4,20220300,593.3,20211200,536.4,20220300
2021-11-17 13:00:00,536.4,20220300,593.6,20211200,536.4,20220300
2021-11-17 15:00:00,536.4,20220300,592.7,20211200,536.4,20220300
2021-11-17 16:00:00,536.4,20220300,592.9,20211200,536.4,20220300
2021-11-18 08:00:00,536.4,20220300,593.9,20211200,536.4,20220300
2021-11-18 09:00:00,536.4,20220300,593.3,20211200,536.4,20220300
2021-11-18 10:00:00,536.4,20220300,592.9,20211200,536.4,20220300
2021-11-18 11:00:00,536.4,20220300,592.1,20211200,536.4,20220300
2021-11-18 13:00:00,536.4,20220300,591.6,20211200,536.4,20220300
2021-11-18 14:00:00,536.4,20220300,591.6,20211200,536.4,20220300
2021-11-18 15:00:00,536.4,20220300,589.5,20211200,536.4,20220300
2021-11-18 16:00:00,536.4,20220300,590.5,20211200,536.4,20220300
2021-11-19 09:00:00,536.4,20220300,590.4,20211200,536.4,20220300
2021-11-19 10:00:00,536.4,20220300,588.4,20211200,536.4,20220300
2021-11-19 11:00:00,536.4,20220300,587.6,20211200,536.4,20220300
2021-11-19 12:00:00,536.4,20220300,586.6,20211200,536.4,20220300
2021-11-19 13:00:00,536.4,20220300,585.8,20211200,536.4,20220300
2021-11-19 14:00:00,536.4,20220300,588.7,20211200,536.4,20220300
2021-11-19 16:00:00,536.4,20220300,588.4,20211200,536.4,20220300
2021-11-22 08:00:00,536.4,20220300,590.1,20211200,536.4,20220300
2021-11-22 11:00:00,536.4,20220300,589.9,20211200,536.4,20220300
2021-11-22 13:00:00,536.4,20220300,586.7,20211200,536.4,20220300
2021-11-22 16:00:00,536.4,20220300,587.6,20211200,536.4,20220300
2021-11-23 07:00:00,536.4,20220300,581.9,20211200,536.4,20220300
2021-11-23 08:00:00,536.4,20220300,582.5,20211200,536.4,20220300
2021-11-23 09:00:00,536.4,20220300,579.5,20211200,536.4,20220300
2021-11-23 13:00:00,536.4,20220300,582.7,20211200,536.4,20220300
2021-11-23 15:00:00,536.4,20220300,580.7,20211200,536.4,20220300
2021-11-23 16:00:00,536.4,20220300,580.6,20211200,536.4,20220300
2021-11-24 08:00:00,536.4,20220300,583.7,20211200,536.4,20220300
2021-11-24 09:00:00,536.4,20220300,581.9,20211200,536.4,20220300
2021-11-24 13:00:00,536.4,20220300,579.8,20211200,536.4,20220300
2021-11-24 14:00:00,536.4,20220300,579.9,20211200,536.4,20220300
2021-11-24 15:00:00,536.4,20220300,581.5,20211200,536.4,20220300
2021-11-24 16:00:00,536.4,20220300,582.1,20211200,536.4,20220300
2021-11-25 08:00:00,536.4,20220300,583.6,20211200,536.4,20220300
2021-11-25 11:00:00,536.4,20220300,582.6,20211200,536.4,20220300
2021-11-25 12:00:00,536.4,20220300,583.3,20211200,536.4,20220300
2021-11-25 13:00:00,536.4,20220300,583.8,20211200,536.4,20220300
2021-11-26 08:00:00,536.4,20220300,569.0,20211200,536.4,20220300
2021-11-26 09:00:00,536.4,20220300,568.5,20211200,536.4,20220300
2021-11-26 10:00:00,536.4,20220300,566.9,20211200,536.4,20220300
2021-11-26 11:00:00,536.4,20220300,568.2,20211200,536.4,20220300
2021-11-26 12:00:00,536.4,20220300,568.7,20211200,536.4,20220300
2021-11-26 13:00:00,536.4,20220300,567.7,20211200,536.4,20220300
2021-11-26 14:00:00,536.4,20220300,567.7,20211200,536.4,20220300
2021-11-26 16:00:00,536.4,20220300,562.3,20211200,536.4,20220300
2021-11-29 08:00:00,536.4,20220300,565.9,20211200,536.4,20220300
2021-11-29 11:00:00,536.4,20220300,568.8,20211200,536.4,20220300
2021-11-29 13:00:00,536.4,20220300,569.0,20211200,536.4,20220300
2021-11-29 14:00:00,536.4,20220300,568.4,20211200,536.4,20220300
2021-11-29 15:00:00,536.4,20220300,566.3,20211200,536.4,20220300
2021-11-29 16:00:00,536.4,20220300,567.0,20211200,536.4,20220300
2021-11-30 08:00:00,536.4,20220300,558.6,20211200,536.4,20220300
2021-11-30 09:00:00,536.4,20220300,558.4,20211200,536.4,20220300
2021-11-30 10:00:00,536.4,20220300,559.1,20211200,536.4,20220300
2021-11-30 12:00:00,536.4,20220300,559.7,20211200,536.4,20220300
2021-11-30 13:00:00,536.4,20220300,561.2,20211200,536.4,20220300
2021-11-30 14:00:00,536.4,20220300,563.5,20211200,536.4,20220300
2021-11-30 15:00:00,536.4,20220300,561.9,20211200,536.4,20220300
2021-11-30 16:00:00,536.4,20220300,557.8,20211200,536.4,20220300
2021-12-01 08:00:00,536.4,20220300,564.3,20211200,536.4,20220300
2021-12-01 09:00:00,536.4,20220300,565.9,20211200,536.4,20220300
2021-12-01 10:00:00,536.4,20220300,565.6,20211200,536.4,20220300
2021-12-01 11:00:00,536.4,20220300,565.6,20211200,536.4,20220300
2021-12-01 13:00:00,536.4,20220300,565.9,20211200,536.4,20220300
2021-12-01 14:00:00,536.4,20220300,565.7,20211200,536.4,20220300
2021-12-01 15:00:00,536.4,20220300,566.5,20211200,536.4,20220300
2021-12-01 16:00:00,536.4,20220300,568.4,20211200,536.4,20220300
2021-12-02 08:00:00,536.4,20220300,563.1,20211200,536.4,20220300
2021-12-02 09:00:00,536.4,20220300,564.4,20211200,536.4,20220300
2021-12-02 10:00:00,536.4,20220300,563.6,20211200,536.4,20220300
2021-12-02 13:00:00,536.4,20220300,560.5,20211200,536.4,20220300
2021-12-02 14:00:00,536.4,20220300,563.2,20211200,536.4,20220300
2021-12-02 15:00:00,536.4,20220300,562.7,20211200,536.4,20220300
2021-12-02 16:00:00,536.4,20220300,564.6,20211200,536.4,20220300
2021-12-03 08:00:00,536.4,20220300,567.2,20211200,536.4,20220300
2021-12-03 09:00:00,536.4,20220300,564.8,20211200,536.4,20220300
2021-12-03 10:00:00,536.4,20220300,562.5,20211200,536.4,20220300
2021-12-03 11:00:00,536.4,20220300,563.7,20211200,536.4,20220300
2021-12-03 12:00:00,536.4,20220300,564.7,20211200,536.4,20220300
2021-12-03 13:00:00,536.4,20220300,564.9,20211200,536.4,20220300
2021-12-03 16:00:00,536.4,20220300,558.8,20211200,536.4,20220300
2021-12-06 09:00:00,536.4,20220300,564.6,20211200,536.4,20220300
2021-12-06 10:00:00,536.4,20220300,562.3,20211200,536.4,20220300
2021-12-06 11:00:00,536.4,20220300,562.9,20211200,536.4,20220300
2021-12-06 16:00:00,536.4,20220300,567.9,20211200,536.4,20220300
2021-12-07 09:00:00,536.4,20220300,576.4,20211200,536.4,20220300
2021-12-07 10:00:00,536.4,20220300,577.0,20211200,536.4,20220300
2021-12-07 12:00:00,536.4,20220300,577.9,20211200,536.4,20220300
2021-12-07 13:00:00,536.4,20220300,578.0,20211200,536.4,20220300
2021-12-07 14:00:00,536.4,20220300,577.6,20211200,536.4,20220300
2021-12-07 15:00:00,536.4,20220300,579.7,20211200,536.4,20220300
2021-12-07 16:00:00,536.4,20220300,580.2,20211200,536.4,20220300
2021-12-08 08:00:00,536.4,20220300,581.3,20211200,536.4,20220300
2021-12-08 09:00:00,536.4,20220300,581.1,20211200,536.4,20220300
2021-12-08 11:00:00,536.4,20220300,580.2,20211200,536.4,20220300
2021-12-08 13:00:00,536.4,20220300,577.9,20211200,536.4,20220300
2021-12-08 14:00:00,536.4,20220300,576.9,20211200,536.4,20220300
2021-12-08 15:00:00,536.4,20220300,576.0,20211200,536.4,20220300
2021-12-08 16:00:00,536.4,20220300,575.9,20211200,536.4,20220300
2021-12-09 08:00:00,536.4,20220300,576.3,20211200,536.4,20220300
2021-12-09 09:00:00,536.4,20220300,576.0,20211200,536.4,20220300
2021-12-09 10:00:00,536.4,20220300,574.3,20211200,536.4,20220300
2021-12-09 11:00:00,536.4,20220300,573.9,20211200,536.4,20220300
2021-12-09 12:00:00,536.4,20220300,573.9,20211200,536.4,20220300
2021-12-09 13:00:00,536.4,20220300,573.6,20211200,536.4,20220300
2021-12-09 14:00:00,536.4,20220300,573.8,20211200,536.4,20220300
2021-12-09 15:00:00,536.4,20220300,574.2,20211200,536.4,20220300
2021-12-09 16:00:00,536.4,20220300,574.6,20211200,536.4,20220300
2021-12-10 12:00:00,536.4,20220300,572.6,20211200,536.4,20220300
2021-12-10 16:00:00,536.4,20220300,572.3,20211200,536.4,20220300
2021-12-10 17:00:00,536.4,20220300,572.3,20211200,536.4,20220300
2021-12-10 18:00:00,536.4,20220300,572.3,20211200,536.4,20220300
2021-12-10 19:00:00,536.4,20220300,572.3,20211200,536.4,20220300
2021-12-10 20:00:00,536.4,20220300,572.3,20211200,536.4,20220300
2021-12-10 21:00:00,536.4,20220300,572.3,20211200,536.4,20220300
2021-12-13 08:00:00,536.4,20220300,574.8,20211200,536.4,20220300
2021-12-13 09:00:00,536.4,20220300,574.8,20211200,536.4,20220300
2021-12-13 10:00:00,536.4,20220300,574.4,20211200,536.4,20220300
2021-12-13 11:00:00,572.4,20220300,574.4,20211200,572.4,20220300
2021-12-13 12:00:00,572.4,20220300,574.4,20211200,572.4,20220300
2021-12-13 13:00:00,572.4,20220300,574.4,20211200,572.4,20220300
2021-12-13 14:00:00,572.4,20220300,571.8,20211200,572.4,20220300
2021-12-13 15:00:00,572.4,20220300,569.5,20211200,572.4,20220300
2021-12-13 16:00:00,572.4,20220300,568.1,20211200,572.4,20220300
2021-12-13 17:00:00,572.4,20220300,568.1,20211200,572.4,20220300
2021-12-13 18:00:00,572.4,20220300,568.1,20211200,572.4,20220300
2021-12-13 19:00:00,572.4,20220300,568.1,20211200,572.4,20220300
2021-12-13 20:00:00,572.4,20220300,568.1,20211200,572.4,20220300
2021-12-13 21:00:00,572.4,20220300,568.1,20211200,572.4,20220300
2021-12-14 09:00:00,572.4,20220300,569.8,20211200,572.4,20220300
2021-12-14 10:00:00,572.4,20220300,569.8,20211200,572.4,20220300
2021-12-14 11:00:00,572.4,20220300,569.8,20211200,572.4,20220300
2021-12-14 12:00:00,572.4,20220300,569.8,20211200,572.4,20220300
2021-12-14 13:00:00,572.4,20220300,569.4,20211200,572.4,20220300
2021-12-14 14:00:00,564.9,20220300,569.4,20211200,564.9,20220300
2021-12-14 15:00:00,564.9,20220300,569.4,20211200,564.9,20220300
2021-12-14 16:00:00,564.9,20220300,564.5,20211200,564.9,20220300
2021-12-14 17:00:00,564.9,20220300,564.5,20211200,564.9,20220300
2021-12-14 17:00:01,564.9,20220600,564.9,20220300,564.9,20220600
2021-12-14 18:00:00,564.9,20220600,564.9,20220300,564.9,20220600
2021-12-14 19:00:00,564.9,20220600,564.9,20220300,564.9,20220600
2021-12-14 20:00:00,564.9,20220600,564.9,20220300,564.9,20220600
2021-12-14 21:00:00,564.9,20220600,564.9,20220300,564.9,20220600
2021-12-14 23:00:00,562.9,20220600,564.9,20220300,562.9,20220600
2021-12-15 14:00:00,562.9,20220600,563.8,20220300,562.9,20220600
2021-12-15 15:00:00,562.9,20220600,563.8,20220300,562.9,20220600
2021-12-15 16:00:00,562.9,20220600,563.8,20220300,562.9,20220600
2021-12-15 17:00:00,562.9,20220600,563.8,20220300,562.9,20220600
2021-12-15 18:00:00,562.9,20220600,563.8,20220300,562.9,20220600
2021-12-15 19:00:00,562.9,20220600,563.8,20220300,562.9,20220600
2021-12-15 20:00:00,562.9,20220600,563.8,20220300,562.9,20220600
2021-12-15 21:00:00,562.9,20220600,563.8,20220300,562.9,20220600
2021-12-15 23:00:00,561.9,20220600,563.8,20220300,561.9,20220600
2021-12-16 07:00:00,561.9,20220600,570.0,20220300,561.9,20220600
2021-12-16 08:00:00,561.9,20220600,570.0,20220300,561.9,20220600
2021-12-16 09:00:00,561.9,20220600,570.0,20220300,561.9,20220600
2021-12-16 10:00:00,561.9,20220600,568.7,20220300,561.9,20220600
2021-12-16 11:00:00,561.9,20220600,569.2,20220300,561.9,20220600
2021-12-16 12:00:00,561.9,20220600,569.3,20220300,561.9,20220600
2021-12-16 13:00:00,561.9,20220600,568.7,20220300,561.9,20220600
2021-12-16 14:00:00,561.9,20220600,566.6,20220300,561.9,20220600
2021-12-16 15:00:00,561.9,20220600,567.4,20220300,561.9,20220600
2021-12-16 16:00:00,561.9,20220600,567.2,20220300,561.9,20220600
2021-12-16 17:00:00,561.9,20220600,567.2,20220300,561.9,20220600
2021-12-16 18:00:00,561.9,20220600,567.2,20220300,561.9,20220600
2021-12-16 19:00:00,561.9,20220600,567.2,20220300,561.9,20220600
2021-12-16 20:00:00,561.9,20220600,567.2,20220300,561.9,20220600
2021-12-16 21:00:00,561.9,20220600,567.2,20220300,561.9,20220600
2021-12-16 23:00:00,567.5,20220600,567.2,20220300,567.5,20220600
2021-12-17 08:00:00,567.5,20220600,565.6,20220300,567.5,20220600
2021-12-17 09:00:00,567.5,20220600,565.6,20220300,567.5,20220600
2021-12-17 10:00:00,567.5,20220600,565.6,20220300,567.5,20220600
2021-12-17 11:00:00,567.5,20220600,564.4,20220300,567.5,20220600
2021-12-17 12:00:00,567.5,20220600,562.4,20220300,567.5,20220600
2021-12-17 13:00:00,567.5,20220600,563.0,20220300,567.5,20220600
2021-12-17 14:00:00,567.5,20220600,562.6,20220300,567.5,20220600
2021-12-17 15:00:00,567.5,20220600,564.1,20220300,567.5,20220600
2021-12-17 16:00:00,567.5,20220600,565.9,20220300,567.5,20220600
2021-12-17 17:00:00,567.5,20220600,565.9,20220300,567.5,20220600
2021-12-17 18:00:00,567.5,20220600,565.9,20220300,567.5,20220600
2021-12-17 19:00:00,567.5,20220600,565.9,20220300,567.5,20220600
2021-12-17 20:00:00,567.5,20220600,565.9,20220300,567.5,20220600
2021-12-17 21:00:00,567.5,20220600,565.9,20220300,567.5,20220600
2021-12-17 23:00:00,566.0,20220600,565.9,20220300,566.0,20220600
2021-12-20 08:00:00,566.0,20220600,554.4,20220300,566.0,20220600
2021-12-20 09:00:00,566.0,20220600,554.5,20220300,566.0,20220600
2021-12-20 10:00:00,566.0,20220600,557.6,20220300,566.0,20220600
2021-12-20 11:00:00,566.0,20220600,557.1,20220300,566.0,20220600
2021-12-20 12:00:00,566.0,20220600,556.9,20220300,566.0,20220600
2021-12-20 13:00:00,566.0,20220600,557.3,20220300,566.0,20220600
2021-12-20 14:00:00,566.0,20220600,556.6,20220300,566.0,20220600
2021-12-20 15:00:00,566.0,20220600,556.7,20220300,566.0,20220600
2021-12-20 16:00:00,566.0,20220600,557.5,20220300,566.0,20220600
2021-12-20 17:00:00,566.0,20220600,557.5,20220300,566.0,20220600
2021-12-20 18:00:00,566.0,20220600,557.5,20220300,566.0,20220600
2021-12-20 19:00:00,566.0,20220600,557.5,20220300,566.0,20220600
2021-12-20 20:00:00,566.0,20220600,557.5,20220300,566.0,20220600
2021-12-20 21:00:00,566.0,20220600,557.5,20220300,566.0,20220600
2021-12-20 23:00:00,556.5,20220600,557.5,20220300,556.5,20220600
2021-12-21 08:00:00,556.5,20220600,563.7,20220300,556.5,20220600
2021-12-21 09:00:00,556.5,20220600,564.0,20220300,556.5,20220600
2021-12-21 10:00:00,556.5,20220600,564.0,20220300,556.5,20220600
2021-12-21 11:00:00,556.5,20220600,565.1,20220300,556.5,20220600
2021-12-21 12:00:00,556.5,20220600,565.1,20220300,556.5,20220600
2021-12-21 13:00:00,556.5,20220600,565.3,20220300,556.5,20220600
2021-12-21 14:00:00,556.5,20220600,565.3,20220300,556.5,20220600
2021-12-21 15:00:00,556.5,20220600,565.3,20220300,556.5,20220600
2021-12-21 16:00:00,556.5,20220600,565.3,20220300,556.5,20220600
2021-12-21 17:00:00,556.5,20220600,565.3,20220300,556.5,20220600
2021-12-21 18:00:00,556.5,20220600,565.3,20220300,556.5,20220600
2021-12-21 19:00:00,556.5,20220600,565.3,20220300,556.5,20220600
2021-12-21 20:00:00,556.5,20220600,565.3,20220300,556.5,20220600
2021-12-21 21:00:00,556.5,20220600,565.3,20220300,556.5,20220600
2021-12-21 23:00:00,565.2,20220600,565.3,20220300,565.2,20220600
2021-12-22 15:00:00,565.2,20220600,569.4,20220300,565.2,20220600
2021-12-22 16:00:00,565.2,20220600,569.4,20220300,565.2,20220600
2021-12-22 17:00:00,565.2,20220600,569.4,20220300,565.2,20220600
2021-12-22 18:00:00,565.2,20220600,569.4,20220300,565.2,20220600
2021-12-22 19:00:00,565.2,20220600,569.4,20220300,565.2,20220600
2021-12-22 20:00:00,565.2,20220600,569.4,20220300,565.2,20220600
2021-12-22 21:00:00,565.2,20220600,569.4,20220300,565.2,20220600
2021-12-22 23:00:00,570.5,20220600,569.4,20220300,570.5,20220600
2021-12-23 08:00:00,570.5,20220600,574.7,20220300,570.5,20220600
2021-12-23 09:00:00,570.5,20220600,574.7,20220300,570.5,20220600
2021-12-23 10:00:00,570.5,20220600,574.7,20220300,570.5,20220600
2021-12-23 11:00:00,570.5,20220600,576.0,20220300,570.5,20220600
2021-12-23 12:00:00,570.5,20220600,576.7,20220300,570.5,20220600
2021-12-23 13:00:00,570.5,20220600,576.4,20220300,570.5,20220600
2021-12-23 14:00:00,570.5,20220600,577.7,20220300,570.5,20220600
2021-12-23 15:00:00,570.5,20220600,578.6,20220300,570.5,20220600
2021-12-23 16:00:00,570.5,20220600,578.5,20220300,570.5,20220600
2021-12-23 17:00:00,570.5,20220600,578.5,20220300,570.5,20220600
2021-12-23 18:00:00,570.5,20220600,578.5,20220300,570.5,20220600
2021-12-23 19:00:00,570.5,20220600,578.5,20220300,570.5,20220600
2021-12-23 20:00:00,570.5,20220600,578.5,20220300,570.5,20220600
2021-12-23 21:00:00,570.5,20220600,578.5,20220300,570.5,20220600
2021-12-23 23:00:00,577.5,20220600,578.3,20220300,577.5,20220600
2021-12-27 23:00:00,581.8,20220600,578.3,20220300,581.8,20220600
2021-12-28 13:00:00,581.8,20220600,586.5,20220300,581.8,20220600
2021-12-28 14:00:00,581.8,20220600,586.5,20220300,581.8,20220600
2021-12-28 15:00:00,581.8,20220600,586.5,20220300,581.8,20220600
2021-12-28 16:00:00,581.8,20220600,587.7,20220300,581.8,20220600
2021-12-28 17:00:00,581.8,20220600,587.7,20220300,581.8,20220600
2021-12-28 18:00:00,581.8,20220600,587.7,20220300,581.8,20220600
2021-12-28 19:00:00,581.8,20220600,587.7,20220300,581.8,20220600
2021-12-28 20:00:00,581.8,20220600,587.7,20220300,581.8,20220600
2021-12-28 21:00:00,581.8,20220600,587.7,20220300,581.8,20220600
2021-12-28 23:00:00,586.1,20220600,587.7,20220300,586.1,20220600
2021-12-29 09:00:00,586.1,20220600,587.3,20220300,586.1,20220600
2021-12-29 10:00:00,586.1,20220600,587.0,20220300,586.1,20220600
2021-12-29 11:00:00,586.1,20220600,586.4,20220300,586.1,20220600
2021-12-29 12:00:00,586.1,20220600,586.5,20220300,586.1,20220600
2021-12-29 13:00:00,586.1,20220600,586.3,20220300,586.1,20220600
2021-12-29 14:00:00,586.1,20220600,586.4,20220300,586.1,20220600
2021-12-29 15:00:00,586.1,20220600,586.4,20220300,586.1,20220600
2021-12-29 16:00:00,586.1,20220600,585.6,20220300,586.1,20220600
2021-12-29 17:00:00,586.1,20220600,585.6,20220300,586.1,20220600
2021-12-29 18:00:00,586.1,20220600,585.6,20220300,586.1,20220600
2021-12-29 19:00:00,586.1,20220600,585.6,20220300,586.1,20220600
2021-12-29 20:00:00,586.1,20220600,585.6,20220300,586.1,20220600
2021-12-29 21:00:00,586.1,20220600,585.6,20220300,586.1,20220600
2021-12-29 23:00:00,585.2,20220600,585.6,20220300,585.2,20220600
2021-12-30 11:00:00,585.2,20220600,586.2,20220300,585.2,20220600
2021-12-30 12:00:00,585.2,20220600,586.2,20220300,585.2,20220600
2021-12-30 13:00:00,585.2,20220600,587.9,20220300,585.2,20220600
2021-12-30 14:00:00,585.2,20220600,587.9,20220300,585.2,20220600
2021-12-30 15:00:00,585.2,20220600,587.5,20220300,585.2,20220600
2021-12-30 16:00:00,585.2,20220600,587.5,20220300,585.2,20220600
2021-12-30 17:00:00,585.2,20220600,587.5,20220300,585.2,20220600
2021-12-30 18:00:00,585.2,20220600,587.5,20220300,585.2,20220600
2021-12-30 19:00:00,585.2,20220600,587.5,20220300,585.2,20220600
2021-12-30 20:00:00,585.2,20220600,587.5,20220300,585.2,20220600
2021-12-30 21:00:00,585.2,20220600,587.5,20220300,585.2,20220600
2021-12-30 23:00:00,586.9,20220600,587.7,20220300,586.9,20220600
2022-01-03 14:00:00,586.9,20220600,590.3,20220300,586.9,20220600
2022-01-03 15:00:00,586.9,20220600,589.8,20220300,586.9,20220600
2022-01-03 16:00:00,586.9,20220600,590.7,20220300,586.9,20220600
2022-01-03 17:00:00,586.9,20220600,590.7,20220300,586.9,20220600
2022-01-03 18:00:00,586.9,20220600,590.7,20220300,586.9,20220600
2022-01-03 19:00:00,586.9,20220600,590.7,20220300,586.9,20220600
2022-01-03 20:00:00,586.9,20220600,590.7,20220300,586.9,20220600
2022-01-03 21:00:00,586.9,20220600,590.7,20220300,586.9,20220600
2022-01-03 23:00:00,589.1,20220600,590.7,20220300,589.1,20220600
2022-01-04 08:00:00,589.1,20220600,593.7,20220300,589.1,20220600
2022-01-04 09:00:00,589.1,20220600,593.8,20220300,589.1,20220600
2022-01-04 10:00:00,589.1,20220600,593.8,20220300,589.1,20220600
2022-01-04 11:00:00,589.1,20220600,593.8,20220300,589.1,20220600
2022-01-04 12:00:00,589.1,20220600,594.6,20220300,589.1,20220600
2022-01-04 13:00:00,589.1,20220600,594.8,20220300,589.1,20220600
2022-01-04 14:00:00,589.1,20220600,595.4,20220300,589.1,20220600
2022-01-04 15:00:00,589.1,20220600,594.4,20220300,589.1,20220600
2022-01-04 16:00:00,589.1,20220600,593.4,20220300,589.1,20220600
2022-01-04 17:00:00,589.1,20220600,593.4,20220300,589.1,20220600
2022-01-04 18:00:00,589.1,20220600,593.4,20220300,589.1,20220600
2022-01-04 19:00:00,589.1,20220600,593.4,20220300,589.1,20220600
2022-01-04 20:00:00,589.1,20220600,593.4,20220300,589.1,20220600
2022-01-04 21:00:00,589.1,20220600,593.4,20220300,589.1,20220600
2022-01-04 23:00:00,592.4,20220600,593.4,20220300,592.4,20220600
2022-01-05 08:00:00,592.4,20220600,594.7,20220300,592.4,20220600
2022-01-05 09:00:00,592.4,20220600,596.1,20220300,592.4,20220600
2022-01-05 10:00:00,592.4,20220600,596.1,20220300,592.4,20220600
2022-01-05 11:00:00,592.4,20220600,596.1,20220300,592.4,20220600
2022-01-05 12:00:00,592.4,20220600,595.8,20220300,592.4,20220600
2022-01-05 13:00:00,592.4,20220600,595.8,20220300,592.4,20220600
2022-01-05 14:00:00,592.4,20220600,595.0,20220300,592.4,20220600
2022-01-05 15:00:00,592.4,20220600,595.0,20220300,592.4,20220600
2022-01-05 16:00:00,592.4,20220600,595.3,20220300,592.4,20220600
2022-01-05 17:00:00,592.4,20220600,595.3,20220300,592.4,20220600
2022-01-05 18:00:00,592.4,20220600,595.3,20220300,592.4,20220600
2022-01-05 19:00:00,592.4,20220600,595.3,20220300,592.4,20220600
2022-01-05 20:00:00,592.4,20220600,595.3,20220300,592.4,20220600
2022-01-05 21:00:00,592.4,20220600,595.3,20220300,592.4,20220600
2022-01-05 23:00:00,594.7,20220600,595.3,20220300,594.7,20220600
2022-01-06 08:00:00,594.7,20220600,588.1,20220300,594.7,20220600
2022-01-06 09:00:00,594.7,20220600,588.3,20220300,594.7,20220600
2022-01-06 10:00:00,594.7,20220600,588.3,20220300,594.7,20220600
2022-01-06 11:00:00,594.7,20220600,588.3,20220300,594.7,20220600
2022-01-06 12:00:00,594.7,20220600,587.4,20220300,594.7,20220600
2022-01-06 13:00:00,594.7,20220600,587.7,20220300,594.7,20220600
2022-01-06 14:00:00,594.7,20220600,586.7,20220300,594.7,20220600
2022-01-06 15:00:00,594.7,20220600,585.6,20220300,594.7,20220600
2022-01-06 16:00:00,594.7,20220600,587.0,20220300,594.7,20220600
2022-01-06 17:00:00,594.7,20220600,587.0,20220300,594.7,20220600
2022-01-06 18:00:00,594.7,20220600,587.0,20220300,594.7,20220600
2022-01-06 19:00:00,594.7,20220600,587.0,20220300,594.7,20220600
2022-01-06 20:00:00,594.7,20220600,587.0,20220300,594.7,20220600
2022-01-06 21:00:00,594.7,20220600,587.0,20220300,594.7,20220600
2022-01-06 23:00:00,583.6,20220600,587.0,20220300,583.6,20220600
2022-01-07 08:00:00,583.6,20220600,584.5,20220300,583.6,20220600
2022-01-07 09:00:00,583.6,20220600,585.3,20220300,583.6,20220600
2022-01-07 10:00:00,583.6,20220600,585.3,20220300,583.6,20220600
2022-01-07 11:00:00,583.6,20220600,585.1,20220300,583.6,20220600
2022-01-07 12:00:00,583.6,20220600,584.9,20220300,583.6,20220600
2022-01-07 13:00:00,583.6,20220600,584.0,20220300,583.6,20220600
2022-01-07 14:00:00,583.6,20220600,584.3,20220300,583.6,20220600
2022-01-07 15:00:00,583.6,20220600,583.8,20220300,583.6,20220600
2022-01-07 16:00:00,583.6,20220600,583.8,20220300,583.6,20220600
2022-01-07 17:00:00,583.6,20220600,583.8,20220300,583.6,20220600
2022-01-07 18:00:00,583.6,20220600,583.8,20220300,583.6,20220600
2022-01-07 19:00:00,583.6,20220600,583.8,20220300,583.6,20220600
2022-01-07 20:00:00,583.6,20220600,583.8,20220300,583.6,20220600
2022-01-07 21:00:00,583.6,20220600,583.8,20220300,583.6,20220600
2022-01-07 23:00:00,581.4,20220600,583.8,20220300,581.4,20220600
2022-01-10 08:00:00,581.4,20220600,580.8,20220300,581.4,20220600
2022-01-10 09:00:00,581.4,20220600,582.6,20220300,581.4,20220600
2022-01-10 10:00:00,581.4,20220600,582.5,20220300,581.4,20220600
2022-01-10 11:00:00,581.4,20220600,581.2,20220300,581.4,20220600
2022-01-10 12:00:00,581.4,20220600,579.2,20220300,581.4,20220600
2022-01-10 13:00:00,581.4,20220600,579.2,20220300,581.4,20220600
2022-01-10 14:00:00,581.4,20220600,578.3,20220300,581.4,20220600
2022-01-10 15:00:00,581.4,20220600,574.3,20220300,581.4,20220600
2022-01-10 16:00:00,581.4,20220600,574.8,20220300,581.4,20220600
2022-01-10 17:00:00,581.4,20220600,574.8,20220300,581.4,20220600
2022-01-10 18:00:00,581.4,20220600,574.8,20220300,581.4,20220600
2022-01-10 19:00:00,581.4,20220600,574.8,20220300,581.4,20220600
2022-01-10 20:00:00,581.4,20220600,574.8,20220300,581.4,20220600
2022-01-10 21:00:00,581.4,20220600,574.8,20220300,581.4,20220600
2022-01-10 23:00:00,573.0,20220600,574.8,20220300,573.0,20220600
2022-01-11 08:00:00,573.0,20220600,580.7,20220300,573.0,20220600
2022-01-11 09:00:00,573.0,20220600,582.2,20220300,573.0,20220600
2022-01-11 10:00:00,573.0,20220600,581.5,20220300,573.0,20220600
2022-01-11 11:00:00,573.0,20220600,581.5,20220300,573.0,20220600
2022-01-11 12:00:00,573.0,20220600,581.1,20220300,573.0,20220600
2022-01-11 13:00:00,573.0,20220600,580.5,20220300,573.0,20220600
2022-01-11 14:00:00,573.0,20220600,580.3,20220300,573.0,20220600
2022-01-11 15:00:00,573.0,20220600,580.0,20220300,573.0,20220600
2022-01-11 16:00:00,573.0,20220600,582.5,20220300,573.0,20220600
2022-01-11 17:00:00,573.0,20220600,582.5,20220300,573.0,20220600
2022-01-11 18:00:00,573.0,20220600,582.5,20220300,573.0,20220600
2022-01-11 19:00:00,573.0,20220600,582.5,20220300,573.0,20220600
2022-01-11 20:00:00,573.0,20220600,582.5,20220300,573.0,20220600
2022-01-11 21:00:00,573.0,20220600,582.5,20220300,573.0,20220600
2022-01-11 23:00:00,576.9,20220600,582.5,20220300,576.9,20220600
2022-01-12 08:00:00,576.9,20220600,581.1,20220300,576.9,20220600
2022-01-12 09:00:00,576.9,20220600,581.5,20220300,576.9,20220600
2022-01-12 10:00:00,576.9,20220600,581.9,20220300,576.9,20220600
2022-01-12 11:00:00,576.9,20220600,581.9,20220300,576.9,20220600
2022-01-12 12:00:00,576.9,20220600,582.1,20220300,576.9,20220600
2022-01-12 13:00:00,576.9,20220600,582.7,20220300,576.9,20220600
2022-01-12 14:00:00,576.9,20220600,582.7,20220300,576.9,20220600
2022-01-12 15:00:00,576.9,20220600,582.4,20220300,576.9,20220600
2022-01-12 16:00:00,576.9,20220600,582.4,20220300,576.9,20220600
2022-01-12 17:00:00,576.9,20220600,582.4,20220300,576.9,20220600
2022-01-12 18:00:00,576.9,20220600,582.4,20220300,576.9,20220600
2022-01-12 19:00:00,576.9,20220600,582.4,20220300,576.9,20220600
2022-01-12 20:00:00,576.9,20220600,582.4,20220300,576.9,20220600
2022-01-12 21:00:00,576.9,20220600,582.4,20220300,576.9,20220600
2022-01-12 23:00:00,578.4,20220600,582.4,20220300,578.4,20220600
2022-01-13 08:00:00,578.4,20220600,582.2,20220300,578.4,20220600
2022-01-13 09:00:00,578.4,20220600,582.2,20220300,578.4,20220600
2022-01-13 10:00:00,578.4,20220600,582.2,20220300,578.4,20220600
2022-01-13 11:00:00,578.4,20220600,582.2,20220300,578.4,20220600
2022-01-13 12:00:00,578.4,20220600,582.2,20220300,578.4,20220600
2022-01-13 13:00:00,578.4,20220600,583.5,20220300,578.4,20220600
2022-01-13 14:00:00,578.4,20220600,583.5,20220300,578.4,20220600
2022-01-13 15:00:00,578.4,20220600,583.5,20220300,578.4,20220600
2022-01-13 16:00:00,578.4,20220600,581.2,20220300,578.4,20220600
2022-01-13 17:00:00,578.4,20220600,581.2,20220300,578.4,20220600
2022-01-13 18:00:00,578.4,20220600,581.2,20220300,578.4,20220600
2022-01-13 19:00:00,578.4,20220600,581.2,20220300,578.4,20220600
2022-01-13 20:00:00,578.4,20220600,581.2,20220300,578.4,20220600
2022-01-13 21:00:00,578.4,20220600,581.2,20220300,578.4,20220600
2022-01-13 23:00:00,579.2,20220600,581.2,20220300,579.2,20220600
2022-01-14 10:00:00,579.2,20220600,578.6,20220300,579.2,20220600
2022-01-14 11:00:00,579.2,20220600,578.6,20220300,579.2,20220600
2022-01-14 12:00:00,579.2,20220600,578.6,20220300,579.2,20220600
2022-01-14 13:00:00,579.2,20220600,578.6,20220300,579.2,20220600
2022-01-14 14:00:00,579.2,20220600,577.1,20220300,579.2,20220600
2022-01-14 15:00:00,579.2,20220600,576.6,20220300,579.2,20220600
2022-01-14 16:00:00,579.2,20220600,576.6,20220300,579.2,20220600
2022-01-14 17:00:00,579.2,20220600,576.6,20220300,579.2,20220600
2022-01-14 18:00:00,579.2,20220600,576.6,20220300,579.2,20220600
2022-01-14 19:00:00,579.2,20220600,576.6,20220300,579.2,20220600
2022-01-14 20:00:00,579.2,20220600,576.6,20220300,579.2,20220600
2022-01-14 21:00:00,579.2,20220600,576.6,20220300,579.2,20220600
2022-01-14 23:00:00,572.3,20220600,576.6,20220300,572.3,20220600
2022-01-17 11:00:00,572.3,20220600,578.9,20220300,572.3,20220600
2022-01-17 12:00:00,572.3,20220600,578.9,20220300,572.3,20220600
2022-01-17 13:00:00,572.3,20220600,578.9,20220300,572.3,20220600
2022-01-17 14:00:00,572.3,20220600,578.9,20220300,572.3,20220600
2022-01-17 15:00:00,572.3,20220600,578.9,20220300,572.3,20220600
2022-01-17 16:00:00,572.3,20220600,578.9,20220300,572.3,20220600
2022-01-17 17:00:00,572.3,20220600,578.9,20220300,572.3,20220600
2022-01-17 18:00:00,572.3,20220600,578.9,20220300,572.3,20220600
2022-01-17 19:00:00,572.3,20220600,578.9,20220300,572.3,20220600
2022-01-17 20:00:00,572.3,20220600,578.9,20220300,572.3,20220600
2022-01-17 21:00:00,572.3,20220600,578.9,20220300,572.3,20220600
2022-01-17 23:00:00,576.3,20220600,578.9,20220300,576.3,20220600
2022-01-18 11:00:00,576.3,20220600,571.6,20220300,576.3,20220600
2022-01-18 12:00:00,576.3,20220600,571.1,20220300,576.3,20220600
2022-01-18 13:00:00,576.3,20220600,572.1,20220300,576.3,20220600
2022-01-18 14:00:00,576.3,20220600,571.6,20220300,576.3,20220600
2022-01-18 15:00:00,576.3,20220600,572.4,20220300,576.3,20220600
2022-01-18 16:00:00,576.3,20220600,573.1,20220300,576.3,20220600
2022-01-18 17:00:00,576.3,20220600,573.1,20220300,576.3,20220600
2022-01-18 18:00:00,576.3,20220600,573.1,20220300,576.3,20220600
2022-01-18 19:00:00,576.3,20220600,573.1,20220300,576.3,20220600
2022-01-18 20:00:00,576.3,20220600,573.1,20220300,576.3,20220600
2022-01-18 21:00:00,576.3,20220600,573.1,20220300,576.3,20220600
2022-01-18 23:00:00,569.7,20220600,573.1,20220300,569.7,20220600
2022-01-19 08:00:00,569.7,20220600,572.0,20220300,569.7,20220600
2022-01-19 09:00:00,569.7,20220600,572.0,20220300,569.7,20220600
2022-01-19 10:00:00,569.7,20220600,574.3,20220300,569.7,20220600
2022-01-19 11:00:00,569.7,20220600,575.1,20220300,569.7,20220600
2022-01-19 12:00:00,569.7,20220600,575.2,20220300,569.7,20220600
2022-01-19 13:00:00,569.7,20220600,575.2,20220300,569.7,20220600
2022-01-19 14:00:00,569.7,20220600,577.1,20220300,569.7,20220600
2022-01-19 15:00:00,569.7,20220600,577.1,20220300,569.7,20220600
2022-01-19 16:00:00,569.7,20220600,573.9,20220300,569.7,20220600
2022-01-19 17:00:00,569.7,20220600,573.9,20220300,569.7,20220600
2022-01-19 18:00:00,569.7,20220600,573.9,20220300,569.7,20220600
2022-01-19 19:00:00,569.7,20220600,573.9,20220300,569.7,20220600
2022-01-19 20:00:00,569.7,20220600,573.9,20220300,569.7,20220600
2022-01-19 21:00:00,569.7,20220600,573.9,20220300,569.7,20220600
2022-01-19 23:00:00,571.3,20220600,573.9,20220300,571.3,20220600
2022-01-20 08:00:00,571.3,20220600,574.0,20220300,571.3,20220600
2022-01-20 09:00:00,571.3,20220600,574.0,20220300,571.3,20220600
2022-01-20 10:00:00,571.3,20220600,573.7,20220300,571.3,20220600
2022-01-20 11:00:00,571.3,20220600,573.7,20220300,571.3,20220600
2022-01-20 12:00:00,571.3,20220600,573.7,20220300,571.3,20220600
2022-01-20 13:00:00,571.3,20220600,573.7,20220300,571.3,20220600
2022-01-20 14:00:00,571.3,20220600,573.7,20220300,571.3,20220600
2022-01-20 15:00:00,571.3,20220600,573.7,20220300,571.3,20220600
2022-01-20 16:00:00,571.3,20220600,577.2,20220300,571.3,20220600
2022-01-20 17:00:00,571.3,20220600,577.2,20220300,571.3,20220600
2022-01-20 18:00:00,571.3,20220600,577.2,20220300,571.3,20220600
2022-01-20 19:00:00,571.3,20220600,577.2,20220300,571.3,20220600
2022-01-20 20:00:00,571.3,20220600,577.2,20220300,571.3,20220600
2022-01-20 21:00:00,571.3,20220600,577.2,20220300,571.3,20220600
2022-01-20 23:00:00,574.3,20220600,577.2,20220300,574.3,20220600
2022-01-21 08:00:00,574.3,20220600,568.9,20220300,574.3,20220600
2022-01-21 09:00:00,574.3,20220600,569.3,20220300,574.3,20220600
2022-01-21 10:00:00,574.3,20220600,569.3,20220300,574.3,20220600
2022-01-21 11:00:00,574.3,20220600,569.3,20220300,574.3,20220600
2022-01-21 12:00:00,574.3,20220600,569.3,20220300,574.3,20220600
2022-01-21 13:00:00,574.3,20220600,565.8,20220300,574.3,20220600
2022-01-21 14:00:00,574.3,20220600,565.8,20220300,574.3,20220600
2022-01-21 15:00:00,574.3,20220600,562.2,20220300,574.3,20220600
2022-01-21 16:00:00,574.3,20220600,562.2,20220300,574.3,20220600
2022-01-21 17:00:00,574.3,20220600,562.2,20220300,574.3,20220600
2022-01-21 18:00:00,574.3,20220600,562.2,20220300,574.3,20220600
2022-01-21 19:00:00,574.3,20220600,562.2,20220300,574.3,20220600
2022-01-21 20:00:00,574.3,20220600,562.2,20220300,574.3,20220600
2022-01-21 21:00:00,574.3,20220600,562.2,20220300,574.3,20220600
2022-01-21 23:00:00,562.4,20220600,562.2,20220300,562.4,20220600
2022-01-24 08:00:00,562.4,20220600,563.8,20220300,562.4,20220600
2022-01-24 09:00:00,562.4,20220600,557.4,20220300,562.4,20220600
2022-01-24 10:00:00,562.4,20220600,549.4,20220300,562.4,20220600
2022-01-24 11:00:00,562.4,20220600,549.4,20220300,562.4,20220600
2022-01-24 12:00:00,562.4,20220600,549.4,20220300,562.4,20220600
2022-01-24 13:00:00,562.4,20220600,547.3,20220300,562.4,20220600
2022-01-24 14:00:00,562.4,20220600,546.2,20220300,562.4,20220600
2022-01-24 15:00:00,562.4,20220600,545.0,20220300,562.4,20220600
2022-01-24 16:00:00,562.4,20220600,545.0,20220300,562.4,20220600
2022-01-24 17:00:00,562.4,20220600,545.0,20220300,562.4,20220600
2022-01-24 18:00:00,562.4,20220600,545.0,20220300,562.4,20220600
2022-01-24 19:00:00,562.4,20220600,545.0,20220300,562.4,20220600
2022-01-24 20:00:00,562.4,20220600,545.0,20220300,562.4,20220600
2022-01-24 21:00:00,562.4,20220600,545.0,20220300,562.4,20220600
2022-01-24 23:00:00,540.9,20220600,545.0,20220300,540.9,20220600
2022-01-25 08:00:00,540.9,20220600,548.9,20220300,540.9,20220600
2022-01-25 09:00:00,540.9,20220600,550.2,20220300,540.9,20220600
2022-01-25 10:00:00,540.9,20220600,550.2,20220300,540.9,20220600
2022-01-25 11:00:00,540.9,20220600,550.2,20220300,540.9,20220600
2022-01-25 12:00:00,540.9,20220600,547.5,20220300,540.9,20220600
2022-01-25 13:00:00,540.9,20220600,546.3,20220300,540.9,20220600
2022-01-25 14:00:00,540.9,20220600,546.3,20220300,540.9,20220600
2022-01-25 15:00:00,540.9,20220600,546.3,20220300,540.9,20220600
2022-01-25 16:00:00,540.9,20220600,547.1,20220300,540.9,20220600
2022-01-25 17:00:00,540.9,20220600,547.1,20220300,540.9,20220600
2022-01-25 18:00:00,540.9,20220600,547.1,20220300,540.9,20220600
2022-01-25 19:00:00,540.9,20220600,547.1,20220300,540.9,20220600
2022-01-25 20:00:00,540.9,20220600,547.1,20220300,540.9,20220600
2022-01-25 21:00:00,540.9,20220600,547.1,20220300,540.9,20220600
2022-01-25 23:00:00,544.2,20220600,547.1,20220300,544.2,20220600
2022-01-26 07:00:00,544.2,20220600,550.1,20220300,544.2,20220600
2022-01-26 08:00:00,544.2,20220600,555.1,20220300,544.2,20220600
2022-01-26 09:00:00,544.2,20220600,556.5,20220300,544.2,20220600
2022-01-26 10:00:00,544.2,20220600,557.3,20220300,544.2,20220600
2022-01-26 11:00:00,544.2,20220600,557.3,20220300,544.2,20220600
2022-01-26 12:00:00,544.2,20220600,557.3,20220300,544.2,20220600
2022-01-26 13:00:00,544.2,20220600,558.5,20220300,544.2,20220600
2022-01-26 14:00:00,544.2,20220600,558.5,20220300,544.2,20220600
2022-01-26 15:00:00,544.2,20220600,555.3,20220300,544.2,20220600
2022-01-26 16:00:00,544.2,20220600,554.8,20220300,544.2,20220600
2022-01-26 17:00:00,544.2,20220600,554.8,20220300,544.2,20220600
2022-01-26 18:00:00,544.2,20220600,554.8,20220300,544.2,20220600
2022-01-26 19:00:00,544.2,20220600,554.8,20220300,544.2,20220600
2022-01-26 20:00:00,544.2,20220600,554.8,20220300,544.2,20220600
2022-01-26 21:00:00,544.2,20220600,554.8,20220300,544.2,20220600
2022-01-26 23:00:00,552.4,20220600,554.8,20220300,552.4,20220600
2022-01-27 08:00:00,552.4,20220600,551.4,20220300,552.4,20220600
2022-01-27 09:00:00,552.4,20220600,551.4,20220300,552.4,20220600
2022-01-27 10:00:00,552.4,20220600,552.8,20220300,552.4,20220600
2022-01-27 11:00:00,552.4,20220600,552.8,20220300,552.4,20220600
2022-01-27 12:00:00,552.4,20220600,552.8,20220300,552.4,20220600
2022-01-27 13:00:00,552.4,20220600,554.3,20220300,552.4,20220600
2022-01-27 14:00:00,552.4,20220600,558.3,20220300,552.4,20220600
2022-01-27 15:00:00,552.4,20220600,556.1,20220300,552.4,20220600
2022-01-27 16:00:00,552.4,20220600,555.6,20220300,552.4,20220600
2022-01-27 17:00:00,552.4,20220600,555.6,20220300,552.4,20220600
2022-01-27 18:00:00,552.4,20220600,555.6,20220300,552.4,20220600
2022-01-27 19:00:00,552.4,20220600,555.6,20220300,552.4,20220600
2022-01-27 20:00:00,552.4,20220600,555.6,20220300,552.4,20220600
2022-01-27 21:00:00,552.4,20220600,555.6,20220300,552.4,20220600
2022-01-27 23:00:00,552.6,20220600,555.6,20220300,552.6,20220600
2022-01-28 08:00:00,552.6,20220600,552.6,20220300,552.6,20220600
2022-01-28 09:00:00,552.6,20220600,551.7,20220300,552.6,20220600
2022-01-28 10:00:00,552.6,20220600,550.2,20220300,552.6,20220600
2022-01-28 11:00:00,552.6,20220600,549.5,20220300,552.6,20220600
2022-01-28 12:00:00,552.6,20220600,546.4,20220300,552.6,20220600
2022-01-28 13:00:00,552.6,20220600,550.3,20220300,552.6,20220600
2022-01-28 14:00:00,552.6,20220600,549.5,20220300,552.6,20220600
2022-01-28 15:00:00,552.6,20220600,549.9,20220300,552.6,20220600
2022-01-28 16:00:00,552.6,20220600,553.6,20220300,552.6,20220600
2022-01-28 17:00:00,552.6,20220600,553.6,20220300,552.6,20220600
2022-01-28 18:00:00,552.6,20220600,553.6,20220300,552.6,20220600
2022-01-28 19:00:00,552.6,20220600,553.6,20220300,552.6,20220600
2022-01-28 20:00:00,552.6,20220600,553.6,20220300,552.6,20220600
2022-01-28 21:00:00,552.6,20220600,553.6,20220300,552.6,20220600
2022-01-28 23:00:00,549.5,20220600,553.6,20220300,549.5,20220600
2022-01-31 10:00:00,549.5,20220600,557.4,20220300,549.5,20220600
2022-01-31 11:00:00,549.5,20220600,555.6,20220300,549.5,20220600
2022-01-31 12:00:00,549.5,20220600,555.0,20220300,549.5,20220600
2022-01-31 13:00:00,549.5,20220600,555.2,20220300,549.5,20220600
2022-01-31 14:00:00,549.5,20220600,555.2,20220300,549.5,20220600
2022-01-31 15:00:00,549.5,20220600,558.0,20220300,549.5,20220600
2022-01-31 16:00:00,549.5,20220600,554.6,20220300,549.5,20220600
2022-01-31 17:00:00,549.5,20220600,554.6,20220300,549.5,20220600
2022-01-31 18:00:00,549.5,20220600,554.6,20220300,549.5,20220600
2022-01-31 19:00:00,549.5,20220600,554.6,20220300,549.5,20220600
2022-01-31 20:00:00,549.5,20220600,554.6,20220300,549.5,20220600
2022-01-31 21:00:00,549.5,20220600,554.6,20220300,549.5,20220600
2022-01-31 23:00:00,552.4,20220600,554.6,20220300,552.4,20220600
2022-02-01 08:00:00,552.4,20220600,563.3,20220300,552.4,20220600
2022-02-01 09:00:00,552.4,20220600,562.0,20220300,552.4,20220600
2022-02-01 10:00:00,552.4,20220600,562.7,20220300,552.4,20220600
2022-02-01 11:00:00,552.4,20220600,563.7,20220300,552.4,20220600
2022-02-01 12:00:00,552.4,20220600,563.7,20220300,552.4,20220600
2022-02-01 13:00:00,552.4,20220600,564.1,20220300,552.4,20220600
2022-02-01 14:00:00,552.4,20220600,564.1,20220300,552.4,20220600
2022-02-01 15:00:00,552.4,20220600,561.8,20220300,552.4,20220600
2022-02-01 16:00:00,552.4,20220600,562.6,20220300,552.4,20220600
2022-02-01 17:00:00,552.4,20220600,562.6,20220300,552.4,20220600
2022-02-01 18:00:00,552.4,20220600,562.6,20220300,552.4,20220600
2022-02-01 19:00:00,552.4,20220600,562.6,20220300,552.4,20220600
2022-02-01 20:00:00,552.4,20220600,562.6,20220300,552.4,20220600
2022-02-01 21:00:00,552.4,20220600,562.6,20220300,552.4,20220600
2022-02-01 23:00:00,559.5,20220600,562.6,20220300,559.5,20220600
2022-02-02 12:00:00,559.5,20220600,567.9,20220300,559.5,20220600
2022-02-02 13:00:00,559.5,20220600,567.9,20220300,559.5,20220600
2022-02-02 14:00:00,559.5,20220600,567.3,20220300,559.5,20220600
2022-02-02 15:00:00,559.5,20220600,567.7,20220300,559.5,20220600
2022-02-02 16:00:00,559.5,20220600,565.6,20220300,559.5,20220600
2022-02-02 17:00:00,559.5,20220600,565.6,20220300,559.5,20220600
2022-02-02 18:00:00,559.5,20220600,565.6,20220300,559.5,20220600
2022-02-02 19:00:00,559.5,20220600,565.6,20220300,559.5,20220600
2022-02-02 20:00:00,559.5,20220600,565.6,20220300,559.5,20220600
2022-02-02 21:00:00,559.5,20220600,565.6,20220300,559.5,20220600
2022-02-02 23:00:00,563.8,20220600,565.6,20220300,563.8,20220600
2022-02-03 08:00:00,563.8,20220600,565.7,20220300,563.8,20220600
2022-02-03 09:00:00,563.8,20220600,565.7,20220300,563.8,20220600
2022-02-03 10:00:00,563.8,20220600,562.5,20220300,563.8,20220600
2022-02-03 11:00:00,563.8,20220600,562.5,20220300,563.8,20220600
2022-02-03 12:00:00,563.8,20220600,562.5,20220300,563.8,20220600
2022-02-03 13:00:00,563.8,20220600,560.0,20220300,563.8,20220600
2022-02-03 14:00:00,563.8,20220600,558.1,20220300,563.8,20220600
2022-02-03 15:00:00,563.8,20220600,558.4,20220300,563.8,20220600
2022-02-03 16:00:00,563.8,20220600,556.3,20220300,563.8,20220600
2022-02-03 17:00:00,563.8,20220600,556.3,20220300,563.8,20220600
2022-02-03 18:00:00,563.8,20220600,556.3,20220300,563.8,20220600
2022-02-03 19:00:00,563.8,20220600,556.3,20220300,563.8,20220600
2022-02-03 20:00:00,563.8,20220600,556.3,20220300,563.8,20220600
2022-02-03 21:00:00,563.8,20220600,556.3,20220300,563.8,20220600
2022-02-03 23:00:00,553.0,20220600,556.3,20220300,553.0,20220600
2022-02-04 08:00:00,553.0,20220600,559.5,20220300,553.0,20220600
2022-02-04 09:00:00,553.0,20220600,559.5,20220300,553.0,20220600
2022-02-04 10:00:00,553.0,20220600,551.8,20220300,553.0,20220600
2022-02-04 11:00:00,553.0,20220600,551.8,20220300,553.0,20220600
2022-02-04 12:00:00,553.0,20220600,551.8,20220300,553.0,20220600
2022-02-04 13:00:00,553.0,20220600,548.9,20220300,553.0,20220600
2022-02-04 14:00:00,553.0,20220600,547.7,20220300,553.0,20220600
2022-02-04 15:00:00,553.0,20220600,547.7,20220300,553.0,20220600
2022-02-04 16:00:00,553.0,20220600,547.7,20220300,553.0,20220600
2022-02-04 17:00:00,553.0,20220600,547.7,20220300,553.0,20220600
2022-02-04 18:00:00,553.0,20220600,547.7,20220300,553.0,20220600
2022-02-04 19:00:00,553.0,20220600,547.7,20220300,553.0,20220600
2022-02-04 20:00:00,553.0,20220600,547.7,20220300,553.0,20220600
2022-02-04 21:00:00,553.0,20220600,547.7,20220300,553.0,20220600
2022-02-04 23:00:00,544.7,20220600,547.7,20220300,544.7,20220600
2022-02-07 08:00:00,544.7,20220600,551.6,20220300,544.7,20220600
2022-02-07 09:00:00,544.7,20220600,551.6,20220300,544.7,20220600
2022-02-07 10:00:00,544.7,20220600,546.7,20220300,544.7,20220600
2022-02-07 11:00:00,544.7,20220600,546.7,20220300,544.7,20220600
2022-02-07 12:00:00,544.7,20220600,546.7,20220300,544.7,20220600
2022-02-07 13:00:00,544.7,20220600,547.6,20220300,544.7,20220600
2022-02-07 14:00:00,544.7,20220600,548.5,20220300,544.7,20220600
2022-02-07 15:00:00,544.7,20220600,548.5,20220300,544.7,20220600
2022-02-07 16:00:00,544.7,20220600,548.5,20220300,544.7,20220600
2022-02-07 17:00:00,544.7,20220600,548.5,20220300,544.7,20220600
2022-02-07 18:00:00,544.7,20220600,548.5,20220300,544.7,20220600
2022-02-07 19:00:00,544.7,20220600,548.5,20220300,544.7,20220600
2022-02-07 20:00:00,544.7,20220600,548.5,20220300,544.7,20220600
2022-02-07 21:00:00,544.7,20220600,548.5,20220300,544.7,20220600
2022-02-07 23:00:00,546.3,20220600,548.5,20220300,546.3,20220600
2022-02-08 08:00:00,546.3,20220600,551.0,20220300,546.3,20220600
2022-02-08 09:00:00,546.3,20220600,552.8,20220300,546.3,20220600
2022-02-08 10:00:00,546.3,20220600,552.8,20220300,546.3,20220600
2022-02-08 11:00:00,546.3,20220600,552.8,20220300,546.3,20220600
2022-02-08 12:00:00,546.3,20220600,552.8,20220300,546.3,20220600
2022-02-08 13:00:00,546.3,20220600,548.5,20220300,546.3,20220600
2022-02-08 14:00:00,546.3,20220600,548.9,20220300,546.3,20220600
2022-02-08 15:00:00,546.3,20220600,548.9,20220300,546.3,20220600
2022-02-08 16:00:00,546.3,20220600,549.8,20220300,546.3,20220600
2022-02-08 17:00:00,546.3,20220600,549.8,20220300,546.3,20220600
2022-02-08 18:00:00,546.3,20220600,549.8,20220300,546.3,20220600
2022-02-08 19:00:00,546.3,20220600,549.8,20220300,546.3,20220600
2022-02-08 20:00:00,546.3,20220600,549.8,20220300,546.3,20220600
2022-02-08 21:00:00,546.3,20220600,549.8,20220300,546.3,20220600
2022-02-08 23:00:00,546.9,20220600,549.8,20220300,546.9,20220600
2022-02-09 08:00:00,546.9,20220600,556.1,20220300,546.9,20220600
2022-02-09 09:00:00,546.9,20220600,556.1,20220300,546.9,20220600
2022-02-09 10:00:00,546.9,20220600,556.1,20220300,546.9,20220600
2022-02-09 11:00:00,546.9,20220600,556.1,20220300,546.9,20220600
2022-02-09 12:00:00,546.9,20220600,559.5,20220300,546.9,20220600
2022-02-09 13:00:00,546.9,20220600,559.5,20220300,546.9,20220600
2022-02-09 14:00:00,546.9,20220600,560.5,20220300,546.9,20220600
2022-02-09 15:00:00,546.9,20220600,560.5,20220300,546.9,20220600
2022-02-09 16:00:00,546.9,20220600,559.6,20220300,546.9,20220600
2022-02-09 17:00:00,546.9,20220600,559.6,20220300,546.9,20220600
2022-02-09 18:00:00,546.9,20220600,559.6,20220300,546.9,20220600
2022-02-09 19:00:00,546.9,20220600,559.6,20220300,546.9,20220600
2022-02-09 20:00:00,546.9,20220600,559.6,20220300,546.9,20220600
2022-02-09 21:00:00,546.9,20220600,559.6,20220300,546.9,20220600
2022-02-09 23:00:00,556.1,20220600,559.6,20220300,556.1,20220600
2022-02-10 13:00:00,556.1,20220600,557.9,20220300,556.1,20220600
2022-02-10 14:00:00,556.1,20220600,556.5,20220300,556.1,20220600
2022-02-10 15:00:00,556.1,20220600,556.5,20220300,556.1,20220600
2022-02-10 16:00:00,556.1,20220600,559.7,20220300,556.1,20220600
2022-02-10 17:00:00,556.1,20220600,559.7,20220300,556.1,20220600
2022-02-10 18:00:00,556.1,20220600,559.7,20220300,556.1,20220600
2022-02-10 19:00:00,556.1,20220600,559.7,20220300,556.1,20220600
2022-02-10 20:00:00,556.1,20220600,559.7,20220300,556.1,20220600
2022-02-10 21:00:00,556.1,20220600,559.7,20220300,556.1,20220600
2022-02-10 23:00:00,556.2,20220600,559.7,20220300,556.2,20220600
2022-02-11 08:00:00,556.2,20220600,553.3,20220300,556.2,20220600
2022-02-11 09:00:00,556.2,20220600,553.5,20220300,556.2,20220600
2022-02-11 10:00:00,556.2,20220600,553.6,20220300,556.2,20220600
2022-02-11 11:00:00,556.2,20220600,553.6,20220300,556.2,20220600
2022-02-11 12:00:00,556.2,20220600,553.6,20220300,556.2,20220600
2022-02-11 13:00:00,556.2,20220600,553.6,20220300,556.2,20220600
2022-02-11 14:00:00,556.2,20220600,553.6,20220300,556.2,20220600
2022-02-11 15:00:00,556.2,20220600,556.3,20220300,556.2,20220600
2022-02-11 16:00:00,556.2,20220600,554.9,20220300,556.2,20220600
2022-02-11 17:00:00,556.2,20220600,554.9,20220300,556.2,20220600
2022-02-11 18:00:00,556.2,20220600,554.9,20220300,556.2,20220600
2022-02-11 19:00:00,556.2,20220600,554.9,20220300,556.2,20220600
2022-02-11 20:00:00,556.2,20220600,554.9,20220300,556.2,20220600
2022-02-11 21:00:00,556.2,20220600,554.9,20220300,556.2,20220600
2022-02-11 23:00:00,552.0,20220600,554.9,20220300,552.0,20220600
2022-02-14 08:00:00,552.0,20220600,539.2,20220300,552.0,20220600
2022-02-14 09:00:00,552.0,20220600,542.0,20220300,552.0,20220600
2022-02-14 10:00:00,552.0,20220600,541.6,20220300,552.0,20220600
2022-02-14 11:00:00,552.0,20220600,540.3,20220300,552.0,20220600
2022-02-14 12:00:00,552.0,20220600,545.6,20220300,552.0,20220600
2022-02-14 13:00:00,552.0,20220600,545.4,20220300,552.0,20220600
2022-02-14 14:00:00,552.0,20220600,546.1,20220300,552.0,20220600
2022-02-14 15:00:00,552.0,20220600,543.9,20220300,552.0,20220600
2022-02-14 16:00:00,552.0,20220600,546.0,20220300,552.0,20220600
2022-02-14 17:00:00,552.0,20220600,546.0,20220300,552.0,20220600
2022-02-14 18:00:00,552.0,20220600,546.0,20220300,552.0,20220600
2022-02-14 19:00:00,552.0,20220600,546.0,20220300,552.0,20220600
2022-02-14 20:00:00,552.0,20220600,546.0,20220300,552.0,20220600
2022-02-14 21:00:00,552.0,20220600,546.0,20220300,552.0,20220600
2022-02-14 23:00:00,542.6,20220600,546.0,20220300,542.6,20220600
2022-02-15 08:00:00,542.6,20220600,551.2,20220300,542.6,20220600
2022-02-15 09:00:00,542.6,20220600,551.6,20220300,542.6,20220600
2022-02-15 10:00:00,542.6,20220600,551.6,20220300,542.6,20220600
2022-02-15 11:00:00,542.6,20220600,553.1,20220300,542.6,20220600
2022-02-15 12:00:00,542.6,20220600,553.1,20220300,542.6,20220600
2022-02-15 13:00:00,542.6,20220600,552.5,20220300,542.6,20220600
2022-02-15 14:00:00,542.6,20220600,552.8,20220300,542.6,20220600
2022-02-15 15:00:00,542.6,20220600,552.8,20220300,542.6,20220600
2022-02-15 16:00:00,542.6,20220600,553.0,20220300,542.6,20220600
2022-02-15 17:00:00,542.6,20220600,553.0,20220300,542.6,20220600
2022-02-15 18:00:00,542.6,20220600,553.0,20220300,542.6,20220600
2022-02-15 19:00:00,542.6,20220600,553.0,20220300,542.6,20220600
2022-02-15 20:00:00,542.6,20220600,553.0,20220300,542.6,20220600
2022-02-15 21:00:00,542.6,20220600,553.0,20220300,542.6,20220600
2022-02-15 23:00:00,550.5,20220600,553.0,20220300,550.5,20220600
2022-02-16 08:00:00,550.5,20220600,556.6,20220300,550.5,20220600
2022-02-16 09:00:00,550.5,20220600,556.6,20220300,550.5,20220600
2022-02-16 10:00:00,550.5,20220600,556.6,20220300,550.5,20220600
2022-02-16 11:00:00,550.5,20220600,556.6,20220300,550.5,20220600
2022-02-16 12:00:00,550.5,20220600,554.3,20220300,550.5,20220600
2022-02-16 13:00:00,550.5,20220600,554.3,20220300,550.5,20220600
2022-02-16 14:00:00,550.5,20220600,553.8,20220300,550.5,20220600
2022-02-16 15:00:00,550.5,20220600,552.4,20220300,550.5,20220600
2022-02-16 16:00:00,550.5,20220600,554.7,20220300,550.5,20220600
2022-02-16 17:00:00,550.5,20220600,554.7,20220300,550.5,20220600
2022-02-16 18:00:00,550.5,20220600,554.7,20220300,550.5,20220600
2022-02-16 19:00:00,550.5,20220600,554.7,20220300,550.5,20220600
2022-02-16 20:00:00,550.5,20220600,554.7,20220300,550.5,20220600
2022-02-16 21:00:00,550.5,20220600,554.7,20220300,550.5,20220600
2022-02-16 23:00:00,551.1,20220600,554.7,20220300,551.1,20220600
2022-02-17 11:00:00,551.1,20220600,553.2,20220300,551.1,20220600
2022-02-17 12:00:00,551.1,20220600,553.2,20220300,551.1,20220600
2022-02-17 13:00:00,551.1,20220600,554.4,20220300,551.1,20220600
2022-02-17 14:00:00,551.1,20220600,548.7,20220300,551.1,20220600
2022-02-17 15:00:00,551.1,20220600,548.1,20220300,551.1,20220600
2022-02-17 16:00:00,551.1,20220600,548.6,20220300,551.1,20220600
2022-02-17 17:00:00,551.1,20220600,548.6,20220300,551.1,20220600
2022-02-17 18:00:00,551.1,20220600,548.6,20220300,551.1,20220600
2022-02-17 19:00:00,551.1,20220600,548.6,20220300,551.1,20220600
2022-02-17 20:00:00,551.1,20220600,548.6,20220300,551.1,20220600
2022-02-17 21:00:00,551.1,20220600,548.6,20220300,551.1,20220600
2022-02-17 23:00:00,543.1,20220600,548.6,20220300,543.1,20220600
2022-02-18 09:00:00,543.1,20220600,549.5,20220300,543.1,20220600
2022-02-18 10:00:00,543.1,20220600,549.2,20220300,543.1,20220600
2022-02-18 11:00:00,543.1,20220600,549.1,20220300,543.1,20220600
2022-02-18 12:00:00,543.1,20220600,549.1,20220300,543.1,20220600
2022-02-18 13:00:00,543.1,20220600,549.1,20220300,543.1,20220600
2022-02-18 14:00:00,543.1,20220600,547.3,20220300,543.1,20220600
2022-02-18 15:00:00,543.1,20220600,547.3,20220300,543.1,20220600
2022-02-18 16:00:00,543.1,20220600,544.2,20220300,543.1,20220600
2022-02-18 17:00:00,543.1,20220600,544.2,20220300,543.1,20220600
2022-02-18 18:00:00,543.1,20220600,544.2,20220300,543.1,20220600
2022-02-18 19:00:00,543.1,20220600,544.2,20220300,543.1,20220600
2022-02-18 20:00:00,543.1,20220600,544.2,20220300,543.1,20220600
2022-02-18 21:00:00,543.1,20220600,544.2,20220300,543.1,20220600
2022-02-18 23:00:00,538.5,20220600,544.2,20220300,538.5,20220600
2022-02-21 08:00:00,538.5,20220600,545.3,20220300,538.5,20220600
2022-02-21 09:00:00,538.5,20220600,545.3,20220300,538.5,20220600
2022-02-21 10:00:00,538.5,20220600,545.3,20220300,538.5,20220600
2022-02-21 11:00:00,538.5,20220600,545.3,20220300,538.5,20220600
2022-02-21 12:00:00,538.5,20220600,538.2,20220300,538.5,20220600
2022-02-21 13:00:00,538.5,20220600,536.6,20220300,538.5,20220600
2022-02-21 14:00:00,538.5,20220600,536.6,20220300,538.5,20220600
2022-02-21 15:00:00,538.5,20220600,537.3,20220300,538.5,20220600
2022-02-21 16:00:00,538.5,20220600,537.6,20220300,538.5,20220600
2022-02-21 17:00:00,538.5,20220600,537.6,20220300,538.5,20220600
2022-02-21 18:00:00,538.5,20220600,537.6,20220300,538.5,20220600
2022-02-21 19:00:00,538.5,20220600,537.6,20220300,538.5,20220600
2022-02-21 20:00:00,538.5,20220600,537.6,20220300,538.5,20220600
2022-02-21 21:00:00,538.5,20220600,537.6,20220300,538.5,20220600
2022-02-21 23:00:00,530.5,20220600,537.6,20220300,530.5,20220600
2022-02-22 08:00:00,530.5,20220600,533.3,20220300,530.5,20220600
2022-02-22 09:00:00,530.5,20220600,533.3,20220300,530.5,20220600
2022-02-22 10:00:00,530.5,20220600,537.5,20220300,530.5,20220600
2022-02-22 11:00:00,530.5,20220600,537.7,20220300,530.5,20220600
2022-02-22 12:00:00,530.5,20220600,537.7,20220300,530.5,20220600
2022-02-22 13:00:00,530.5,20220600,535.9,20220300,530.5,20220600
2022-02-22 14:00:00,530.5,20220600,535.9,20220300,530.5,20220600
2022-02-22 15:00:00,530.5,20220600,535.9,20220300,530.5,20220600
2022-02-22 16:00:00,530.5,20220600,537.0,20220300,530.5,20220600
2022-02-22 17:00:00,530.5,20220600,537.0,20220300,530.5,20220600
2022-02-22 18:00:00,530.5,20220600,537.0,20220300,530.5,20220600
2022-02-22 19:00:00,530.5,20220600,537.0,20220300,530.5,20220600
2022-02-22 20:00:00,530.5,20220600,537.0,20220300,530.5,20220600
2022-02-22 21:00:00,530.5,20220600,537.0,20220300,530.5,20220600
2022-02-22 23:00:00,530.6,20220600,537.0,20220300,530.6,20220600
2022-02-23 08:00:00,530.6,20220600,539.3,20220300,530.6,20220600
2022-02-23 09:00:00,530.6,20220600,539.3,20220300,530.6,20220600
2022-02-23 10:00:00,530.6,20220600,538.9,20220300,530.6,20220600
2022-02-23 11:00:00,530.6,20220600,538.9,20220300,530.6,20220600
2022-02-23 12:00:00,530.6,20220600,538.9,20220300,530.6,20220600
2022-02-23 13:00:00,530.6,20220600,539.8,20220300,530.6,20220600
2022-02-23 14:00:00,530.6,20220600,539.8,20220300,530.6,20220600
2022-02-23 15:00:00,530.6,20220600,535.1,20220300,530.6,20220600
2022-02-23 16:00:00,530.6,20220600,533.9,20220300,530.6,20220600
2022-02-23 17:00:00,530.6,20220600,533.9,20220300,530.6,20220600
2022-02-23 18:00:00,530.6,20220600,533.9,20220300,530.6,20220600
2022-02-23 19:00:00,530.6,20220600,533.9,20220300,530.6,20220600
2022-02-23 20:00:00,530.6,20220600,533.9,20220300,530.6,20220600
2022-02-23 21:00:00,530.6,20220600,533.9,20220300,530.6,20220600
2022-02-23 23:00:00,527.1,20220600,533.9,20220300,527.1,20220600
2022-02-24 07:00:00,527.1,20220600,501.5,20220300,527.1,20220600
2022-02-24 08:00:00,527.1,20220600,519.0,20220300,527.1,20220600
2022-02-24 09:00:00,527.1,20220600,518.7,20220300,527.1,20220600
2022-02-24 10:00:00,527.1,20220600,513.5,20220300,527.1,20220600
2022-02-24 11:00:00,527.1,20220600,510.5,20220300,527.1,20220600
2022-02-24 12:00:00,527.1,20220600,511.2,20220300,527.1,20220600
2022-02-24 13:00:00,527.1,20220600,508.5,20220300,527.1,20220600
2022-02-24 14:00:00,527.1,20220600,508.5,20220300,527.1,20220600
2022-02-24 15:00:00,527.1,20220600,513.8,20220300,527.1,20220600
2022-02-24 16:00:00,527.1,20220600,514.6,20220300,527.1,20220600
2022-02-24 17:00:00,527.1,20220600,514.6,20220300,527.1,20220600
2022-02-24 18:00:00,527.1,20220600,514.6,20220300,527.1,20220600
2022-02-24 19:00:00,527.1,20220600,514.6,20220300,527.1,20220600
2022-02-24 20:00:00,527.1,20220600,514.6,20220300,527.1,20220600
2022-02-24 21:00:00,527.1,20220600,514.6,20220300,527.1,20220600
2022-02-24 23:00:00,507.6,20220600,514.6,20220300,507.6,20220600
2022-02-25 08:00:00,507.6,20220600,520.9,20220300,507.6,20220600
2022-02-25 09:00:00,507.6,20220600,518.7,20220300,507.6,20220600
2022-02-25 10:00:00,507.6,20220600,523.6,20220300,507.6,20220600
2022-02-25 11:00:00,507.6,20220600,523.6,20220300,507.6,20220600
2022-02-25 12:00:00,507.6,20220600,523.6,20220300,507.6,20220600
2022-02-25 13:00:00,507.6,20220600,529.2,20220300,507.6,20220600
2022-02-25 14:00:00,507.6,20220600,528.9,20220300,507.6,20220600
2022-02-25 15:00:00,507.6,20220600,529.8,20220300,507.6,20220600
2022-02-25 16:00:00,507.6,20220600,530.7,20220300,507.6,20220600
2022-02-25 17:00:00,507.6,20220600,530.7,20220300,507.6,20220600
2022-02-25 18:00:00,507.6,20220600,530.7,20220300,507.6,20220600
2022-02-25 19:00:00,507.6,20220600,530.7,20220300,507.6,20220600
2022-02-25 20:00:00,507.6,20220600,530.7,20220300,507.6,20220600
2022-02-25 21:00:00,507.6,20220600,530.7,20220300,507.6,20220600
2022-02-25 23:00:00,523.5,20220600,530.7,20220300,523.5,20220600
2022-02-28 08:00:00,523.5,20220600,523.1,20220300,523.5,20220600
2022-02-28 09:00:00,523.5,20220600,523.7,20220300,523.5,20220600
2022-02-28 10:00:00,523.5,20220600,524.0,20220300,523.5,20220600
2022-02-28 11:00:00,523.5,20220600,525.0,20220300,523.5,20220600
2022-02-28 12:00:00,523.5,20220600,525.0,20220300,523.5,20220600
2022-02-28 13:00:00,523.5,20220600,525.0,20220300,523.5,20220600
2022-02-28 14:00:00,523.5,20220600,524.8,20220300,523.5,20220600
2022-02-28 15:00:00,523.5,20220600,530.2,20220300,523.5,20220600
2022-02-28 16:00:00,523.5,20220600,531.8,20220300,523.5,20220600
2022-02-28 17:00:00,523.5,20220600,531.8,20220300,523.5,20220600
2022-02-28 18:00:00,523.5,20220600,531.8,20220300,523.5,20220600
2022-02-28 19:00:00,523.5,20220600,531.8,20220300,523.5,20220600
2022-02-28 20:00:00,523.5,20220600,531.8,20220300,523.5,20220600
2022-02-28 21:00:00,523.5,20220600,531.8,20220300,523.5,20220600
2022-02-28 23:00:00,523.9,20220600,531.8,20220300,523.9,20220600
2022-03-01 08:00:00,523.9,20220600,531.5,20220300,523.9,20220600
2022-03-01 09:00:00,523.9,20220600,531.5,20220300,523.9,20220600
2022-03-01 10:00:00,523.9,20220600,523.5,20220300,523.9,20220600
2022-03-01 11:00:00,523.9,20220600,523.5,20220300,523.9,20220600
2022-03-01 12:00:00,523.9,20220600,523.5,20220300,523.9,20220600
2022-03-01 13:00:00,523.9,20220600,523.5,20220300,523.9,20220600
2022-03-01 14:00:00,523.9,20220600,523.5,20220300,523.9,20220600
2022-03-01 15:00:00,523.9,20220600,523.5,20220300,523.9,20220600
2022-03-01 16:00:00,523.9,20220600,516.4,20220300,523.9,20220600
2022-03-01 17:00:00,523.9,20220600,516.4,20220300,523.9,20220600
2022-03-01 18:00:00,523.9,20220600,516.4,20220300,523.9,20220600
2022-03-01 19:00:00,523.9,20220600,516.4,20220300,523.9,20220600
2022-03-01 20:00:00,523.9,20220600,516.4,20220300,523.9,20220600
2022-03-01 21:00:00,523.9,20220600,516.4,20220300,523.9,20220600
2022-03-01 23:00:00,509.1,20220600,516.4,20220300,509.1,20220600
2022-03-02 08:00:00,509.1,20220600,513.4,20220300,509.1,20220600
2022-03-02 09:00:00,509.1,20220600,513.4,20220300,509.1,20220600
2022-03-02 10:00:00,509.1,20220600,515.4,20220300,509.1,20220600
2022-03-02 11:00:00,509.1,20220600,515.4,20220300,509.1,20220600
2022-03-02 12:00:00,509.1,20220600,515.8,20220300,509.1,20220600
2022-03-02 13:00:00,509.1,20220600,515.8,20220300,509.1,20220600
2022-03-02 14:00:00,509.1,20220600,515.8,20220300,509.1,20220600
2022-03-02 15:00:00,509.1,20220600,516.4,20220300,509.1,20220600
2022-03-02 16:00:00,509.1,20220600,520.8,20220300,509.1,20220600
2022-03-02 17:00:00,509.1,20220600,520.8,20220300,509.1,20220600
2022-03-02 18:00:00,509.1,20220600,520.8,20220300,509.1,20220600
2022-03-02 19:00:00,509.1,20220600,520.8,20220300,509.1,20220600
2022-03-02 20:00:00,509.1,20220600,520.8,20220300,509.1,20220600
2022-03-02 21:00:00,509.1,20220600,520.8,20220300,509.1,20220600
2022-03-02 23:00:00,512.9,20220600,520.8,20220300,512.9,20220600
2022-03-03 15:00:00,512.9,20220600,509.1,20220300,512.9,20220600
2022-03-03 16:00:00,512.9,20220600,507.6,20220300,512.9,20220600
2022-03-03 17:00:00,512.9,20220600,507.6,20220300,512.9,20220600
2022-03-03 18:00:00,512.9,20220600,507.6,20220300,512.9,20220600
2022-03-03 19:00:00,512.9,20220600,507.6,20220300,512.9,20220600
2022-03-03 20:00:00,512.9,20220600,507.6,20220300,512.9,20220600
2022-03-03 21:00:00,512.9,20220600,507.6,20220300,512.9,20220600
2022-03-03 23:00:00,500.1,20220600,507.6,20220300,500.1,20220600
2022-03-04 09:00:00,500.1,20220600,493.2,20220300,500.1,20220600
2022-03-04 10:00:00,500.1,20220600,492.1,20220300,500.1,20220600
2022-03-04 11:00:00,500.1,20220600,492.1,20220300,500.1,20220600
2022-03-04 12:00:00,500.1,20220600,492.1,20220300,500.1,20220600
2022-03-04 13:00:00,500.1,20220600,492.5,20220300,500.1,20220600
2022-03-04 14:00:00,500.1,20220600,491.2,20220300,500.1,20220600
2022-03-04 15:00:00,500.1,20220600,491.5,20220300,500.1,20220600
2022-03-04 16:00:00,500.1,20220600,489.9,20220300,500.1,20220600
2022-03-04 17:00:00,500.1,20220600,489.9,20220300,500.1,20220600
2022-03-04 18:00:00,500.1,20220600,489.9,20220300,500.1,20220600
2022-03-04 19:00:00,500.1,20220600,489.9,20220300,500.1,20220600
2022-03-04 20:00:00,500.1,20220600,489.9,20220300,500.1,20220600
2022-03-04 21:00:00,500.1,20220600,489.9,20220300,500.1,20220600
2022-03-04 23:00:00,481.7,20220600,489.9,20220300,481.7,20220600
2022-03-07 08:00:00,481.7,20220600,468.8,20220300,481.7,20220600
2022-03-07 09:00:00,481.7,20220600,471.5,20220300,481.7,20220600
2022-03-07 10:00:00,481.7,20220600,473.7,20220300,481.7,20220600
2022-03-07 11:00:00,481.7,20220600,473.7,20220300,481.7,20220600
2022-03-07 12:00:00,481.7,20220600,473.7,20220300,481.7,20220600
2022-03-07 13:00:00,481.7,20220600,473.7,20220300,481.7,20220600
2022-03-07 14:00:00,481.7,20220600,487.1,20220300,481.7,20220600
2022-03-07 15:00:00,481.7,20220600,484.8,20220300,481.7,20220600
2022-03-07 16:00:00,481.7,20220600,481.1,20220300,481.7,20220600
2022-03-07 17:00:00,481.7,20220600,481.1,20220300,481.7,20220600
2022-03-07 18:00:00,481.7,20220600,481.1,20220300,481.7,20220600
2022-03-07 19:00:00,481.7,20220600,481.1,20220300,481.7,20220600
2022-03-07 20:00:00,481.7,20220600,481.1,20220300,481.7,20220600
2022-03-07 21:00:00,481.7,20220600,481.1,20220300,481.7,20220600
2022-03-08 08:00:00,481.7,20220600,487.3,20220300,481.7,20220600
2022-03-08 09:00:00,481.7,20220600,487.3,20220300,481.7,20220600
2022-03-08 10:00:00,481.7,20220600,483.8,20220300,481.7,20220600
2022-03-08 11:00:00,481.7,20220600,483.8,20220300,481.7,20220600
2022-03-08 12:00:00,481.7,20220600,483.8,20220300,481.7,20220600
2022-03-08 13:00:00,481.7,20220600,480.1,20220300,481.7,20220600
2022-03-08 14:00:00,481.7,20220600,483.0,20220300,481.7,20220600
2022-03-08 15:00:00,481.7,20220600,480.0,20220300,481.7,20220600
2022-03-08 16:00:00,481.7,20220600,479.3,20220300,481.7,20220600
2022-03-08 17:00:00,481.7,20220600,479.3,20220300,481.7,20220600
2022-03-08 18:00:00,481.7,20220600,479.3,20220300,481.7,20220600
2022-03-08 19:00:00,481.7,20220600,479.3,20220300,481.7,20220600
2022-03-08 20:00:00,481.7,20220600,479.3,20220300,481.7,20220600
2022-03-08 21:00:00,481.7,20220600,479.3,20220300,481.7,20220600
2022-03-09 08:00:00,481.7,20220600,493.9,20220300,481.7,20220600
2022-03-09 09:00:00,481.7,20220600,497.4,20220300,481.7,20220600
2022-03-09 10:00:00,481.7,20220600,498.8,20220300,481.7,20220600
2022-03-09 11:00:00,481.7,20220600,497.0,20220300,481.7,20220600
2022-03-09 12:00:00,481.7,20220600,495.5,20220300,481.7,20220600
2022-03-09 13:00:00,481.7,20220600,495.5,20220300,481.7,20220600
2022-03-09 14:00:00,481.7,20220600,499.2,20220300,481.7,20220600
2022-03-09 15:00:00,481.7,20220600,498.7,20220300,481.7,20220600
2022-03-09 16:00:00,481.7,20220600,503.1,20220300,481.7,20220600
2022-03-09 17:00:00,481.7,20220600,503.1,20220300,481.7,20220600
2022-03-09 18:00:00,481.7,20220600,503.1,20220300,481.7,20220600
2022-03-09 19:00:00,481.7,20220600,503.1,20220300,481.7,20220600
2022-03-09 20:00:00,481.7,20220600,503.1,20220300,481.7,20220600
2022-03-09 21:00:00,481.7,20220600,503.1,20220300,481.7,20220600
2022-03-10 08:00:00,481.7,20220600,499.3,20220300,481.7,20220600
2022-03-10 09:00:00,481.7,20220600,499.8,20220300,481.7,20220600
2022-03-10 10:00:00,481.7,20220600,498.7,20220300,481.7,20220600
2022-03-10 11:00:00,481.7,20220600,496.6,20220300,481.7,20220600
2022-03-10 12:00:00,481.7,20220600,496.6,20220300,481.7,20220600
2022-03-10 13:00:00,481.7,20220600,496.6,20220300,481.7,20220600
2022-03-10 14:00:00,481.7,20220600,496.6,20220300,481.7,20220600
2022-03-10 15:00:00,481.7,20220600,497.6,20220300,481.7,20220600
2022-03-10 16:00:00,481.7,20220600,497.6,20220300,481.7,20220600
2022-03-10 17:00:00,481.7,20220600,497.6,20220300,481.7,20220600
2022-03-10 18:00:00,481.7,20220600,497.6,20220300,481.7,20220600
2022-03-10 19:00:00,481.7,20220600,497.6,20220300,481.7,20220600
2022-03-10 20:00:00,481.7,20220600,497.6,20220300,481.7,20220600
2022-03-10 21:00:00,481.7,20220600,497.6,20220300,481.7,20220600
2022-03-11 11:00:00,481.7,20220600,506.8,20220300,481.7,20220600
2022-03-11 12:00:00,481.7,20220600,506.8,20220300,481.7,20220600
2022-03-11 13:00:00,481.7,20220600,506.8,20220300,481.7,20220600
2022-03-11 14:00:00,481.7,20220600,505.5,20220300,481.7,20220600
2022-03-11 15:00:00,481.7,20220600,504.2,20220300,481.7,20220600
2022-03-11 16:00:00,481.7,20220600,504.3,20220300,481.7,20220600
2022-03-11 17:00:00,481.7,20220600,504.3,20220300,481.7,20220600
2022-03-11 18:00:00,481.7,20220600,504.3,20220300,481.7,20220600
2022-03-11 19:00:00,481.7,20220600,504.3,20220300,481.7,20220600
2022-03-11 20:00:00,481.7,20220600,504.3,20220300,481.7,20220600
2022-03-11 21:00:00,481.7,20220600,504.3,20220300,481.7,20220600
2022-03-14 08:00:00,481.7,20220600,509.7,20220300,481.7,20220600
2022-03-14 09:00:00,481.7,20220600,514.1,20220300,481.7,20220600
2022-03-14 10:00:00,481.7,20220600,514.1,20220300,481.7,20220600
2022-03-14 11:00:00,481.7,20220600,510.2,20220300,481.7,20220600
2022-03-14 12:00:00,500.6,20220600,510.2,20220300,500.6,20220600
2022-03-14 13:00:00,500.6,20220600,510.2,20220300,500.6,20220600
2022-03-14 14:00:00,500.6,20220600,513.3,20220300,500.6,20220600
2022-03-14 15:00:00,500.6,20220600,514.0,20220300,500.6,20220600
2022-03-14 16:00:00,500.6,20220600,513.2,20220300,500.6,20220600
2022-03-14 17:00:00,500.6,20220600,513.2,20220300,500.6,20220600
2022-03-14 18:00:00,500.6,20220600,513.2,20220300,500.6,20220600
2022-03-14 19:00:00,500.6,20220600,513.2,20220300,500.6,20220600
2022-03-14 20:00:00,500.6,20220600,513.2,20220300,500.6,20220600
2022-03-14 21:00:00,500.6,20220600,513.2,20220300,500.6,20220600
2022-03-15 08:00:00,495.2,20220600,506.3,20220300,495.2,20220600
2022-03-15 09:00:00,493.6,20220600,502.4,20220300,493.6,20220600
2022-03-15 10:00:00,493.6,20220600,504.4,20220300,493.6,20220600
2022-03-15 11:00:00,493.6,20220600,504.4,20220300,493.6,20220600
2022-03-15 12:00:00,493.6,20220600,509.6,20220300,493.6,20220600
2022-03-15 13:00:00,493.6,20220600,509.6,20220300,493.6,20220600
2022-03-15 14:00:00,493.6,20220600,511.1,20220300,493.6,20220600
2022-03-15 15:00:00,493.6,20220600,511.7,20220300,493.6,20220600
2022-03-15 16:00:00,500.5,20220600,511.7,20220300,500.5,20220600
2022-03-15 17:00:00,500.5,20220600,511.7,20220300,500.5,20220600
2022-03-15 18:00:00,500.5,20220600,511.7,20220300,500.5,20220600
2022-03-15 18:00:01,500.5,20220900,500.5,20220600,500.5,20220900
2022-03-15 19:00:00,500.5,20220900,500.5,20220600,500.5,20220900
2022-03-15 20:00:00,500.5,20220900,500.5,20220600,500.5,20220900
2022-03-15 21:00:00,500.5,20220900,500.5,20220600,500.5,20220900
2022-03-15 23:00:00,507.3,20220900,500.5,20220600,507.3,20220900
2022-03-16 16:00:00,507.3,20220900,518.1,20220600,507.3,20220900
2022-03-16 17:00:00,507.3,20220900,518.1,20220600,507.3,20220900
2022-03-16 18:00:00,507.3,20220900,518.1,20220600,507.3,20220900
2022-03-16 19:00:00,507.3,20220900,518.1,20220600,507.3,20220900
2022-03-16 20:00:00,507.3,20220900,518.1,20220600,507.3,20220900
2022-03-16 21:00:00,507.3,20220900,518.1,20220600,507.3,20220900
2022-03-16 23:00:00,526.4,20220900,518.1,20220600,526.4,20220900
2022-03-17 08:00:00,526.4,20220900,519.5,20220600,526.4,20220900
2022-03-17 09:00:00,526.4,20220900,519.5,20220600,526.4,20220900
2022-03-17 10:00:00,526.4,20220900,519.5,20220600,526.4,20220900
2022-03-17 11:00:00,526.4,20220900,519.5,20220600,526.4,20220900
2022-03-17 12:00:00,526.4,20220900,515.7,20220600,526.4,20220900
2022-03-17 13:00:00,526.4,20220900,515.7,20220600,526.4,20220900
2022-03-17 14:00:00,526.4,20220900,515.7,20220600,526.4,20220900
2022-03-17 15:00:00,526.4,20220900,515.1,20220600,526.4,20220900
2022-03-17 16:00:00,526.4,20220900,519.1,20220600,526.4,20220900
2022-03-17 17:00:00,526.4,20220900,519.1,20220600,526.4,20220900
2022-03-17 18:00:00,526.4,20220900,519.1,20220600,526.4,20220900
2022-03-17 19:00:00,526.4,20220900,519.1,20220600,526.4,20220900
2022-03-17 20:00:00,526.4,20220900,519.1,20220600,526.4,20220900
2022-03-17 21:00:00,526.4,20220900,519.1,20220600,526.4,20220900
2022-03-17 23:00:00,527.5,20220900,519.1,20220600,527.5,20220900
2022-03-18 09:00:00,527.5,20220900,517.4,20220600,527.5,20220900
2022-03-18 10:00:00,527.5,20220900,516.0,20220600,527.5,20220900
2022-03-18 11:00:00,527.5,20220900,514.1,20220600,527.5,20220900
2022-03-18 12:00:00,527.5,20220900,514.1,20220600,527.5,20220900
2022-03-18 13:00:00,527.5,20220900,514.1,20220600,527.5,20220900
2022-03-18 14:00:00,527.5,20220900,521.0,20220600,527.5,20220900
2022-03-18 15:00:00,527.5,20220900,522.3,20220600,527.5,20220900
2022-03-18 16:00:00,527.5,20220900,523.7,20220600,527.5,20220900
2022-03-18 17:00:00,527.5,20220900,523.7,20220600,527.5,20220900
2022-03-18 18:00:00,527.5,20220900,523.7,20220600,527.5,20220900
2022-03-18 19:00:00,527.5,20220900,523.7,20220600,527.5,20220900
2022-03-18 20:00:00,527.5,20220900,523.7,20220600,527.5,20220900
2022-03-18 21:00:00,527.5,20220900,523.7,20220600,527.5,20220900
2022-03-18 23:00:00,531.1,20220900,523.7,20220600,531.1,20220900
2022-03-21 08:00:00,531.1,20220900,524.0,20220600,531.1,20220900
2022-03-21 09:00:00,531.1,20220900,524.0,20220600,531.1,20220900
2022-03-21 10:00:00,531.1,20220900,524.0,20220600,531.1,20220900
2022-03-21 11:00:00,531.1,20220900,524.8,20220600,531.1,20220900
2022-03-21 12:00:00,531.1,20220900,524.8,20220600,531.1,20220900
2022-03-21 13:00:00,531.1,20220900,523.3,20220600,531.1,20220900
2022-03-21 14:00:00,531.1,20220900,523.3,20220600,531.1,20220900
2022-03-21 15:00:00,531.1,20220900,523.6,20220600,531.1,20220900
2022-03-21 16:00:00,531.1,20220900,524.9,20220600,531.1,20220900
2022-03-21 17:00:00,531.1,20220900,524.9,20220600,531.1,20220900
2022-03-21 18:00:00,531.1,20220900,524.9,20220600,531.1,20220900
2022-03-21 19:00:00,531.1,20220900,524.9,20220600,531.1,20220900
2022-03-21 20:00:00,531.1,20220900,524.9,20220600,531.1,20220900
2022-03-21 21:00:00,531.1,20220900,524.9,20220600,531.1,20220900
2022-03-21 23:00:00,523.8,20220900,524.9,20220600,523.8,20220900
2022-03-22 08:00:00,523.8,20220900,526.2,20220600,523.8,20220900
2022-03-22 09:00:00,523.8,20220900,526.2,20220600,523.8,20220900
2022-03-22 10:00:00,523.8,20220900,526.2,20220600,523.8,20220900
2022-03-22 11:00:00,523.8,20220900,526.4,20220600,523.8,20220900
2022-03-22 12:00:00,523.8,20220900,525.5,20220600,523.8,20220900
2022-03-22 13:00:00,523.8,20220900,525.5,20220600,523.8,20220900
2022-03-22 14:00:00,523.8,20220900,525.5,20220600,523.8,20220900
2022-03-22 15:00:00,523.8,20220900,527.7,20220600,523.8,20220900
2022-03-22 16:00:00,523.8,20220900,527.7,20220600,523.8,20220900
2022-03-22 17:00:00,523.8,20220900,527.7,20220600,523.8,20220900
2022-03-22 18:00:00,523.8,20220900,527.7,20220600,523.8,20220900
2022-03-22 19:00:00,523.8,20220900,527.7,20220600,523.8,20220900
2022-03-22 20:00:00,523.8,20220900,527.7,20220600,523.8,20220900
2022-03-22 21:00:00,523.8,20220900,527.7,20220600,523.8,20220900
2022-03-22 23:00:00,526.5,20220900,527.7,20220600,526.5,20220900
2022-03-23 08:00:00,526.5,20220900,529.8,20220600,526.5,20220900
2022-03-23 09:00:00,526.5,20220900,526.9,20220600,526.5,20220900
2022-03-23 10:00:00,526.5,20220900,526.3,20220600,526.5,20220900
2022-03-23 11:00:00,526.5,20220900,526.3,20220600,526.5,20220900
2022-03-23 12:00:00,526.5,20220900,526.3,20220600,526.5,20220900
2022-03-23 13:00:00,526.5,20220900,526.3,20220600,526.5,20220900
2022-03-23 14:00:00,526.5,20220900,521.8,20220600,526.5,20220900
2022-03-23 15:00:00,526.5,20220900,521.8,20220600,526.5,20220900
2022-03-23 16:00:00,526.5,20220900,521.1,20220600,526.5,20220900
2022-03-23 17:00:00,526.5,20220900,521.1,20220600,526.5,20220900
2022-03-23 18:00:00,526.5,20220900,521.1,20220600,526.5,20220900
2022-03-23 19:00:00,526.5,20220900,521.1,20220600,526.5,20220900
2022-03-23 20:00:00,526.5,20220900,521.1,20220600,526.5,20220900
2022-03-23 21:00:00,526.5,20220900,521.1,20220600,526.5,20220900
2022-03-23 23:00:00,520.2,20220900,521.1,20220600,520.2,20220900
2022-03-24 11:00:00,520.2,20220900,520.2,20220600,520.2,20220900
2022-03-24 12:00:00,520.2,20220900,520.2,20220600,520.2,20220900
2022-03-24 13:00:00,520.2,20220900,520.2,20220600,520.2,20220900
2022-03-24 14:00:00,520.2,20220900,518.6,20220600,520.2,20220900
2022-03-24 15:00:00,520.2,20220900,518.9,20220600,520.2,20220900
2022-03-24 16:00:00,520.2,20220900,518.5,20220600,520.2,20220900
2022-03-24 17:00:00,520.2,20220900,518.5,20220600,520.2,20220900
2022-03-24 18:00:00,520.2,20220900,518.5,20220600,520.2,20220900
2022-03-24 19:00:00,520.2,20220900,518.5,20220600,520.2,20220900
2022-03-24 20:00:00,520.2,20220900,518.5,20220600,520.2,20220900
2022-03-24 21:00:00,520.2,20220900,518.5,20220600,520.2,20220900
2022-03-24 23:00:00,518.8,20220900,518.5,20220600,518.8,20220900
2022-03-25 08:00:00,518.8,20220900,520.2,20220600,518.8,20220900
2022-03-25 09:00:00,518.8,20220900,520.0,20220600,518.8,20220900
2022-03-25 10:00:00,518.8,20220900,520.2,20220600,518.8,20220900
2022-03-25 11:00:00,518.8,20220900,520.2,20220600,518.8,20220900
2022-03-25 12:00:00,518.8,20220900,520.2,20220600,518.8,20220900
2022-03-25 13:00:00,518.8,20220900,520.2,20220600,518.8,20220900
2022-03-25 14:00:00,518.8,20220900,520.2,20220600,518.8,20220900
2022-03-25 15:00:00,518.8,20220900,518.3,20220600,518.8,20220900
2022-03-25 16:00:00,518.8,20220900,519.5,20220600,518.8,20220900
2022-03-25 17:00:00,518.8,20220900,519.5,20220600,518.8,20220900
2022-03-25 18:00:00,518.8,20220900,519.5,20220600,518.8,20220900
2022-03-25 19:00:00,518.8,20220900,519.5,20220600,518.8,20220900
2022-03-25 20:00:00,518.8,20220900,519.5,20220600,518.8,20220900
2022-03-25 21:00:00,518.8,20220900,519.5,20220600,518.8,20220900
2022-03-25 23:00:00,520.1,20220900,519.5,20220600,520.1,20220900
2022-03-28 08:00:00,520.1,20220900,523.1,20220600,520.1,20220900
2022-03-28 09:00:00,520.1,20220900,522.3,20220600,520.1,20220900
2022-03-28 10:00:00,520.1,20220900,522.3,20220600,520.1,20220900
2022-03-28 11:00:00,520.1,20220900,522.3,20220600,520.1,20220900
2022-03-28 12:00:00,520.1,20220900,523.1,20220600,520.1,20220900
2022-03-28 13:00:00,520.1,20220900,523.1,20220600,520.1,20220900
2022-03-28 14:00:00,520.1,20220900,523.1,20220600,520.1,20220900
2022-03-28 15:00:00,520.1,20220900,521.0,20220600,520.1,20220900
2022-03-28 16:00:00,520.1,20220900,520.6,20220600,520.1,20220900
2022-03-28 17:00:00,520.1,20220900,520.6,20220600,520.1,20220900
2022-03-28 18:00:00,520.1,20220900,520.6,20220600,520.1,20220900
2022-03-28 19:00:00,520.1,20220900,520.6,20220600,520.1,20220900
2022-03-28 20:00:00,520.1,20220900,520.6,20220600,520.1,20220900
2022-03-28 21:00:00,520.1,20220900,520.6,20220600,520.1,20220900
2022-03-28 23:00:00,520.4,20220900,520.6,20220600,520.4,20220900
2022-03-29 08:00:00,520.4,20220900,526.4,20220600,520.4,20220900
2022-03-29 09:00:00,520.4,20220900,526.7,20220600,520.4,20220900
2022-03-29 10:00:00,520.4,20220900,528.6,20220600,520.4,20220900
2022-03-29 11:00:00,520.4,20220900,528.6,20220600,520.4,20220900
2022-03-29 12:00:00,520.4,20220900,528.6,20220600,520.4,20220900
2022-03-29 13:00:00,520.4,20220900,531.6,20220600,520.4,20220900
2022-03-29 14:00:00,520.4,20220900,531.3,20220600,520.4,20220900
2022-03-29 15:00:00,520.4,20220900,530.7,20220600,520.4,20220900
2022-03-29 16:00:00,520.4,20220900,531.5,20220600,520.4,20220900
2022-03-29 17:00:00,520.4,20220900,531.5,20220600,520.4,20220900
2022-03-29 18:00:00,520.4,20220900,531.5,20220600,520.4,20220900
2022-03-29 19:00:00,520.4,20220900,531.5,20220600,520.4,20220900
2022-03-29 20:00:00,520.4,20220900,531.5,20220600,520.4,20220900
2022-03-29 21:00:00,520.4,20220900,531.5,20220600,520.4,20220900
2022-03-29 23:00:00,531.2,20220900,531.5,20220600,531.2,20220900
2022-03-30 08:00:00,531.2,20220900,527.5,20220600,531.2,20220900
2022-03-30 09:00:00,531.2,20220900,527.5,20220600,531.2,20220900
2022-03-30 10:00:00,531.2,20220900,527.5,20220600,531.2,20220900
2022-03-30 11:00:00,531.2,20220900,524.8,20220600,531.2,20220900
2022-03-30 12:00:00,531.2,20220900,524.8,20220600,531.2,20220900
2022-03-30 13:00:00,531.2,20220900,526.9,20220600,531.2,20220900
2022-03-30 14:00:00,531.2,20220900,526.9,20220600,531.2,20220900
2022-03-30 15:00:00,531.2,20220900,527.1,20220600,531.2,20220900
2022-03-30 16:00:00,531.2,20220900,528.0,20220600,531.2,20220900
2022-03-30 17:00:00,531.2,20220900,528.0,20220600,531.2,20220900
2022-03-30 18:00:00,531.2,20220900,528.0,20220600,531.2,20220900
2022-03-30 19:00:00,531.2,20220900,528.0,20220600,531.2,20220900
2022-03-30 20:00:00,531.2,20220900,528.0,20220600,531.2,20220900
2022-03-30 21:00:00,531.2,20220900,528.0,20220600,531.2,20220900
2022-03-30 23:00:00,526.3,20220900,528.0,20220600,526.3,20220900
2022-03-31 08:00:00,526.3,20220900,529.5,20220600,526.3,20220900
2022-03-31 09:00:00,526.3,20220900,529.5,20220600,526.3,20220900
2022-03-31 10:00:00,526.3,20220900,529.5,20220600,526.3,20220900
2022-03-31 11:00:00,526.3,20220900,529.5,20220600,526.3,20220900
2022-03-31 12:00:00,526.3,20220900,529.5,20220600,526.3,20220900
2022-03-31 13:00:00,526.3,20220900,529.5,20220600,526.3,20220900
2022-03-31 14:00:00,526.3,20220900,529.5,20220600,526.3,20220900
2022-03-31 15:00:00,526.3,20220900,522.5,20220600,526.3,20220900
2022-03-31 16:00:00,526.3,20220900,522.5,20220600,526.3,20220900
2022-03-31 17:00:00,526.3,20220900,522.5,20220600,526.3,20220900
2022-03-31 18:00:00,526.3,20220900,522.5,20220600,526.3,20220900
2022-03-31 19:00:00,526.3,20220900,522.5,20220600,526.3,20220900
2022-03-31 20:00:00,526.3,20220900,522.5,20220600,526.3,20220900
2022-03-31 21:00:00,526.3,20220900,522.5,20220600,526.3,20220900
2022-03-31 23:00:00,521.9,20220900,522.5,20220600,521.9,20220900
2022-04-01 09:00:00,521.9,20220900,524.2,20220600,521.9,20220900
2022-04-01 10:00:00,521.9,20220900,525.3,20220600,521.9,20220900
2022-04-01 11:00:00,521.9,20220900,525.3,20220600,521.9,20220900
2022-04-01 12:00:00,521.9,20220900,525.0,20220600,521.9,20220900
2022-04-01 13:00:00,521.9,20220900,524.9,20220600,521.9,20220900
2022-04-01 14:00:00,521.9,20220900,524.3,20220600,521.9,20220900
2022-04-01 15:00:00,521.9,20220900,525.0,20220600,521.9,20220900
2022-04-01 16:00:00,521.9,20220900,524.4,20220600,521.9,20220900
2022-04-01 17:00:00,521.9,20220900,524.4,20220600,521.9,20220900
2022-04-01 18:00:00,521.9,20220900,524.4,20220600,521.9,20220900
2022-04-01 19:00:00,521.9,20220900,524.4,20220600,521.9,20220900
2022-04-01 20:00:00,521.9,20220900,524.4,20220600,521.9,20220900
2022-04-01 21:00:00,521.9,20220900,524.4,20220600,521.9,20220900
2022-04-01 23:00:00,523.9,20220900,524.4,20220600,523.9,20220900
2022-04-04 08:00:00,523.9,20220900,524.2,20220600,523.9,20220900
2022-04-04 09:00:00,523.9,20220900,524.2,20220600,523.9,20220900
2022-04-04 10:00:00,523.9,20220900,524.2,20220600,523.9,20220900
2022-04-04 11:00:00,523.9,20220900,524.2,20220600,523.9,20220900
2022-04-04 12:00:00,523.9,20220900,527.8,20220600,523.9,20220900
2022-04-04 13:00:00,523.9,20220900,527.6,20220600,523.9,20220900
2022-04-04 14:00:00,523.9,20220900,527.6,20220600,523.9,20220900
2022-04-04 15:00:00,523.9,20220900,527.6,20220600,523.9,20220900
2022-04-04 16:00:00,523.9,20220900,529.9,20220600,523.9,20220900
2022-04-04 17:00:00,523.9,20220900,529.9,20220600,523.9,20220900
2022-04-04 18:00:00,523.9,20220900,529.9,20220600,523.9,20220900
2022-04-04 19:00:00,523.9,20220900,529.9,20220600,523.9,20220900
2022-04-04 20:00:00,523.9,20220900,529.9,20220600,523.9,20220900
2022-04-04 21:00:00,523.9,20220900,529.9,20220600,523.9,20220900
2022-04-04 23:00:00,529.5,20220900,529.9,20220600,529.5,20220900
2022-04-05 08:00:00,529.5,20220900,528.7,20220600,529.5,20220900
2022-04-05 09:00:00,529.5,20220900,531.3,20220600,529.5,20220900
2022-04-05 10:00:00,529.5,20220900,531.1,20220600,529.5,20220900
2022-04-05 11:00:00,529.5,20220900,529.9,20220600,529.5,20220900
2022-04-05 12:00:00,529.5,20220900,531.0,20220600,529.5,20220900
2022-04-05 13:00:00,529.5,20220900,530.2,20220600,529.5,20220900
2022-04-05 14:00:00,529.5,20220900,530.7,20220600,529.5,20220900
2022-04-05 15:00:00,529.5,20220900,529.1,20220600,529.5,20220900
2022-04-05 16:00:00,529.5,20220900,530.0,20220600,529.5,20220900
2022-04-05 17:00:00,529.5,20220900,530.0,20220600,529.5,20220900
2022-04-05 18:00:00,529.5,20220900,530.0,20220600,529.5,20220900
2022-04-05 19:00:00,529.5,20220900,530.0,20220600,529.5,20220900
2022-04-05 20:00:00,529.5,20220900,530.0,20220600,529.5,20220900
2022-04-05 21:00:00,529.5,20220900,530.0,20220600,529.5,20220900
2022-04-05 23:00:00,529.2,20220900,530.0,20220600,529.2,20220900
2022-04-06 08:00:00,529.2,20220900,529.9,20220600,529.2,20220900
2022-04-06 09:00:00,529.2,20220900,529.9,20220600,529.2,20220900
2022-04-06 10:00:00,529.2,20220900,523.4,20220600,529.2,20220900
2022-04-06 11:00:00,529.2,20220900,523.4,20220600,529.2,20220900
2022-04-06 12:00:00,529.2,20220900,523.4,20220600,529.2,20220900
2022-04-06 13:00:00,529.2,20220900,523.4,20220600,529.2,20220900
2022-04-06 14:00:00,529.2,20220900,516.9,20220600,529.2,20220900
2022-04-06 15:00:00,529.2,20220900,518.8,20220600,529.2,20220900
2022-04-06 16:00:00,529.2,20220900,519.3,20220600,529.2,20220900
2022-04-06 17:00:00,529.2,20220900,519.3,20220600,529.2,20220900
2022-04-06 18:00:00,529.2,20220900,519.3,20220600,529.2,20220900
2022-04-06 19:00:00,529.2,20220900,519.3,20220600,529.2,20220900
2022-04-06 20:00:00,529.2,20220900,519.3,20220600,529.2,20220900
2022-04-06 21:00:00,529.2,20220900,519.3,20220600,529.2,20220900
2022-04-06 23:00:00,519.1,20220900,519.3,20220600,519.1,20220900
2022-04-07 08:00:00,519.1,20220900,521.1,20220600,519.1,20220900
2022-04-07 09:00:00,519.1,20220900,521.5,20220600,519.1,20220900
2022-04-07 10:00:00,519.1,20220900,521.5,20220600,519.1,20220900
2022-04-07 11:00:00,519.1,20220900,521.5,20220600,519.1,20220900
2022-04-07 12:00:00,519.1,20220900,523.7,20220600,519.1,20220900
2022-04-07 13:00:00,519.1,20220900,521.0,20220600,519.1,20220900
2022-04-07 14:00:00,519.1,20220900,521.0,20220600,519.1,20220900
2022-04-07 15:00:00,519.1,20220900,521.0,20220600,519.1,20220900
2022-04-07 16:00:00,519.1,20220900,518.1,20220600,519.1,20220900
2022-04-07 17:00:00,519.1,20220900,518.1,20220600,519.1,20220900
2022-04-07 18:00:00,519.1,20220900,518.1,20220600,519.1,20220900
2022-04-07 19:00:00,519.1,20220900,518.1,20220600,519.1,20220900
2022-04-07 20:00:00,519.1,20220900,518.1,20220600,519.1,20220900
2022-04-07 21:00:00,519.1,20220900,518.1,20220600,519.1,20220900
2022-04-07 23:00:00,517.9,20220900,518.1,20220600,517.9,20220900
2022-04-08 08:00:00,517.9,20220900,524.5,20220600,517.9,20220900
2022-04-08 09:00:00,517.9,20220900,524.5,20220600,517.9,20220900
2022-04-08 10:00:00,517.9,20220900,522.9,20220600,517.9,20220900
2022-04-08 11:00:00,517.9,20220900,522.9,20220600,517.9,20220900
2022-04-08 12:00:00,517.9,20220900,522.9,20220600,517.9,20220900
2022-04-08 13:00:00,517.9,20220900,522.9,20220600,517.9,20220900
2022-04-08 14:00:00,517.9,20220900,521.7,20220600,517.9,20220900
2022-04-08 15:00:00,517.9,20220900,521.7,20220600,517.9,20220900
2022-04-08 16:00:00,517.9,20220900,521.7,20220600,517.9,20220900
2022-04-08 17:00:00,517.9,20220900,521.7,20220600,517.9,20220900
2022-04-08 18:00:00,517.9,20220900,521.7,20220600,517.9,20220900
2022-04-08 19:00:00,517.9,20220900,521.7,20220600,517.9,20220900
2022-04-08 20:00:00,517.9,20220900,521.7,20220600,517.9,20220900
2022-04-08 21:00:00,517.9,20220900,521.7,20220600,517.9,20220900
2022-04-08 23:00:00,523.2,20220900,521.7,20220600,523.2,20220900
2022-04-11 16:00:00,523.2,20220900,520.0,20220600,523.2,20220900
2022-04-11 17:00:00,523.2,20220900,520.0,20220600,523.2,20220900
2022-04-11 18:00:00,523.2,20220900,520.0,20220600,523.2,20220900
2022-04-11 19:00:00,523.2,20220900,520.0,20220600,523.2,20220900
2022-04-11 20:00:00,523.2,20220900,520.0,20220600,523.2,20220900
2022-04-11 21:00:00,523.2,20220900,520.0,20220600,523.2,20220900
2022-04-11 23:00:00,519.2,20220900,520.0,20220600,519.2,20220900
2022-04-12 08:00:00,519.2,20220900,513.9,20220600,519.2,20220900
2022-04-12 09:00:00,519.2,20220900,515.8,20220600,519.2,20220900
2022-04-12 10:00:00,519.2,20220900,518.1,20220600,519.2,20220900
2022-04-12 11:00:00,519.2,20220900,518.1,20220600,519.2,20220900
2022-04-12 12:00:00,519.2,20220900,517.3,20220600,519.2,20220900
2022-04-12 13:00:00,519.2,20220900,518.3,20220600,519.2,20220900
2022-04-12 14:00:00,519.2,20220900,518.3,20220600,519.2,20220900
2022-04-12 15:00:00,519.2,20220900,518.3,20220600,519.2,20220900
2022-04-12 16:00:00,519.2,20220900,520.5,20220600,519.2,20220900
2022-04-12 17:00:00,519.2,20220900,520.5,20220600,519.2,20220900
2022-04-12 18:00:00,519.2,20220900,520.5,20220600,519.2,20220900
2022-04-12 19:00:00,519.2,20220900,520.5,20220600,519.2,20220900
2022-04-12 20:00:00,519.2,20220900,520.5,20220600,519.2,20220900
2022-04-12 21:00:00,519.2,20220900,520.5,20220600,519.2,20220900
2022-04-12 23:00:00,518.9,20220900,520.5,20220600,518.9,20220900
2022-04-13 08:00:00,518.9,20220900,517.6,20220600,518.9,20220900
2022-04-13 09:00:00,518.9,20220900,517.6,20220600,518.9,20220900
2022-04-13 10:00:00,518.9,20220900,517.6,20220600,518.9,20220900
2022-04-13 11:00:00,518.9,20220900,517.6,20220600,518.9,20220900
2022-04-13 12:00:00,518.9,20220900,517.6,20220600,518.9,20220900
2022-04-13 13:00:00,518.9,20220900,515.2,20220600,518.9,20220900
2022-04-13 14:00:00,518.9,20220900,515.2,20220600,518.9,20220900
2022-04-13 15:00:00,518.9,20220900,516.9,20220600,518.9,20220900
2022-04-13 16:00:00,518.9,20220900,518.2,20220600,518.9,20220900
2022-04-13 17:00:00,518.9,20220900,518.2,20220600,518.9,20220900
2022-04-13 18:00:00,518.9,20220900,518.2,20220600,518.9,20220900
2022-04-13 19:00:00,518.9,20220900,518.2,20220600,518.9,20220900
2022-04-13 20:00:00,518.9,20220900,518.2,20220600,518.9,20220900
2022-04-13 21:00:00,518.9,20220900,518.2,20220600,518.9,20220900
2022-04-13 23:00:00,517.7,20220900,518.2,20220600,517.7,20220900
2022-04-14 09:00:00,517.7,20220900,519.8,20220600,517.7,20220900
2022-04-14 10:00:00,517.7,20220900,519.8,20220600,517.7,20220900
2022-04-14 11:00:00,517.7,20220900,519.8,20220600,517.7,20220900
2022-04-14 12:00:00,517.7,20220900,519.8,20220600,517.7,20220900
2022-04-14 13:00:00,517.7,20220900,519.8,20220600,517.7,20220900
2022-04-14 14:00:00,517.7,20220900,519.8,20220600,517.7,20220900
2022-04-14 15:00:00,517.7,20220900,519.8,20220600,517.7,20220900
2022-04-14 16:00:00,517.7,20220900,523.4,20220600,517.7,20220900
2022-04-14 17:00:00,517.7,20220900,523.4,20220600,517.7,20220900
2022-04-14 18:00:00,517.7,20220900,523.4,20220600,517.7,20220900
2022-04-14 19:00:00,517.7,20220900,523.4,20220600,517.7,20220900
2022-04-14 20:00:00,517.7,20220900,523.4,20220600,517.7,20220900
2022-04-14 21:00:00,517.7,20220900,523.4,20220600,517.7,20220900
2022-04-14 23:00:00,522.9,20220900,523.3,20220600,522.9,20220900
2022-04-19 15:00:00,522.9,20220900,520.2,20220600,522.9,20220900
2022-04-19 16:00:00,522.9,20220900,521.3,20220600,522.9,20220900
2022-04-19 17:00:00,522.9,20220900,521.3,20220600,522.9,20220900
2022-04-19 18:00:00,522.9,20220900,521.3,20220600,522.9,20220900
2022-04-19 19:00:00,522.9,20220900,521.3,20220600,522.9,20220900
2022-04-19 20:00:00,522.9,20220900,521.3,20220600,522.9,20220900
2022-04-19 21:00:00,522.9,20220900,521.3,20220600,522.9,20220900
2022-04-19 23:00:00,521.0,20220900,521.3,20220600,521.0,20220900
2022-04-20 09:00:00,521.0,20220900,522.6,20220600,521.0,20220900
2022-04-20 10:00:00,521.0,20220900,525.0,20220600,521.0,20220900
2022-04-20 11:00:00,521.0,20220900,525.0,20220600,521.0,20220900
2022-04-20 12:00:00,521.0,20220900,525.0,20220600,521.0,20220900
2022-04-20 13:00:00,521.0,20220900,525.0,20220600,521.0,20220900
2022-04-20 14:00:00,521.0,20220900,525.0,20220600,521.0,20220900
2022-04-20 15:00:00,521.0,20220900,525.0,20220600,521.0,20220900
2022-04-20 16:00:00,521.0,20220900,527.6,20220600,521.0,20220900
2022-04-20 17:00:00,521.0,20220900,527.6,20220600,521.0,20220900
2022-04-20 18:00:00,521.0,20220900,527.6,20220600,521.0,20220900
2022-04-20 19:00:00,521.0,20220900,527.6,20220600,521.0,20220900
2022-04-20 20:00:00,521.0,20220900,527.6,20220600,521.0,20220900
2022-04-20 21:00:00,521.0,20220900,527.6,20220600,521.0,20220900
2022-04-20 23:00:00,525.9,20220900,527.6,20220600,525.9,20220900
2022-04-21 10:00:00,525.9,20220900,528.6,20220600,525.9,20220900
2022-04-21 11:00:00,525.9,20220900,528.6,20220600,525.9,20220900
2022-04-21 12:00:00,525.9,20220900,528.6,20220600,525.9,20220900
2022-04-21 13:00:00,525.9,20220900,528.6,20220600,525.9,20220900
2022-04-21 14:00:00,525.9,20220900,531.4,20220600,525.9,20220900
2022-04-21 15:00:00,525.9,20220900,531.4,20220600,525.9,20220900
2022-04-21 16:00:00,525.9,20220900,529.9,20220600,525.9,20220900
2022-04-21 17:00:00,525.9,20220900,529.9,20220600,525.9,20220900
2022-04-21 18:00:00,525.9,20220900,529.9,20220600,525.9,20220900
2022-04-21 19:00:00,525.9,20220900,529.9,20220600,525.9,20220900
2022-04-21 20:00:00,525.9,20220900,529.9,20220600,525.9,20220900
2022-04-21 21:00:00,525.9,20220900,529.9,20220600,525.9,20220900
2022-04-21 23:00:00,530.0,20220900,529.9,20220600,530.0,20220900
2022-04-22 13:00:00,530.0,20220900,522.2,20220600,530.0,20220900
2022-04-22 14:00:00,530.0,20220900,519.9,20220600,530.0,20220900
2022-04-22 15:00:00,530.0,20220900,519.9,20220600,530.0,20220900
2022-04-22 16:00:00,530.0,20220900,518.8,20220600,530.0,20220900
2022-04-22 17:00:00,530.0,20220900,518.8,20220600,530.0,20220900
2022-04-22 18:00:00,530.0,20220900,518.8,20220600,530.0,20220900
2022-04-22 19:00:00,530.0,20220900,518.8,20220600,530.0,20220900
2022-04-22 20:00:00,530.0,20220900,518.8,20220600,530.0,20220900
2022-04-22 21:00:00,530.0,20220900,518.8,20220600,530.0,20220900
2022-04-22 23:00:00,518.5,20220900,518.8,20220600,518.5,20220900
2022-04-25 08:00:00,518.5,20220900,510.1,20220600,518.5,20220900
2022-04-25 09:00:00,518.5,20220900,510.1,20220600,518.5,20220900
2022-04-25 10:00:00,518.5,20220900,507.3,20220600,518.5,20220900
2022-04-25 11:00:00,518.5,20220900,507.3,20220600,518.5,20220900
2022-04-25 12:00:00,518.5,20220900,507.3,20220600,518.5,20220900
2022-04-25 13:00:00,518.5,20220900,511.3,20220600,518.5,20220900
2022-04-25 14:00:00,518.5,20220900,510.4,20220600,518.5,20220900
2022-04-25 15:00:00,518.5,20220900,509.9,20220600,518.5,20220900
2022-04-25 16:00:00,518.5,20220900,506.9,20220600,518.5,20220900
2022-04-25 17:00:00,518.5,20220900,506.9,20220600,518.5,20220900
2022-04-25 18:00:00,518.5,20220900,506.9,20220600,518.5,20220900
2022-04-25 19:00:00,518.5,20220900,506.9,20220600,518.5,20220900
2022-04-25 20:00:00,518.5,20220900,506.9,20220600,518.5,20220900
2022-04-25 21:00:00,518.5,20220900,506.9,20220600,518.5,20220900
2022-04-25 23:00:00,509.5,20220900,506.9,20220600,509.5,20220900
2022-04-26 08:00:00,509.5,20220900,512.4,20220600,509.5,20220900
2022-04-26 09:00:00,509.5,20220900,512.4,20220600,509.5,20220900
2022-04-26 10:00:00,509.5,20220900,512.4,20220600,509.5,20220900
2022-04-26 11:00:00,509.5,20220900,512.4,20220600,509.5,20220900
2022-04-26 12:00:00,509.5,20220900,512.4,20220600,509.5,20220900
2022-04-26 13:00:00,509.5,20220900,512.4,20220600,509.5,20220900
2022-04-26 14:00:00,509.5,20220900,510.2,20220600,509.5,20220900
2022-04-26 15:00:00,509.5,20220900,505.9,20220600,509.5,20220900
2022-04-26 16:00:00,509.5,20220900,503.7,20220600,509.5,20220900
2022-04-26 17:00:00,509.5,20220900,503.7,20220600,509.5,20220900
2022-04-26 18:00:00,509.5,20220900,503.7,20220600,509.5,20220900
2022-04-26 19:00:00,509.5,20220900,503.7,20220600,509.5,20220900
2022-04-26 20:00:00,509.5,20220900,503.7,20220600,509.5,20220900
2022-04-26 21:00:00,509.5,20220900,503.7,20220600,509.5,20220900
2022-04-26 23:00:00,503.3,20220900,503.7,20220600,503.3,20220900
2022-04-27 08:00:00,503.3,20220900,500.2,20220600,503.3,20220900
2022-04-27 09:00:00,503.3,20220900,503.9,20220600,503.3,20220900
2022-04-27 10:00:00,503.3,20220900,504.4,20220600,503.3,20220900
2022-04-27 11:00:00,503.3,20220900,506.4,20220600,503.3,20220900
2022-04-27 12:00:00,503.3,20220900,504.8,20220600,503.3,20220900
2022-04-27 13:00:00,503.3,20220900,504.8,20220600,503.3,20220900
2022-04-27 14:00:00,503.3,20220900,504.8,20220600,503.3,20220900
2022-04-27 15:00:00,503.3,20220900,503.5,20220600,503.3,20220900
2022-04-27 16:00:00,503.3,20220900,507.0,20220600,503.3,20220900
2022-04-27 17:00:00,503.3,20220900,507.0,20220600,503.3,20220900
2022-04-27 18:00:00,503.3,20220900,507.0,20220600,503.3,20220900
2022-04-27 19:00:00,503.3,20220900,507.0,20220600,503.3,20220900
2022-04-27 20:00:00,503.3,20220900,507.0,20220600,503.3,20220900
2022-04-27 21:00:00,503.3,20220900,507.0,20220600,503.3,20220900
2022-04-27 23:00:00,505.3,20220900,507.0,20220600,505.3,20220900
2022-04-28 10:00:00,505.3,20220900,510.3,20220600,505.3,20220900
2022-04-28 11:00:00,505.3,20220900,509.9,20220600,505.3,20220900
2022-04-28 12:00:00,505.3,20220900,511.2,20220600,505.3,20220900
2022-04-28 13:00:00,505.3,20220900,511.2,20220600,505.3,20220900
2022-04-28 14:00:00,505.3,20220900,511.2,20220600,505.3,20220900
2022-04-28 15:00:00,505.3,20220900,511.2,20220600,505.3,20220900
2022-04-28 16:00:00,505.3,20220900,509.0,20220600,505.3,20220900
2022-04-28 17:00:00,505.3,20220900,509.0,20220600,505.3,20220900
2022-04-28 18:00:00,505.3,20220900,509.0,20220600,505.3,20220900
2022-04-28 19:00:00,505.3,20220900,509.0,20220600,505.3,20220900
2022-04-28 20:00:00,505.3,20220900,509.0,20220600,505.3,20220900
2022-04-28 21:00:00,505.3,20220900,509.0,20220600,505.3,20220900
2022-04-28 23:00:00,508.9,20220900,509.0,20220600,508.9,20220900
2022-04-29 08:00:00,508.9,20220900,513.8,20220600,508.9,20220900
2022-04-29 09:00:00,508.9,20220900,514.6,20220600,508.9,20220900
2022-04-29 10:00:00,508.9,20220900,514.6,20220600,508.9,20220900
2022-04-29 11:00:00,508.9,20220900,514.6,20220600,508.9,20220900
2022-04-29 12:00:00,508.9,20220900,513.3,20220600,508.9,20220900
2022-04-29 13:00:00,508.9,20220900,513.3,20220600,508.9,20220900
2022-04-29 14:00:00,508.9,20220900,515.3,20220600,508.9,20220900
2022-04-29 15:00:00,508.9,20220900,514.1,20220600,508.9,20220900
2022-04-29 16:00:00,508.9,20220900,512.0,20220600,508.9,20220900
2022-04-29 17:00:00,508.9,20220900,512.0,20220600,508.9,20220900
2022-04-29 18:00:00,508.9,20220900,512.0,20220600,508.9,20220900
2022-04-29 19:00:00,508.9,20220900,512.0,20220600,508.9,20220900
2022-04-29 20:00:00,508.9,20220900,512.0,20220600,508.9,20220900
2022-04-29 21:00:00,508.9,20220900,512.0,20220600,508.9,20220900
2022-04-29 23:00:00,511.8,20220900,512.0,20220600,511.8,20220900
2022-05-02 09:00:00,511.8,20220900,504.3,20220600,511.8,20220900
2022-05-02 10:00:00,511.8,20220900,504.3,20220600,511.8,20220900
2022-05-02 11:00:00,511.8,20220900,508.0,20220600,511.8,20220900
2022-05-02 12:00:00,511.8,20220900,508.0,20220600,511.8,20220900
2022-05-02 13:00:00,511.8,20220900,508.0,20220600,511.8,20220900
2022-05-02 14:00:00,511.8,20220900,504.9,20220600,511.8,20220900
2022-05-02 15:00:00,511.8,20220900,504.9,20220600,511.8,20220900
2022-05-02 16:00:00,511.8,20220900,502.5,20220600,511.8,20220900
2022-05-02 17:00:00,511.8,20220900,502.5,20220600,511.8,20220900
2022-05-02 18:00:00,511.8,20220900,502.5,20220600,511.8,20220900
2022-05-02 19:00:00,511.8,20220900,502.5,20220600,511.8,20220900
2022-05-02 20:00:00,511.8,20220900,502.5,20220600,511.8,20220900
2022-05-02 21:00:00,511.8,20220900,502.5,20220600,511.8,20220900
2022-05-02 23:00:00,501.7,20220900,502.5,20220600,501.7,20220900
2022-05-03 08:00:00,501.7,20220900,509.2,20220600,501.7,20220900
2022-05-03 09:00:00,501.7,20220900,509.8,20220600,501.7,20220900
2022-05-03 10:00:00,501.7,20220900,509.8,20220600,501.7,20220900
2022-05-03 11:00:00,501.7,20220900,507.1,20220600,501.7,20220900
2022-05-03 12:00:00,501.7,20220900,507.4,20220600,501.7,20220900
2022-05-03 13:00:00,501.7,20220900,507.8,20220600,501.7,20220900
2022-05-03 14:00:00,501.7,20220900,507.8,20220600,501.7,20220900
2022-05-03 15:00:00,501.7,20220900,507.8,20220600,501.7,20220900
2022-05-03 16:00:00,501.7,20220900,509.3,20220600,501.7,20220900
2022-05-03 17:00:00,501.7,20220900,509.3,20220600,501.7,20220900
2022-05-03 18:00:00,501.7,20220900,509.3,20220600,501.7,20220900
2022-05-03 19:00:00,501.7,20220900,509.3,20220600,501.7,20220900
2022-05-03 20:00:00,501.7,20220900,509.3,20220600,501.7,20220900
2022-05-03 21:00:00,501.7,20220900,509.3,20220600,501.7,20220900
2022-05-03 23:00:00,508.4,20220900,509.3,20220600,508.4,20220900
2022-05-04 08:00:00,508.4,20220900,507.4,20220600,508.4,20220900
2022-05-04 09:00:00,508.4,20220900,507.4,20220600,508.4,20220900
2022-05-04 10:00:00,508.4,20220900,507.4,20220600,508.4,20220900
2022-05-04 11:00:00,508.4,20220900,507.4,20220600,508.4,20220900
2022-05-04 12:00:00,508.4,20220900,507.4,20220600,508.4,20220900
2022-05-04 13:00:00,508.4,20220900,507.4,20220600,508.4,20220900
2022-05-04 14:00:00,508.4,20220900,507.4,20220600,508.4,20220900
2022-05-04 15:00:00,508.4,20220900,504.5,20220600,508.4,20220900
2022-05-04 16:00:00,508.4,20220900,503.2,20220600,508.4,20220900
2022-05-04 17:00:00,508.4,20220900,503.2,20220600,508.4,20220900
2022-05-04 18:00:00,508.4,20220900,503.2,20220600,508.4,20220900
2022-05-04 19:00:00,508.4,20220900,503.2,20220600,508.4,20220900
2022-05-04 20:00:00,508.4,20220900,503.2,20220600,508.4,20220900
2022-05-04 21:00:00,508.4,20220900,503.2,20220600,508.4,20220900
2022-05-04 23:00:00,502.5,20220900,503.2,20220600,502.5,20220900
2022-05-05 09:00:00,502.5,20220900,507.4,20220600,502.5,20220900
2022-05-05 10:00:00,502.5,20220900,507.4,20220600,502.5,20220900
2022-05-05 11:00:00,502.5,20220900,507.4,20220600,502.5,20220900
2022-05-05 12:00:00,502.5,20220900,507.4,20220600,502.5,20220900
2022-05-05 13:00:00,502.5,20220900,507.4,20220600,502.5,20220900
2022-05-05 14:00:00,502.5,20220900,507.4,20220600,502.5,20220900
2022-05-05 15:00:00,502.5,20220900,497.9,20220600,502.5,20220900
2022-05-05 16:00:00,502.5,20220900,496.0,20220600,502.5,20220900
2022-05-05 17:00:00,502.5,20220900,496.0,20220600,502.5,20220900
2022-05-05 18:00:00,502.5,20220900,496.0,20220600,502.5,20220900
2022-05-05 19:00:00,502.5,20220900,496.0,20220600,502.5,20220900
2022-05-05 20:00:00,502.5,20220900,496.0,20220600,502.5,20220900
2022-05-05 21:00:00,502.5,20220900,496.0,20220600,502.5,20220900
2022-05-06 08:00:00,502.5,20220900,491.8,20220600,502.5,20220900
2022-05-06 09:00:00,502.5,20220900,491.8,20220600,502.5,20220900
2022-05-06 10:00:00,502.5,20220900,490.9,20220600,502.5,20220900
2022-05-06 11:00:00,502.5,20220900,490.9,20220600,502.5,20220900
2022-05-06 12:00:00,502.5,20220900,490.9,20220600,502.5,20220900
2022-05-06 13:00:00,502.5,20220900,490.9,20220600,502.5,20220900
2022-05-06 14:00:00,502.5,20220900,485.0,20220600,502.5,20220900
2022-05-06 15:00:00,502.5,20220900,485.8,20220600,502.5,20220900
2022-05-06 16:00:00,502.5,20220900,487.7,20220600,502.5,20220900
2022-05-06 17:00:00,502.5,20220900,487.7,20220600,502.5,20220900
2022-05-06 18:00:00,502.5,20220900,487.7,20220600,502.5,20220900
2022-05-06 19:00:00,502.5,20220900,487.7,20220600,502.5,20220900
2022-05-06 20:00:00,502.5,20220900,487.7,20220600,502.5,20220900
2022-05-06 21:00:00,502.5,20220900,487.7,20220600,502.5,20220900
2022-05-09 08:00:00,502.5,20220900,485.7,20220600,502.5,20220900
2022-05-09 09:00:00,502.5,20220900,485.7,20220600,502.5,20220900
2022-05-09 10:00:00,502.5,20220900,478.4,20220600,502.5,20220900
2022-05-09 11:00:00,502.5,20220900,477.1,20220600,502.5,20220900
2022-05-09 12:00:00,502.5,20220900,476.6,20220600,502.5,20220900
2022-05-09 13:00:00,502.5,20220900,476.6,20220600,502.5,20220900
2022-05-09 14:00:00,502.5,20220900,478.1,20220600,502.5,20220900
2022-05-09 15:00:00,502.5,20220900,474.6,20220600,502.5,20220900
2022-05-09 16:00:00,502.5,20220900,471.2,20220600,502.5,20220900
2022-05-09 17:00:00,502.5,20220900,471.2,20220600,502.5,20220900
2022-05-09 18:00:00,502.5,20220900,471.2,20220600,502.5,20220900
2022-05-09 19:00:00,502.5,20220900,471.2,20220600,502.5,20220900
2022-05-09 20:00:00,502.5,20220900,471.2,20220600,502.5,20220900
2022-05-09 21:00:00,502.5,20220900,471.2,20220600,502.5,20220900
2022-05-10 08:00:00,502.5,20220900,477.4,20220600,502.5,20220900
2022-05-10 09:00:00,502.5,20220900,478.6,20220600,502.5,20220900
2022-05-10 10:00:00,502.5,20220900,478.6,20220600,502.5,20220900
2022-05-10 11:00:00,502.5,20220900,478.9,20220600,502.5,20220900
2022-05-10 12:00:00,502.5,20220900,479.1,20220600,502.5,20220900
2022-05-10 13:00:00,502.5,20220900,480.9,20220600,502.5,20220900
2022-05-10 14:00:00,502.5,20220900,481.6,20220600,502.5,20220900
2022-05-10 15:00:00,502.5,20220900,479.6,20220600,502.5,20220900
2022-05-10 16:00:00,502.5,20220900,477.1,20220600,502.5,20220900
2022-05-10 17:00:00,502.5,20220900,477.1,20220600,502.5,20220900
2022-05-10 18:00:00,502.5,20220900,477.1,20220600,502.5,20220900
2022-05-10 19:00:00,502.5,20220900,477.1,20220600,502.5,20220900
2022-05-10 20:00:00,502.5,20220900,477.1,20220600,502.5,20220900
2022-05-10 21:00:00,502.5,20220900,477.1,20220600,502.5,20220900
2022-05-11 11:00:00,502.5,20220900,481.3,20220600,502.5,20220900
2022-05-11 12:00:00,502.5,20220900,481.3,20220600,502.5,20220900
2022-05-11 13:00:00,502.5,20220900,481.3,20220600,502.5,20220900
2022-05-11 14:00:00,502.5,20220900,482.8,20220600,502.5,20220900
2022-05-11 15:00:00,502.5,20220900,482.8,20220600,502.5,20220900
2022-05-11 16:00:00,502.5,20220900,486.5,20220600,502.5,20220900
2022-05-11 17:00:00,502.5,20220900,486.5,20220600,502.5,20220900
2022-05-11 18:00:00,502.5,20220900,486.5,20220600,502.5,20220900
2022-05-11 19:00:00,502.5,20220900,486.5,20220600,502.5,20220900
2022-05-11 20:00:00,502.5,20220900,486.5,20220600,502.5,20220900
2022-05-11 21:00:00,502.5,20220900,486.5,20220600,502.5,20220900
2022-05-12 14:00:00,502.5,20220900,476.8,20220600,502.5,20220900
2022-05-12 15:00:00,502.5,20220900,476.8,20220600,502.5,20220900
2022-05-12 16:00:00,502.5,20220900,476.8,20220600,502.5,20220900
2022-05-12 17:00:00,502.5,20220900,476.8,20220600,502.5,20220900
2022-05-12 18:00:00,502.5,20220900,476.8,20220600,502.5,20220900
2022-05-12 19:00:00,502.5,20220900,476.8,20220600,502.5,20220900
2022-05-12 20:00:00,502.5,20220900,476.8,20220600,502.5,20220900
2022-05-12 21:00:00,502.5,20220900,476.8,20220600,502.5,20220900
2022-05-13 09:00:00,502.5,20220900,488.5,20220600,502.5,20220900
2022-05-13 10:00:00,502.5,20220900,487.8,20220600,502.5,20220900
2022-05-13 11:00:00,502.5,20220900,487.8,20220600,502.5,20220900
2022-05-13 12:00:00,502.5,20220900,487.8,20220600,502.5,20220900
2022-05-13 13:00:00,502.5,20220900,487.8,20220600,502.5,20220900
2022-05-13 14:00:00,502.5,20220900,487.8,20220600,502.5,20220900
2022-05-13 15:00:00,502.5,20220900,490.6,20220600,502.5,20220900
2022-05-13 16:00:00,502.5,20220900,491.8,20220600,502.5,20220900
2022-05-13 17:00:00,502.5,20220900,491.8,20220600,502.5,20220900
2022-05-13 18:00:00,502.5,20220900,491.8,20220600,502.5,20220900
2022-05-13 19:00:00,502.5,20220900,491.8,20220600,502.5,20220900
2022-05-13 20:00:00,502.5,20220900,491.8,20220600,502.5,20220900
2022-05-13 21:00:00,502.5,20220900,491.8,20220600,502.5,20220900
2022-05-16 08:00:00,502.5,20220900,490.7,20220600,502.5,20220900
2022-05-16 09:00:00,502.5,20220900,490.7,20220600,502.5,20220900
2022-05-16 10:00:00,502.5,20220900,491.7,20220600,502.5,20220900
2022-05-16 11:00:00,502.5,20220900,491.7,20220600,502.5,20220900
2022-05-16 12:00:00,502.5,20220900,491.7,20220600,502.5,20220900
2022-05-16 13:00:00,502.5,20220900,492.6,20220600,502.5,20220900
2022-05-16 14:00:00,502.5,20220900,492.6,20220600,502.5,20220900
2022-05-16 15:00:00,502.5,20220900,492.4,20220600,502.5,20220900
2022-05-16 16:00:00,502.5,20220900,493.2,20220600,502.5,20220900
2022-05-16 17:00:00,502.5,20220900,493.2,20220600,502.5,20220900
2022-05-16 18:00:00,502.5,20220900,493.2,20220600,502.5,20220900
2022-05-16 19:00:00,502.5,20220900,493.2,20220600,502.5,20220900
2022-05-16 20:00:00,502.5,20220900,493.2,20220600,502.5,20220900
2022-05-16 21:00:00,502.5,20220900,493.2,20220600,502.5,20220900
2022-05-17 08:00:00,502.5,20220900,497.0,20220600,502.5,20220900
2022-05-17 09:00:00,502.5,20220900,502.0,20220600,502.5,20220900
2022-05-17 10:00:00,502.5,20220900,502.0,20220600,502.5,20220900
2022-05-17 11:00:00,502.5,20220900,502.7,20220600,502.5,20220900
2022-05-17 12:00:00,502.5,20220900,502.7,20220600,502.5,20220900
2022-05-17 13:00:00,502.5,20220900,502.7,20220600,502.5,20220900
2022-05-17 14:00:00,502.5,20220900,502.7,20220600,502.5,20220900
2022-05-17 15:00:00,502.5,20220900,502.7,20220600,502.5,20220900
2022-05-17 16:00:00,502.5,20220900,502.7,20220600,502.5,20220900
2022-05-17 17:00:00,502.5,20220900,502.7,20220600,502.5,20220900
2022-05-17 18:00:00,502.5,20220900,502.7,20220600,502.5,20220900
2022-05-17 19:00:00,502.5,20220900,502.7,20220600,502.5,20220900
2022-05-17 20:00:00,502.5,20220900,502.7,20220600,502.5,20220900
2022-05-17 21:00:00,502.5,20220900,502.7,20220600,502.5,20220900
2022-05-18 16:00:00,502.5,20220900,494.2,20220600,502.5,20220900
2022-05-18 17:00:00,502.5,20220900,494.2,20220600,502.5,20220900
2022-05-18 18:00:00,502.5,20220900,494.2,20220600,502.5,20220900
2022-05-18 19:00:00,502.5,20220900,494.2,20220600,502.5,20220900
2022-05-18 20:00:00,502.5,20220900,494.2,20220600,502.5,20220900
2022-05-18 21:00:00,502.5,20220900,494.2,20220600,502.5,20220900
2022-05-19 08:00:00,502.5,20220900,487.1,20220600,502.5,20220900
2022-05-19 09:00:00,502.5,20220900,487.1,20220600,502.5,20220900
2022-05-19 10:00:00,502.5,20220900,487.1,20220600,502.5,20220900
2022-05-19 11:00:00,502.5,20220900,487.1,20220600,502.5,20220900
2022-05-19 12:00:00,502.5,20220900,484.9,20220600,502.5,20220900
2022-05-19 13:00:00,502.5,20220900,484.9,20220600,502.5,20220900
2022-05-19 14:00:00,502.5,20220900,485.4,20220600,502.5,20220900
2022-05-19 15:00:00,502.5,20220900,488.1,20220600,502.5,20220900
2022-05-19 16:00:00,502.5,20220900,488.1,20220600,502.5,20220900
2022-05-19 17:00:00,502.5,20220900,488.1,20220600,502.5,20220900
2022-05-19 18:00:00,502.5,20220900,488.1,20220600,502.5,20220900
2022-05-19 19:00:00,502.5,20220900,488.1,20220600,502.5,20220900
2022-05-19 20:00:00,502.5,20220900,488.1,20220600,502.5,20220900
2022-05-19 21:00:00,502.5,20220900,488.1,20220600,502.5,20220900
2022-05-20 14:00:00,502.5,20220900,496.7,20220600,502.5,20220900
2022-05-20 15:00:00,502.5,20220900,493.9,20220600,502.5,20220900
2022-05-20 16:00:00,502.5,20220900,493.2,20220600,502.5,20220900
2022-05-20 17:00:00,502.5,20220900,493.2,20220600,502.5,20220900
2022-05-20 18:00:00,502.5,20220900,493.2,20220600,502.5,20220900
2022-05-20 19:00:00,502.5,20220900,493.2,20220600,502.5,20220900
2022-05-20 20:00:00,502.5,20220900,493.2,20220600,502.5,20220900
2022-05-20 21:00:00,502.5,20220900,493.2,20220600,502.5,20220900
2022-05-23 15:00:00,502.5,20220900,497.0,20220600,502.5,20220900
2022-05-23 16:00:00,502.5,20220900,497.0,20220600,502.5,20220900
2022-05-23 17:00:00,502.5,20220900,497.0,20220600,502.5,20220900
2022-05-23 18:00:00,502.5,20220900,497.0,20220600,502.5,20220900
2022-05-23 19:00:00,502.5,20220900,497.0,20220600,502.5,20220900
2022-05-23 20:00:00,502.5,20220900,497.0,20220600,502.5,20220900
2022-05-23 21:00:00,502.5,20220900,497.0,20220600,502.5,20220900
2022-05-24 09:00:00,502.5,20220900,495.6,20220600,502.5,20220900
2022-05-24 10:00:00,502.5,20220900,494.6,20220600,502.5,20220900
2022-05-24 11:00:00,502.5,20220900,494.6,20220600,502.5,20220900
2022-05-24 12:00:00,502.5,20220900,494.6,20220600,502.5,20220900
2022-05-24 13:00:00,502.5,20220900,494.6,20220600,502.5,20220900
2022-05-24 14:00:00,502.5,20220900,494.6,20220600,502.5,20220900
2022-05-24 15:00:00,502.5,20220900,492.0,20220600,502.5,20220900
2022-05-24 16:00:00,502.5,20220900,492.9,20220600,502.5,20220900
2022-05-24 17:00:00,502.5,20220900,492.9,20220600,502.5,20220900
2022-05-24 18:00:00,502.5,20220900,492.9,20220600,502.5,20220900
2022-05-24 19:00:00,502.5,20220900,492.9,20220600,502.5,20220900
2022-05-24 20:00:00,502.5,20220900,492.9,20220600,502.5,20220900
2022-05-24 21:00:00,502.5,20220900,492.9,20220600,502.5,20220900
2022-05-25 15:00:00,502.5,20220900,495.7,20220600,502.5,20220900
2022-05-25 16:00:00,502.5,20220900,496.1,20220600,502.5,20220900
2022-05-25 17:00:00,502.5,20220900,496.1,20220600,502.5,20220900
2022-05-25 18:00:00,502.5,20220900,496.1,20220600,502.5,20220900
2022-05-25 19:00:00,502.5,20220900,496.1,20220600,502.5,20220900
2022-05-25 20:00:00,502.5,20220900,496.1,20220600,502.5,20220900
2022-05-25 21:00:00,502.5,20220900,496.1,20220600,502.5,20220900
2022-05-25 23:00:00,502.5,20220900,496.6,20220600,502.5,20220900
2022-05-27 08:00:00,502.5,20220900,501.9,20220600,502.5,20220900
2022-05-27 09:00:00,502.5,20220900,503.6,20220600,502.5,20220900
2022-05-27 10:00:00,502.5,20220900,503.6,20220600,502.5,20220900
2022-05-27 11:00:00,502.5,20220900,504.2,20220600,502.5,20220900
2022-05-27 12:00:00,502.5,20220900,504.2,20220600,502.5,20220900
2022-05-27 13:00:00,502.5,20220900,505.0,20220600,502.5,20220900
2022-05-27 14:00:00,502.5,20220900,505.8,20220600,502.5,20220900
2022-05-27 15:00:00,502.5,20220900,505.8,20220600,502.5,20220900
2022-05-27 16:00:00,502.5,20220900,505.5,20220600,502.5,20220900
2022-05-27 17:00:00,502.5,20220900,505.5,20220600,502.5,20220900
2022-05-27 18:00:00,502.5,20220900,505.5,20220600,502.5,20220900
2022-05-27 19:00:00,502.5,20220900,505.5,20220600,502.5,20220900
2022-05-27 20:00:00,502.5,20220900,505.5,20220600,502.5,20220900
2022-05-27 21:00:00,502.5,20220900,505.5,20220600,502.5,20220900
2022-05-30 08:00:00,502.5,20220900,511.1,20220600,502.5,20220900
2022-05-30 09:00:00,502.5,20220900,511.8,20220600,502.5,20220900
2022-05-30 10:00:00,502.5,20220900,510.7,20220600,502.5,20220900
2022-05-30 11:00:00,502.5,20220900,510.7,20220600,502.5,20220900
2022-05-30 12:00:00,502.5,20220900,510.7,20220600,502.5,20220900
2022-05-30 13:00:00,502.5,20220900,509.3,20220600,502.5,20220900
2022-05-30 14:00:00,502.5,20220900,509.2,20220600,502.5,20220900
2022-05-30 15:00:00,502.5,20220900,510.3,20220600,502.5,20220900
2022-05-30 16:00:00,502.5,20220900,510.6,20220600,502.5,20220900
2022-05-30 17:00:00,502.5,20220900,510.6,20220600,502.5,20220900
2022-05-30 18:00:00,502.5,20220900,510.6,20220600,502.5,20220900
2022-05-30 19:00:00,502.5,20220900,510.6,20220600,502.5,20220900
2022-05-30 20:00:00,502.5,20220900,510.6,20220600,502.5,20220900
2022-05-30 21:00:00,502.5,20220900,510.6,20220600,502.5,20220900
2022-05-31 08:00:00,502.5,20220900,505.4,20220600,502.5,20220900
2022-05-31 09:00:00,502.5,20220900,505.4,20220600,502.5,20220900
2022-05-31 10:00:00,502.5,20220900,505.4,20220600,502.5,20220900
2022-05-31 11:00:00,502.5,20220900,505.4,20220600,502.5,20220900
2022-05-31 12:00:00,502.5,20220900,505.4,20220600,502.5,20220900
2022-05-31 13:00:00,502.5,20220900,505.4,20220600,502.5,20220900
2022-05-31 14:00:00,502.5,20220900,505.4,20220600,502.5,20220900
2022-05-31 15:00:00,502.5,20220900,505.4,20220600,502.5,20220900
2022-05-31 16:00:00,502.5,20220900,504.7,20220600,502.5,20220900
2022-05-31 17:00:00,502.5,20220900,504.7,20220600,502.5,20220900
2022-05-31 18:00:00,502.5,20220900,504.7,20220600,502.5,20220900
2022-05-31 19:00:00,502.5,20220900,504.7,20220600,502.5,20220900
2022-05-31 20:00:00,502.5,20220900,504.7,20220600,502.5,20220900
2022-05-31 21:00:00,502.5,20220900,504.7,20220600,502.5,20220900
2022-06-01 14:00:00,502.5,20220900,504.7,20220600,502.5,20220900
2022-06-01 15:00:00,502.5,20220900,502.8,20220600,502.5,20220900
2022-06-01 16:00:00,502.5,20220900,499.6,20220600,502.5,20220900
2022-06-01 17:00:00,502.5,20220900,499.6,20220600,502.5,20220900
2022-06-01 18:00:00,502.5,20220900,499.6,20220600,502.5,20220900
2022-06-01 19:00:00,502.5,20220900,499.6,20220600,502.5,20220900
2022-06-01 20:00:00,502.5,20220900,499.6,20220600,502.5,20220900
2022-06-01 21:00:00,502.5,20220900,499.6,20220600,502.5,20220900
2022-06-01 23:00:00,502.5,20220900,499.5,20220600,502.5,20220900
2022-06-03 16:00:00,502.5,20220900,501.5,20220600,502.5,20220900
2022-06-03 17:00:00,502.5,20220900,501.5,20220600,502.5,20220900
2022-06-03 18:00:00,502.5,20220900,501.5,20220600,502.5,20220900
2022-06-03 19:00:00,502.5,20220900,501.5,20220600,502.5,20220900
2022-06-03 20:00:00,502.5,20220900,501.5,20220600,502.5,20220900
2022-06-03 21:00:00,502.5,20220900,501.5,20220600,502.5,20220900
2022-06-06 15:00:00,502.5,20220900,510.7,20220600,502.5,20220900
2022-06-06 16:00:00,502.5,20220900,507.5,20220600,502.5,20220900
2022-06-06 17:00:00,502.5,20220900,507.5,20220600,502.5,20220900
2022-06-06 18:00:00,502.5,20220900,507.5,20220600,502.5,20220900
2022-06-06 19:00:00,502.5,20220900,507.5,20220600,502.5,20220900
2022-06-06 20:00:00,502.5,20220900,507.5,20220600,502.5,20220900
2022-06-06 21:00:00,502.5,20220900,507.5,20220600,502.5,20220900
2022-06-07 16:00:00,502.5,20220900,505.8,20220600,502.5,20220900
2022-06-07 17:00:00,502.5,20220900,505.8,20220600,502.5,20220900
2022-06-07 18:00:00,502.5,20220900,505.8,20220600,502.5,20220900
2022-06-07 19:00:00,502.5,20220900,505.8,20220600,502.5,20220900
2022-06-07 20:00:00,502.5,20220900,505.8,20220600,502.5,20220900
2022-06-07 21:00:00,502.5,20220900,505.8,20220600,502.5,20220900
2022-06-08 09:00:00,502.5,20220900,504.5,20220600,502.5,20220900
2022-06-08 10:00:00,502.5,20220900,503.9,20220600,502.5,20220900
2022-06-08 11:00:00,502.5,20220900,503.9,20220600,502.5,20220900
2022-06-08 12:00:00,502.5,20220900,503.9,20220600,502.5,20220900
2022-06-08 13:00:00,502.5,20220900,503.9,20220600,502.5,20220900
2022-06-08 14:00:00,502.5,20220900,503.9,20220600,502.5,20220900
2022-06-08 15:00:00,502.5,20220900,503.9,20220600,502.5,20220900
2022-06-08 16:00:00,502.5,20220900,502.7,20220600,502.5,20220900
2022-06-08 17:00:00,502.5,20220900,502.7,20220600,502.5,20220900
2022-06-08 18:00:00,502.5,20220900,502.7,20220600,502.5,20220900
2022-06-08 19:00:00,502.5,20220900,502.7,20220600,502.5,20220900
2022-06-08 20:00:00,502.5,20220900,502.7,20220600,502.5,20220900
2022-06-08 21:00:00,502.5,20220900,502.7,20220600,502.5,20220900
2022-06-09 12:00:00,502.5,20220900,499.3,20220600,502.5,20220900
2022-06-09 13:00:00,502.5,20220900,497.9,20220600,502.5,20220900
2022-06-09 14:00:00,502.5,20220900,497.9,20220600,502.5,20220900
2022-06-09 15:00:00,502.5,20220900,497.4,20220600,502.5,20220900
2022-06-09 16:00:00,502.5,20220900,496.3,20220600,502.5,20220900
2022-06-09 17:00:00,502.5,20220900,496.3,20220600,502.5,20220900
2022-06-09 18:00:00,502.5,20220900,496.3,20220600,502.5,20220900
2022-06-09 19:00:00,502.5,20220900,496.3,20220600,502.5,20220900
2022-06-09 20:00:00,502.5,20220900,496.3,20220600,502.5,20220900
2022-06-09 21:00:00,502.5,20220900,496.3,20220600,502.5,20220900
2022-06-10 09:00:00,502.5,20220900,489.2,20220600,502.5,20220900
2022-06-10 10:00:00,502.5,20220900,489.2,20220600,502.5,20220900
2022-06-10 11:00:00,502.5,20220900,489.2,20220600,502.5,20220900
2022-06-10 12:00:00,502.5,20220900,490.0,20220600,502.5,20220900
2022-06-10 13:00:00,502.5,20220900,487.2,20220600,502.5,20220900
2022-06-10 14:00:00,502.5,20220900,484.7,20220600,502.5,20220900
2022-06-10 15:00:00,502.5,20220900,483.0,20220600,502.5,20220900
2022-06-10 16:00:00,502.5,20220900,483.3,20220600,502.5,20220900
2022-06-10 17:00:00,502.5,20220900,483.3,20220600,502.5,20220900
2022-06-10 17:00:01,502.5,20220900,483.3,20220600,482.9,20220900
2022-06-10 17:00:02,502.5,20221200,482.9,20220900,482.9,20221200
2022-06-10 23:00:00,502.5,20221200,479.9,20220900,482.9,20221200
2022-06-13 16:00:00,502.5,20221200,467.7,20220900,482.9,20221200
2022-06-13 17:00:00,502.5,20221200,467.7,20220900,482.9,20221200
2022-06-13 23:00:00,502.5,20221200,467.2,20220900,482.9,20221200
2022-06-14 13:00:00,502.5,20221200,462.4,20220900,482.9,20221200
2022-06-14 14:00:00,502.5,20221200,464.0,20220900,482.9,20221200
2022-06-14 15:00:00,502.5,20221200,463.2,20220900,482.9,20221200
2022-06-14 16:00:00,502.5,20221200,460.2,20220900,482.9,20221200
2022-06-14 23:00:00,502.5,20221200,460.5,20220900,482.9,20221200
2022-06-15 14:00:00,502.5,20221200,468.5,20220900,482.9,20221200
2022-06-15 15:00:00,502.5,20221200,470.6,20220900,482.9,20221200
2022-06-15 16:00:00,502.5,20221200,470.8,20220900,482.9,20221200
2022-06-15 23:00:00,502.5,20221200,469.1,20220900,482.9,20221200
2022-06-16 08:00:00,502.5,20221200,463.0,20220900,482.9,20221200
2022-06-16 12:00:00,502.5,20221200,456.9,20220900,482.9,20221200
2022-06-16 16:00:00,502.5,20221200,457.0,20220900,482.9,20221200
2022-06-16 23:00:00,502.5,20221200,456.4,20220900,482.9,20221200
2022-06-17 12:00:00,502.5,20221200,463.2,20220900,482.9,20221200
2022-06-17 13:00:00,502.5,20221200,461.0,20220900,482.9,20221200
2022-06-17 16:00:00,502.5,20221200,467.2,20220900,482.9,20221200
2022-06-17 23:00:00,502.5,20221200,458.6,20220900,482.9,20221200
2022-06-20 08:00:00,502.5,20221200,458.4,20220900,482.9,20221200
2022-06-20 09:00:00,502.5,20221200,460.4,20220900,482.9,20221200
2022-06-20 10:00:00,502.5,20221200,458.2,20220900,482.9,20221200
2022-06-20 23:00:00,502.5,20221200,461.7,20220900,482.9,20221200
2022-06-21 09:00:00,502.5,20221200,467.2,20220900,482.9,20221200
2022-06-21 23:00:00,502.5,20221200,462.1,20220900,482.9,20221200
2022-06-22 16:00:00,502.5,20221200,457.4,20220900,482.9,20221200
2022-06-22 23:00:00,502.5,20221200,457.4,20220900,482.9,20221200
2022-06-23 08:00:00,502.5,20221200,450.3,20220900,482.9,20221200
2022-06-23 09:00:00,502.5,20221200,450.7,20220900,482.9,20221200
2022-06-23 12:00:00,502.5,20221200,454.8,20220900,482.9,20221200
2022-06-23 13:00:00,502.5,20221200,453.2,20220900,482.9,20221200
2022-06-23 15:00:00,502.5,20221200,451.3,20220900,482.9,20221200
2022-06-23 16:00:00,502.5,20221200,451.8,20220900,482.9,20221200
2022-06-23 23:00:00,502.5,20221200,451.0,20220900,482.9,20221200
2022-06-24 13:00:00,502.5,20221200,459.1,20220900,482.9,20221200
2022-06-24 16:00:00,502.5,20221200,464.4,20220900,482.9,20221200
2022-06-24 23:00:00,502.5,20221200,463.2,20220900,482.9,20221200
2022-06-27 11:00:00,502.5,20221200,464.7,20220900,482.9,20221200
2022-06-27 13:00:00,502.5,20221200,463.9,20220900,482.9,20221200
2022-06-27 15:00:00,502.5,20221200,464.4,20220900,482.9,20221200
2022-06-27 16:00:00,502.5,20221200,464.7,20220900,482.9,20221200
2022-06-27 23:00:00,502.5,20221200,465.1,20220900,482.9,20221200
2022-06-28 08:00:00,502.5,20221200,466.8,20220900,482.9,20221200
2022-06-28 09:00:00,502.5,20221200,468.3,20220900,482.9,20221200
2022-06-28 12:00:00,502.5,20221200,468.0,20220900,482.9,20221200
2022-06-28 14:00:00,502.5,20221200,469.5,20220900,482.9,20221200
2022-06-28 16:00:00,502.5,20221200,466.9,20220900,482.9,20221200
2022-06-28 23:00:00,502.5,20221200,466.8,20220900,482.9,20221200
2022-06-29 08:00:00,502.5,20221200,462.2,20220900,482.9,20221200
2022-06-29 12:00:00,502.5,20221200,457.9,20220900,482.9,20221200
2022-06-29 13:00:00,502.5,20221200,460.0,20220900,482.9,20221200
2022-06-29 15:00:00,502.5,20221200,461.1,20220900,482.9,20221200
2022-06-29 16:00:00,502.5,20221200,460.3,20220900,482.9,20221200
2022-06-29 23:00:00,502.5,20221200,460.0,20220900,482.9,20221200
2022-06-30 09:00:00,502.5,20221200,451.8,20220900,482.9,20221200
2022-06-30 10:00:00,502.5,20221200,450.5,20220900,482.9,20221200
2022-06-30 15:00:00,502.5,20221200,449.8,20220900,482.9,20221200
2022-06-30 16:00:00,502.5,20221200,452.8,20220900,482.9,20221200
2022-06-30 23:00:00,502.5,20221200,452.0,20220900,482.9,20221200
2022-07-01 10:00:00,502.5,20221200,454.6,20220900,482.9,20221200
2022-07-01 14:00:00,502.5,20221200,452.1,20220900,482.9,20221200
2022-07-01 16:00:00,502.5,20221200,453.1,20220900,482.9,20221200
2022-07-01 23:00:00,502.5,20221200,453.3,20220900,482.9,20221200
2022-07-04 09:00:00,502.5,20221200,455.6,20220900,482.9,20221200
2022-07-04 10:00:00,502.5,20221200,456.0,20220900,482.9,20221200
2022-07-04 15:00:00,502.5,20221200,455.7,20220900,482.9,20221200
2022-07-04 23:00:00,502.5,20221200,454.7,20220900,482.9,20221200
2022-07-05 15:00:00,502.5,20221200,446.0,20220900,482.9,20221200
2022-07-05 16:00:00,502.5,20221200,445.0,20220900,482.9,20221200
2022-07-05 23:00:00,502.5,20221200,445.0,20220900,482.9,20221200
2022-07-06 15:00:00,502.5,20221200,453.8,20220900,482.9,20221200
2022-07-06 16:00:00,502.5,20221200,452.4,20220900,482.9,20221200
2022-07-06 23:00:00,502.5,20221200,452.2,20220900,482.9,20221200
2022-07-07 09:00:00,502.5,20221200,457.7,20220900,482.9,20221200
2022-07-07 10:00:00,502.5,20221200,458.0,20220900,482.9,20221200
2022-07-07 11:00:00,502.5,20221200,458.7,20220900,482.9,20221200
2022-07-07 12:00:00,502.5,20221200,459.0,20220900,482.9,20221200
2022-07-07 13:00:00,502.5,20221200,459.9,20220900,482.9,20221200
2022-07-07 14:00:00,502.5,20221200,461.5,20220900,482.9,20221200
2022-07-07 16:00:00,502.5,20221200,463.0,20220900,482.9,20221200
2022-07-07 23:00:00,502.5,20221200,463.1,20220900,482.9,20221200
2022-07-08 08:00:00,502.5,20221200,461.1,20220900,482.9,20221200
2022-07-08 13:00:00,502.5,20221200,463.5,20220900,482.9,20221200
2022-07-08 14:00:00,502.5,20221200,464.9,20220900,482.9,20221200
2022-07-08 15:00:00,502.5,20221200,466.8,20220900,482.9,20221200
2022-07-08 23:00:00,502.5,20221200,467.1,20220900,482.9,20221200
2022-07-11 10:00:00,502.5,20221200,464.0,20220900,482.9,20221200
2022-07-11 14:00:00,502.5,20221200,463.4,20220900,482.9,20221200
2022-07-11 15:00:00,502.5,20221200,462.6,20220900,482.9,20221200
2022-07-11 16:00:00,502.5,20221200,462.1,20220900,482.9,20221200
2022-07-11 23:00:00,502.5,20221200,461.4,20220900,482.9,20221200
2022-07-12 08:00:00,502.5,20221200,459.4,20220900,482.9,20221200
2022-07-12 09:00:00,502.5,20221200,460.6,20220900,482.9,20221200
2022-07-12 10:00:00,502.5,20221200,460.3,20220900,482.9,20221200
2022-07-12 11:00:00,502.5,20221200,460.5,20220900,482.9,20221200
2022-07-12 12:00:00,502.5,20221200,460.7,20220900,482.9,20221200
2022-07-12 14:00:00,502.5,20221200,463.0,20220900,482.9,20221200
2022-07-12 15:00:00,502.5,20221200,463.2,20220900,482.9,20221200
2022-07-12 23:00:00,502.5,20221200,465.1,20220900,482.9,20221200
2022-07-13 08:00:00,502.5,20221200,463.6,20220900,482.9,20221200
2022-07-13 12:00:00,502.5,20221200,463.7,20220900,482.9,20221200
2022-07-13 13:00:00,502.5,20221200,459.7,20220900,482.9,20221200
2022-07-13 15:00:00,502.5,20221200,461.1,20220900,482.9,20221200
2022-07-13 16:00:00,502.5,20221200,462.1,20220900,482.9,20221200
2022-07-13 23:00:00,502.5,20221200,462.0,20220900,482.9,20221200
2022-07-14 15:00:00,502.5,20221200,452.0,20220900,482.9,20221200
2022-07-14 16:00:00,502.5,20221200,453.7,20220900,482.9,20221200
2022-07-14 23:00:00,502.5,20221200,453.3,20220900,482.9,20221200
2022-07-15 16:00:00,502.5,20221200,461.0,20220900,482.9,20221200
2022-07-15 23:00:00,502.5,20221200,459.9,20220900,482.9,20221200
2022-07-18 12:00:00,502.5,20221200,466.5,20220900,482.9,20221200
2022-07-18 15:00:00,502.5,20221200,465.3,20220900,482.9,20221200
2022-07-18 16:00:00,502.5,20221200,466.0,20220900,482.9,20221200
2022-07-18 23:00:00,502.5,20221200,465.1,20220900,482.9,20221200
2022-07-19 10:00:00,502.5,20221200,465.4,20220900,482.9,20221200
2022-07-19 11:00:00,502.5,20221200,465.4,20220900,482.9,20221200
2022-07-19 15:00:00,502.5,20221200,472.1,20220900,482.9,20221200
2022-07-19 16:00:00,502.5,20221200,473.0,20220900,482.9,20221200
2022-07-19 23:00:00,502.5,20221200,472.7,20220900,482.9,20221200
2022-07-20 13:00:00,502.5,20221200,472.5,20220900,482.9,20221200
2022-07-20 15:00:00,502.5,20221200,472.7,20220900,482.9,20221200
2022-07-20 16:00:00,502.5,20221200,472.7,20220900,482.9,20221200
2022-07-20 23:00:00,502.5,20221200,472.4,20220900,482.9,20221200
2022-07-21 09:00:00,502.5,20221200,469.6,20220900,482.9,20221200
2022-07-21 10:00:00,502.5,20221200,472.8,20220900,482.9,20221200
2022-07-21 11:00:00,502.5,20221200,474.2,20220900,482.9,20221200
2022-07-21 13:00:00,502.5,20221200,475.1,20220900,482.9,20221200
2022-07-21 14:00:00,502.5,20221200,472.3,20220900,482.9,20221200
2022-07-21 16:00:00,502.5,20221200,474.4,20220900,482.9,20221200
2022-07-21 23:00:00,502.5,20221200,473.9,20220900,482.9,20221200
2022-07-22 08:00:00,502.5,20221200,474.0,20220900,482.9,20221200
2022-07-22 15:00:00,502.5,20221200,477.6,20220900,482.9,20221200
2022-07-22 23:00:00,502.5,20221200,477.3,20220900,482.9,20221200
2022-07-25 08:00:00,502.5,20221200,473.9,20220900,482.9,20221200
2022-07-25 11:00:00,502.5,20221200,477.5,20220900,482.9,20221200
2022-07-25 12:00:00,502.5,20221200,477.5,20220900,482.9,20221200
2022-07-25 13:00:00,502.5,20221200,477.6,20220900,482.9,20221200
2022-07-25 15:00:00,502.5,20221200,476.3,20220900,482.9,20221200
2022-07-25 16:00:00,502.5,20221200,476.6,20220900,482.9,20221200
2022-07-25 23:00:00,474.4,20221200,476.6,20220900,474.4,20221200
2022-07-26 08:00:00,474.4,20221200,475.2,20220900,474.4,20221200
2022-07-26 11:00:00,474.4,20221200,475.4,20220900,474.4,20221200
2022-07-26 13:00:00,474.4,20221200,474.4,20220900,474.4,20221200
2022-07-26 14:00:00,474.4,20221200,472.7,20220900,474.4,20221200
2022-07-26 16:00:00,474.4,20221200,473.1,20220900,474.4,20221200
2022-07-26 23:00:00,470.6,20221200,472.6,20220900,470.6,20221200
2022-07-27 08:00:00,470.6,20221200,474.8,20220900,470.6,20221200
2022-07-27 09:00:00,470.6,20221200,474.2,20220900,470.6,20221200
2022-07-27 14:00:00,470.6,20221200,475.4,20220900,470.6,20221200
2022-07-27 16:00:00,470.6,20221200,475.7,20220900,470.6,20221200
2022-07-27 23:00:00,473.8,20221200,475.8,20220900,473.8,20221200
2022-07-28 11:00:00,473.8,20221200,479.0,20220900,473.8,20221200
2022-07-28 12:00:00,473.8,20221200,479.5,20220900,473.8,20221200
2022-07-28 13:00:00,473.8,20221200,480.2,20220900,473.8,20221200
2022-07-28 14:00:00,473.8,20221200,479.8,20220900,473.8,20221200
2022-07-28 16:00:00,473.8,20221200,481.9,20220900,473.8,20221200
2022-07-28 23:00:00,480.3,20221200,481.8,20220900,480.3,20221200
2022-07-29 08:00:00,480.3,20221200,486.6,20220900,480.3,20221200
2022-07-29 09:00:00,480.3,20221200,488.0,20220900,480.3,20221200
2022-07-29 10:00:00,480.3,20221200,487.5,20220900,480.3,20221200
2022-07-29 11:00:00,480.3,20221200,488.7,20220900,480.3,20221200
2022-07-29 13:00:00,480.3,20221200,488.8,20220900,480.3,20221200
2022-07-29 14:00:00,480.3,20221200,488.2,20220900,480.3,20221200
2022-07-29 15:00:00,480.3,20221200,490.5,20220900,480.3,20221200
2022-07-29 23:00:00,487.9,20221200,489.9,20220900,487.9,20221200
2022-08-01 08:00:00,487.9,20221200,489.6,20220900,487.9,20221200
2022-08-01 10:00:00,487.9,20221200,491.3,20220900,487.9,20221200
2022-08-01 13:00:00,487.9,20221200,491.1,20220900,487.9,20221200
2022-08-01 15:00:00,487.9,20221200,490.5,20220900,487.9,20221200
2022-08-01 23:00:00,487.4,20221200,489.4,20220900,487.4,20221200
2022-08-02 12:00:00,487.4,20221200,484.8,20220900,487.4,20221200
2022-08-02 16:00:00,487.4,20221200,486.3,20220900,487.4,20221200
2022-08-02 23:00:00,484.3,20221200,486.3,20220900,484.3,20221200
2022-08-03 10:00:00,484.3,20221200,487.9,20220900,484.3,20221200
2022-08-03 23:00:00,488.5,20221200,490.5,20220900,488.5,20221200
2022-08-04 08:00:00,488.5,20221200,492.9,20220900,488.5,20221200
2022-08-04 10:00:00,488.5,20221200,492.7,20220900,488.5,20221200
2022-08-04 11:00:00,488.5,20221200,494.4,20220900,488.5,20221200
2022-08-04 12:00:00,488.5,20221200,493.7,20220900,488.5,20221200
2022-08-04 14:00:00,488.5,20221200,492.9,20220900,488.5,20221200
2022-08-04 23:00:00,489.5,20221200,491.5,20220900,489.5,20221200
2022-08-05 11:00:00,489.5,20221200,489.7,20220900,489.5,20221200
2022-08-05 15:00:00,489.5,20221200,486.2,20220900,489.5,20221200
2022-08-05 16:00:00,489.5,20221200,487.3,20220900,489.5,20221200
2022-08-05 23:00:00,483.8,20221200,485.8,20220900,483.8,20221200
2022-08-08 08:00:00,483.8,20221200,489.4,20220900,483.8,20221200
2022-08-08 09:00:00,483.8,20221200,488.6,20220900,483.8,20221200
2022-08-08 10:00:00,483.8,20221200,489.1,20220900,483.8,20221200
2022-08-08 11:00:00,483.8,20221200,489.0,20220900,483.8,20221200
2022-08-08 12:00:00,483.8,20221200,490.2,20220900,483.8,20221200
2022-08-08 13:00:00,483.8,20221200,491.1,20220900,483.8,20221200
2022-08-08 14:00:00,483.8,20221200,491.6,20220900,483.8,20221200
2022-08-08 15:00:00,483.8,20221200,492.3,20220900,483.8,20221200
2022-08-08 16:00:00,483.8,20221200,491.0,20220900,483.8,20221200
2022-08-08 23:00:00,489.2,20221200,490.7,20220900,489.2,20221200
2022-08-09 08:00:00,489.2,20221200,489.2,20220900,489.2,20221200
2022-08-09 09:00:00,489.2,20221200,489.1,20220900,489.2,20221200
2022-08-09 11:00:00,489.2,20221200,487.0,20220900,489.2,20221200
2022-08-09 16:00:00,489.2,20221200,486.3,20220900,489.2,20221200
2022-08-09 23:00:00,483.8,20221200,485.8,20220900,483.8,20221200
2022-08-10 08:00:00,483.8,20221200,485.4,20220900,483.8,20221200
2022-08-10 13:00:00,483.8,20221200,493.2,20220900,483.8,20221200
2022-08-10 14:00:00,483.8,20221200,492.8,20220900,483.8,20221200
2022-08-10 15:00:00,483.8,20221200,492.9,20220900,483.8,20221200
2022-08-10 16:00:00,483.8,20221200,495.1,20220900,483.8,20221200
2022-08-10 23:00:00,493.1,20221200,494.9,20220900,493.1,20221200
2022-08-11 14:00:00,493.1,20221200,496.0,20220900,493.1,20221200
2022-08-11 23:00:00,493.9,20221200,495.9,20220900,493.9,20221200
2022-08-12 10:00:00,493.9,20221200,497.0,20220900,493.9,20221200
2022-08-12 16:00:00,493.9,20221200,495.5,20220900,493.9,20221200
2022-08-12 23:00:00,494.0,20221200,496.0,20220900,494.0,20221200
2022-08-15 09:00:00,494.0,20221200,497.5,20220900,494.0,20221200
2022-08-15 16:00:00,494.0,20221200,497.8,20220900,494.0,20221200
2022-08-15 23:00:00,494.8,20221200,496.8,20220900,494.8,20221200
2022-08-16 08:00:00,494.8,20221200,497.8,20220900,494.8,20221200
2022-08-16 12:00:00,494.8,20221200,498.6,20220900,494.8,20221200
2022-08-16 13:00:00,494.8,20221200,497.6,20220900,494.8,20221200
2022-08-16 14:00:00,494.8,20221200,497.0,20220900,494.8,20221200
2022-08-16 16:00:00,494.8,20221200,498.5,20220900,494.8,20221200
2022-08-16 23:00:00,496.2,20221200,498.2,20220900,496.2,20221200
2022-08-17 11:00:00,496.2,20221200,494.6,20220900,496.2,20221200
2022-08-17 16:00:00,496.2,20221200,489.3,20220900,496.2,20221200
2022-08-17 23:00:00,487.5,20221200,489.5,20220900,487.5,20221200
2022-08-18 16:00:00,487.5,20221200,491.8,20220900,487.5,20221200
2022-08-18 23:00:00,490.3,20221200,491.9,20220900,490.3,20221200
2022-08-19 08:00:00,490.3,20221200,489.7,20220900,490.3,20221200
2022-08-19 09:00:00,490.3,20221200,488.0,20220900,490.3,20221200
2022-08-19 10:00:00,490.3,20221200,488.7,20220900,490.3,20221200
2022-08-19 11:00:00,490.3,20221200,488.4,20220900,490.3,20221200
2022-08-19 13:00:00,490.3,20221200,489.4,20220900,490.3,20221200
2022-08-19 15:00:00,490.3,20221200,486.4,20220900,490.3,20221200
2022-08-19 16:00:00,490.3,20221200,486.2,20220900,490.3,20221200
2022-08-19 23:00:00,484.0,20221200,485.9,20220900,484.0,20221200
2022-08-22 10:00:00,484.0,20221200,478.9,20220900,484.0,20221200
2022-08-22 11:00:00,484.0,20221200,479.8,20220900,484.0,20221200
2022-08-22 14:00:00,484.0,20221200,478.8,20220900,484.0,20221200
2022-08-22 15:00:00,484.0,20221200,478.2,20220900,484.0,20221200
2022-08-22 16:00:00,484.0,20221200,478.6,20220900,484.0,20221200
2022-08-22 23:00:00,476.5,20221200,478.5,20220900,476.5,20221200
2022-08-23 08:00:00,476.5,20221200,478.8,20220900,476.5,20221200
2022-08-23 10:00:00,476.5,20221200,478.8,20220900,476.5,20221200
2022-08-23 11:00:00,476.5,20221200,477.8,20220900,476.5,20221200
2022-08-23 12:00:00,476.5,20221200,477.4,20220900,476.5,20221200
2022-08-23 14:00:00,476.5,20221200,476.7,20220900,476.5,20221200
2022-08-23 16:00:00,476.5,20221200,476.1,20220900,476.5,20221200
2022-08-23 23:00:00,476.0,20221200,476.6,20220900,476.0,20221200
2022-08-24 09:00:00,476.0,20221200,475.8,20220900,476.0,20221200
2022-08-24 14:00:00,476.0,20221200,476.6,20220900,476.0,20221200
2022-08-24 16:00:00,476.0,20221200,477.1,20220900,476.0,20221200
2022-08-24 23:00:00,476.1,20221200,477.4,20220900,476.1,20221200
2022-08-25 10:00:00,476.1,20221200,476.7,20220900,476.1,20221200
2022-08-25 14:00:00,476.1,20221200,476.3,20220900,476.1,20221200
2022-08-25 15:00:00,476.1,20221200,478.3,20220900,476.1,20221200
2022-08-25 16:00:00,476.1,20221200,477.7,20220900,476.1,20221200
2022-08-25 23:00:00,476.1,20221200,477.4,20220900,476.1,20221200
2022-08-26 15:00:00,476.1,20221200,471.9,20220900,476.1,20221200
2022-08-26 16:00:00,476.1,20221200,468.3,20220900,476.1,20221200
2022-08-26 23:00:00,467.1,20221200,467.8,20220900,467.1,20221200
2022-08-29 08:00:00,467.1,20221200,463.4,20220900,467.1,20221200
2022-08-29 09:00:00,467.1,20221200,463.5,20220900,467.1,20221200
2022-08-29 13:00:00,467.1,20221200,463.7,20220900,467.1,20221200
2022-08-29 15:00:00,467.1,20221200,464.9,20220900,467.1,20221200
2022-08-29 23:00:00,463.6,20221200,464.6,20220900,463.6,20221200
2022-08-30 08:00:00,463.6,20221200,468.2,20220900,463.6,20221200
2022-08-30 09:00:00,463.6,20221200,470.2,20220900,463.6,20221200
2022-08-30 13:00:00,463.6,20221200,467.8,20220900,463.6,20221200
2022-08-30 15:00:00,463.6,20221200,463.9,20220900,463.6,20221200
2022-08-30 16:00:00,463.6,20221200,461.3,20220900,463.6,20221200
2022-08-30 23:00:00,460.5,20221200,461.6,20220900,460.5,20221200
2022-08-31 08:00:00,460.5,20221200,463.2,20220900,460.5,20221200
2022-08-31 12:00:00,460.5,20221200,460.9,20220900,460.5,20221200
2022-08-31 14:00:00,460.5,20221200,460.7,20220900,460.5,20221200
2022-08-31 16:00:00,460.5,20221200,458.7,20220900,460.5,20221200
2022-08-31 23:00:00,457.4,20221200,458.7,20220900,457.4,20221200
2022-09-01 08:00:00,457.4,20221200,452.5,20220900,457.4,20221200
2022-09-01 12:00:00,457.4,20221200,451.2,20220900,457.4,20221200
2022-09-01 15:00:00,457.4,20221200,449.4,20220900,457.4,20221200
2022-09-01 16:00:00,457.4,20221200,447.4,20220900,457.4,20221200
2022-09-01 23:00:00,447.0,20221200,447.8,20220900,447.0,20221200
2022-09-02 08:00:00,447.0,20221200,450.3,20220900,447.0,20221200
2022-09-02 10:00:00,447.0,20221200,450.8,20220900,447.0,20221200
2022-09-02 16:00:00,447.0,20221200,458.3,20220900,447.0,20221200
2022-09-02 23:00:00,456.8,20221200,458.0,20220900,456.8,20221200
2022-09-05 08:00:00,456.8,20221200,451.1,20220900,456.8,20221200
2022-09-05 10:00:00,456.8,20221200,450.7,20220900,456.8,20221200
2022-09-05 12:00:00,456.8,20221200,451.2,20220900,456.8,20221200
2022-09-05 13:00:00,456.8,20221200,451.2,20220900,456.8,20221200
2022-09-05 16:00:00,456.8,20221200,452.6,20220900,456.8,20221200
2022-09-05 23:00:00,451.4,20221200,452.6,20220900,451.4,20221200
2022-09-06 08:00:00,451.4,20221200,454.8,20220900,451.4,20221200
2022-09-06 11:00:00,451.4,20221200,458.2,20220900,451.4,20221200
2022-09-06 14:00:00,451.4,20221200,457.7,20220900,451.4,20221200
2022-09-06 15:00:00,451.4,20221200,457.0,20220900,451.4,20221200
2022-09-06 16:00:00,451.4,20221200,456.8,20220900,451.4,20221200
2022-09-06 23:00:00,454.6,20221200,455.8,20220900,454.6,20221200
2022-09-07 09:00:00,454.6,20221200,454.1,20220900,454.6,20221200
2022-09-07 13:00:00,454.6,20221200,451.5,20220900,454.6,20221200
2022-09-07 15:00:00,454.6,20221200,454.1,20220900,454.6,20221200
2022-09-07 23:00:00,453.5,20221200,454.8,20220900,453.5,20221200
2022-09-08 13:00:00,453.5,20221200,453.0,20220900,453.5,20221200
2022-09-08 15:00:00,453.5,20221200,453.7,20220900,453.5,20221200
2022-09-08 23:00:00,453.6,20221200,454.9,20220900,453.6,20221200
2022-09-09 08:00:00,453.6,20221200,459.0,20220900,453.6,20221200
2022-09-09 09:00:00,453.6,20221200,461.6,20220900,453.6,20221200
2022-09-09 10:00:00,453.6,20221200,461.7,20220900,453.6,20221200
2022-09-09 11:00:00,453.6,20221200,461.8,20220900,453.6,20221200
2022-09-09 16:00:00,453.6,20221200,463.5,20220900,453.6,20221200
2022-09-09 23:00:00,462.0,20221200,463.3,20220900,462.0,20221200
2022-09-12 08:00:00,462.0,20221200,466.0,20220900,462.0,20221200
2022-09-12 09:00:00,462.0,20221200,468.4,20220900,462.0,20221200
2022-09-12 10:00:00,462.0,20221200,468.7,20220900,462.0,20221200
2022-09-12 11:00:00,462.0,20221200,469.8,20220900,462.0,20221200
2022-09-12 12:00:00,462.0,20221200,469.9,20220900,462.0,20221200
2022-09-12 14:00:00,462.0,20221200,471.3,20220900,462.0,20221200
2022-09-12 15:00:00,462.0,20221200,472.7,20220900,462.0,20221200
2022-09-12 16:00:00,472.0,20221200,473.1,20220900,472.0,20221200
2022-09-12 23:00:00,471.8,20221200,473.0,20220900,471.8,20221200
2022-09-13 08:00:00,471.8,20221200,472.8,20220900,471.8,20221200
2022-09-13 13:00:00,470.7,20221200,470.7,20220900,470.7,20221200
2022-09-13 15:00:00,470.7,20221200,464.4,20220900,470.7,20221200
2022-09-13 16:00:00,461.8,20221200,463.5,20220900,461.8,20221200
2022-09-13 16:00:01,461.8,20230300,461.8,20221200,461.8,20230300
2022-09-13 23:00:00,466.7,20230300,461.8,20221200,466.7,20230300
2022-09-14 12:00:00,466.7,20230300,456.6,20221200,466.7,20230300
2022-09-14 15:00:00,466.7,20230300,454.3,20221200,466.7,20230300
2022-09-14 16:00:00,466.7,20230300,455.6,20221200,466.7,20230300
2022-09-14 23:00:00,460.2,20230300,455.5,20221200,460.2,20230300
2022-09-15 16:00:00,460.2,20230300,452.6,20221200,460.2,20230300
2022-09-15 23:00:00,457.8,20230300,453.2,20221200,457.8,20230300
2022-09-16 14:00:00,457.8,20230300,446.6,20221200,457.8,20230300
2022-09-16 23:00:00,448.4,20230300,445.8,20221200,448.4,20230300
2022-09-19 13:00:00,448.4,20230300,442.4,20221200,448.4,20230300
2022-09-19 16:00:00,448.4,20230300,446.0,20221200,448.4,20230300
2022-09-19 23:00:00,449.6,20230300,446.9,20221200,449.6,20230300
2022-09-20 08:00:00,449.6,20230300,444.5,20221200,449.6,20230300
2022-09-20 15:00:00,449.6,20230300,438.4,20221200,449.6,20230300
2022-09-20 16:00:00,449.6,20230300,437.3,20221200,449.6,20230300
2022-09-20 23:00:00,438.6,20230300,437.9,20221200,438.6,20230300
2022-09-21 08:00:00,438.6,20230300,438.1,20221200,438.6,20230300
2022-09-21 09:00:00,438.6,20230300,439.4,20221200,438.6,20230300
2022-09-21 14:00:00,438.6,20230300,440.9,20221200,438.6,20230300
2022-09-21 16:00:00,438.6,20230300,440.9,20221200,438.6,20230300
2022-09-21 23:00:00,442.3,20230300,441.8,20221200,442.3,20230300
2022-09-22 08:00:00,442.3,20230300,434.8,20221200,442.3,20230300
2022-09-22 10:00:00,442.3,20230300,437.7,20221200,442.3,20230300
2022-09-22 12:00:00,442.3,20230300,436.6,20221200,442.3,20230300
2022-09-22 13:00:00,442.3,20230300,437.2,20221200,442.3,20230300
2022-09-22 14:00:00,442.3,20230300,435.6,20221200,442.3,20230300
2022-09-22 15:00:00,442.3,20230300,434.1,20221200,442.3,20230300
2022-09-22 16:00:00,442.3,20230300,433.1,20221200,442.3,20230300
2022-09-22 23:00:00,433.5,20230300,433.1,20221200,433.5,20230300
2022-09-23 08:00:00,433.5,20230300,430.9,20221200,433.5,20230300
2022-09-23 11:00:00,433.5,20230300,420.8,20221200,433.5,20230300
2022-09-23 15:00:00,433.5,20230300,421.1,20221200,433.5,20230300
2022-09-23 16:00:00,433.5,20230300,420.7,20221200,433.5,20230300
2022-09-23 23:00:00,420.0,20230300,419.5,20221200,420.0,20230300
2022-09-26 08:00:00,420.0,20230300,417.0,20221200,420.0,20230300
2022-09-26 11:00:00,420.0,20230300,417.1,20221200,420.0,20230300
2022-09-26 15:00:00,420.0,20230300,421.3,20221200,420.0,20230300
2022-09-26 23:00:00,418.4,20230300,417.9,20221200,418.4,20230300
2022-09-27 11:00:00,418.4,20230300,418.7,20221200,418.4,20230300
2022-09-27 13:00:00,418.4,20230300,419.6,20221200,418.4,20230300
2022-09-27 15:00:00,418.4,20230300,419.0,20221200,418.4,20230300
2022-09-27 16:00:00,418.4,20230300,417.7,20221200,418.4,20230300
2022-09-27 23:00:00,416.0,20230300,415.5,20221200,416.0,20230300
2022-09-28 08:00:00,416.0,20230300,408.8,20221200,416.0,20230300
2022-09-28 10:00:00,416.0,20230300,405.3,20221200,416.0,20230300
2022-09-28 11:00:00,416.0,20230300,411.7,20221200,416.0,20230300
2022-09-28 15:00:00,416.0,20230300,414.6,20221200,416.0,20230300
2022-09-28 16:00:00,416.0,20230300,415.7,20221200,416.0,20230300
2022-09-28 23:00:00,416.1,20230300,415.6,20221200,416.1,20230300
2022-09-29 08:00:00,416.1,20230300,412.9,20221200,416.1,20230300
2022-09-29 13:00:00,416.1,20230300,406.3,20221200,416.1,20230300
2022-09-29 14:00:00,416.1,20230300,406.0,20221200,416.1,20230300
2022-09-29 15:00:00,416.1,20230300,403.4,20221200,416.1,20230300
2022-09-29 16:00:00,416.1,20230300,404.7,20221200,416.1,20230300
2022-09-29 23:00:00,407.2,20230300,404.9,20221200,407.2,20230300
2022-09-30 09:00:00,407.2,20230300,411.6,20221200,407.2,20230300
2022-09-30 13:00:00,407.2,20230300,410.0,20221200,407.2,20230300
2022-09-30 14:00:00,407.2,20230300,410.0,20221200,407.2,20230300
2022-09-30 16:00:00,407.2,20230300,413.4,20221200,407.2,20230300
2022-09-30 23:00:00,413.8,20230300,413.3,20221200,413.8,20230300
2022-10-03 08:00:00,413.8,20230300,409.0,20221200,413.8,20230300
2022-10-03 11:00:00,413.8,20230300,410.5,20221200,413.8,20230300
2022-10-03 12:00:00,413.8,20230300,412.1,20221200,413.8,20230300
2022-10-03 15:00:00,413.8,20230300,418.3,20221200,413.8,20230300
2022-10-03 16:00:00,413.8,20230300,418.1,20221200,413.8,20230300
2022-10-03 23:00:00,418.8,20230300,418.3,20221200,418.8,20230300
2022-10-04 09:00:00,418.8,20230300,427.9,20221200,418.8,20230300
2022-10-04 10:00:00,418.8,20230300,429.5,20221200,418.8,20230300
2022-10-04 15:00:00,418.8,20230300,430.4,20221200,418.8,20230300
2022-10-04 23:00:00,432.4,20230300,431.9,20221200,432.4,20230300
2022-10-05 13:00:00,432.4,20230300,425.2,20221200,432.4,20230300
2022-10-05 16:00:00,432.4,20230300,424.0,20221200,432.4,20230300
2022-10-05 23:00:00,424.1,20230300,423.6,20221200,424.1,20230300
2022-10-06 08:00:00,424.1,20230300,427.6,20221200,424.1,20230300
2022-10-06 12:00:00,424.1,20230300,423.2,20221200,424.1,20230300
2022-10-06 14:00:00,424.1,20230300,423.3,20221200,424.1,20230300
2022-10-06 15:00:00,424.1,20230300,421.1,20221200,424.1,20230300
2022-10-06 16:00:00,424.1,20230300,421.8,20221200,424.1,20230300
2022-10-06 23:00:00,421.9,20230300,421.5,20221200,421.9,20230300
2022-10-07 11:00:00,421.9,20230300,420.2,20221200,421.9,20230300
2022-10-07 16:00:00,421.9,20230300,414.6,20221200,421.9,20230300
2022-10-07 23:00:00,414.6,20230300,414.1,20221200,414.6,20230300
2022-10-10 15:00:00,414.6,20230300,415.9,20221200,414.6,20230300
2022-10-10 23:00:00,415.6,20230300,415.1,20221200,415.6,20230300
2022-10-11 11:00:00,415.6,20230300,410.2,20221200,415.6,20230300
2022-10-11 16:00:00,415.6,20230300,411.2,20221200,415.6,20230300
2022-10-11 23:00:00,411.9,20230300,411.4,20221200,411.9,20230300
2022-10-12 09:00:00,411.9,20230300,408.3,20221200,411.9,20230300
2022-10-12 10:00:00,411.9,20230300,411.5,20221200,411.9,20230300
2022-10-12 13:00:00,411.9,20230300,407.4,20221200,411.9,20230300
2022-10-12 15:00:00,411.9,20230300,406.8,20221200,411.9,20230300
2022-10-12 16:00:00,411.9,20230300,407.4,20221200,411.9,20230300
2022-10-12 23:00:00,407.3,20230300,406.8,20221200,407.3,20230300
2022-10-13 08:00:00,407.3,20230300,403.7,20221200,407.3,20230300
2022-10-13 09:00:00,407.3,20230300,406.7,20221200,407.3,20230300
2022-10-13 12:00:00,407.3,20230300,413.0,20221200,407.3,20230300
2022-10-13 13:00:00,407.3,20230300,404.0,20221200,407.3,20230300
2022-10-13 14:00:00,407.3,20230300,407.0,20221200,407.3,20230300
2022-10-13 15:00:00,407.3,20230300,410.3,20221200,407.3,20230300
2022-10-13 16:00:00,407.3,20230300,414.8,20221200,407.3,20230300
2022-10-13 23:00:00,414.5,20230300,414.0,20221200,414.5,20230300
2022-10-14 08:00:00,414.5,20230300,421.3,20221200,414.5,20230300
2022-10-14 11:00:00,414.5,20230300,418.0,20221200,414.5,20230300
2022-10-14 13:00:00,414.5,20230300,418.6,20221200,414.5,20230300
2022-10-14 16:00:00,414.5,20230300,416.7,20221200,414.5,20230300
2022-10-14 23:00:00,417.5,20230300,416.7,20221200,417.5,20230300
2022-10-17 11:00:00,417.5,20230300,420.9,20221200,417.5,20230300
2022-10-17 14:00:00,417.5,20230300,427.3,20221200,417.5,20230300
2022-10-17 16:00:00,417.5,20230300,426.1,20221200,417.5,20230300
2022-10-17 23:00:00,427.0,20230300,426.5,20221200,427.0,20230300
2022-10-18 10:00:00,427.0,20230300,428.7,20221200,427.0,20230300
2022-10-18 12:00:00,427.0,20230300,429.9,20221200,427.0,20230300
2022-10-18 16:00:00,427.0,20230300,429.2,20221200,427.0,20230300
2022-10-18 23:00:00,429.9,20230300,429.1,20221200,429.9,20230300
2022-10-19 08:00:00,429.9,20230300,427.6,20221200,429.9,20230300
2022-10-19 10:00:00,429.9,20230300,426.4,20221200,429.9,20230300
2022-10-19 13:00:00,429.9,20230300,425.1,20221200,429.9,20230300
2022-10-19 15:00:00,429.9,20230300,424.5,20221200,429.9,20230300
2022-10-19 16:00:00,429.9,20230300,424.4,20221200,429.9,20230300
2022-10-19 23:00:00,424.6,20230300,424.1,20221200,424.6,20230300
2022-10-20 13:00:00,424.6,20230300,425.2,20221200,424.6,20230300
2022-10-20 23:00:00,426.5,20230300,426.0,20221200,426.5,20230300
2022-10-21 12:00:00,426.5,20230300,417.7,20221200,426.5,20230300
2022-10-21 14:00:00,426.5,20230300,418.8,20221200,426.5,20230300
2022-10-21 15:00:00,426.5,20230300,419.8,20221200,426.5,20230300
2022-10-21 23:00:00,421.8,20230300,421.3,20221200,421.8,20230300
2022-10-24 14:00:00,421.8,20230300,429.7,20221200,421.8,20230300
2022-10-24 16:00:00,421.8,20230300,428.6,20221200,421.8,20230300
2022-10-24 23:00:00,428.6,20230300,428.1,20221200,428.6,20230300
2022-10-25 14:00:00,428.6,20230300,432.7,20221200,428.6,20230300
2022-10-25 16:00:00,428.6,20230300,435.8,20221200,428.6,20230300
2022-10-25 23:00:00,436.3,20230300,435.8,20221200,436.3,20230300
2022-10-26 12:00:00,436.3,20230300,437.4,20221200,436.3,20230300
2022-10-26 13:00:00,436.3,20230300,435.6,20221200,436.3,20230300
2022-10-26 14:00:00,436.3,20230300,435.5,20221200,436.3,20230300
2022-10-26 15:00:00,436.3,20230300,438.9,20221200,436.3,20230300
2022-10-26 23:00:00,440.3,20230300,439.8,20221200,440.3,20230300
2022-10-27 10:00:00,440.3,20230300,439.6,20221200,440.3,20230300
2022-10-27 11:00:00,440.3,20230300,439.6,20221200,440.3,20230300
2022-10-27 14:00:00,440.3,20230300,439.3,20221200,440.3,20230300
2022-10-27 16:00:00,440.3,20230300,441.3,20221200,440.3,20230300
2022-10-27 23:00:00,442.4,20230300,441.3,20221200,442.4,20230300
2022-10-28 15:00:00,442.4,20230300,438.5,20221200,442.4,20230300
2022-10-28 16:00:00,442.4,20230300,439.8,20221200,442.4,20230300
2022-10-28 23:00:00,440.7,20230300,440.2,20221200,440.7,20230300
2022-10-31 16:00:00,440.7,20230300,440.4,20221200,440.7,20230300
2022-10-31 23:00:00,441.1,20230300,440.4,20221200,441.1,20230300
2022-11-01 12:00:00,441.1,20230300,448.9,20221200,441.1,20230300
2022-11-01 14:00:00,441.1,20230300,444.6,20221200,441.1,20230300
2022-11-01 16:00:00,441.1,20230300,444.6,20221200,441.1,20230300
2022-11-01 23:00:00,445.2,20230300,444.7,20221200,445.2,20230300
2022-11-02 08:00:00,445.2,20230300,445.7,20221200,445.2,20230300
2022-11-02 16:00:00,445.2,20230300,442.7,20221200,445.2,20230300
2022-11-02 23:00:00,443.6,20230300,443.1,20221200,443.6,20230300
2022-11-03 08:00:00,443.6,20230300,436.9,20221200,443.6,20230300
2022-11-03 11:00:00,443.6,20230300,436.3,20221200,443.6,20230300
2022-11-03 14:00:00,443.6,20230300,436.5,20221200,443.6,20230300
2022-11-03 15:00:00,443.6,20230300,436.8,20221200,443.6,20230300
2022-11-03 16:00:00,443.6,20230300,437.8,20221200,443.6,20230300
2022-11-03 23:00:00,438.1,20230300,437.6,20221200,438.1,20230300
2022-11-04 14:00:00,438.1,20230300,447.8,20221200,438.1,20230300
2022-11-04 23:00:00,448.3,20230300,447.8,20221200,448.3,20230300
2022-11-07 08:00:00,448.3,20230300,448.6,20221200,448.3,20230300
2022-11-07 11:00:00,448.3,20230300,452.0,20221200,448.3,20230300
2022-11-07 13:00:00,448.3,20230300,452.3,20221200,448.3,20230300
2022-11-07 23:00:00,451.6,20230300,451.1,20221200,451.6,20230300
2022-11-08 08:00:00,451.6,20230300,448.8,20221200,451.6,20230300
2022-11-08 14:00:00,451.6,20230300,453.2,20221200,451.6,20230300
2022-11-08 23:00:00,456.1,20230300,455.6,20221200,456.1,20230300
2022-11-09 10:00:00,456.1,20230300,451.2,20221200,456.1,20230300
2022-11-09 15:00:00,456.1,20230300,453.4,20221200,456.1,20230300
2022-11-09 16:00:00,456.1,20230300,454.1,20221200,456.1,20230300
2022-11-09 23:00:00,455.5,20230300,455.0,20221200,455.5,20230300
2022-11-10 08:00:00,455.5,20230300,451.8,20221200,455.5,20230300
2022-11-10 09:00:00,455.5,20230300,451.4,20221200,455.5,20230300
2022-11-10 11:00:00,455.5,20230300,453.5,20221200,455.5,20230300
2022-11-10 13:00:00,455.5,20230300,463.6,20221200,455.5,20230300
2022-11-10 15:00:00,455.5,20230300,470.0,20221200,455.5,20230300
2022-11-10 23:00:00,470.8,20230300,470.3,20221200,470.8,20230300
2022-11-11 08:00:00,470.8,20230300,473.9,20221200,470.8,20230300
2022-11-11 12:00:00,470.8,20230300,473.3,20221200,470.8,20230300
2022-11-11 14:00:00,470.8,20230300,473.6,20221200,470.8,20230300
2022-11-11 23:00:00,475.9,20230300,475.4,20221200,475.9,20230300
2022-11-14 12:00:00,475.9,20230300,475.3,20221200,475.9,20230300
2022-11-14 13:00:00,475.9,20230300,475.9,20221200,475.9,20230300
2022-11-14 14:00:00,475.9,20230300,476.1,20221200,475.9,20230300
2022-11-14 15:00:00,475.9,20230300,477.6,20221200,475.9,20230300
2022-11-14 16:00:00,475.9,20230300,474.7,20221200,475.9,20230300
2022-11-14 20:00:00,475.9,20230300,474.0,20221200,475.9,20230300
2022-11-14 23:00:00,475.1,20230300,474.6,20221200,475.1,20230300
2022-11-15 08:00:00,475.1,20230300,474.6,20221200,475.1,20230300
2022-11-15 10:00:00,475.1,20230300,472.6,20221200,475.1,20230300
2022-11-15 14:00:00,475.1,20230300,474.8,20221200,475.1,20230300
2022-11-15 15:00:00,475.1,20230300,474.4,20221200,475.1,20230300
2022-11-15 23:00:00,474.8,20230300,474.3,20221200,474.8,20230300
2022-11-16 13:00:00,474.8,20230300,469.9,20221200,474.8,20230300
2022-11-16 15:00:00,474.8,20230300,467.0,20221200,474.8,20230300
2022-11-16 16:00:00,474.8,20230300,467.0,20221200,474.8,20230300
2022-11-16 23:00:00,468.4,20230300,467.9,20221200,468.4,20230300
2022-11-17 14:00:00,468.4,20230300,463.1,20221200,468.4,20230300
2022-11-17 15:00:00,468.4,20230300,462.9,20221200,468.4,20230300
2022-11-17 16:00:00,468.4,20230300,463.4,20221200,468.4,20230300
2022-11-17 23:00:00,463.8,20230300,463.3,20221200,463.8,20230300
2022-11-18 09:00:00,463.8,20230300,466.1,20221200,463.8,20230300
2022-11-18 11:00:00,463.8,20230300,468.0,20221200,463.8,20230300
2022-11-18 14:00:00,463.8,20230300,468.8,20221200,463.8,20230300
2022-11-18 16:00:00,463.8,20230300,469.1,20221200,463.8,20230300
2022-11-18 23:00:00,469.6,20230300,469.1,20221200,469.6,20230300
2022-11-21 23:00:00,468.8,20230300,468.3,20221200,468.8,20230300
2022-11-22 08:00:00,468.8,20230300,469.1,20221200,468.8,20230300
2022-11-22 12:00:00,468.8,20230300,469.5,20221200,468.8,20230300
2022-11-22 14:00:00,468.8,20230300,470.9,20221200,468.8,20230300
2022-11-22 15:00:00,468.8,20230300,471.3,20221200,468.8,20230300
2022-11-22 16:00:00,468.8,20230300,471.0,20221200,468.8,20230300
2022-11-22 23:00:00,471.9,20230300,471.4,20221200,471.9,20230300
2022-11-23 09:00:00,471.9,20230300,470.8,20221200,471.9,20230300
2022-11-23 10:00:00,471.9,20230300,470.4,20221200,471.9,20230300
2022-11-23 11:00:00,471.9,20230300,470.8,20221200,471.9,20230300
2022-11-23 12:00:00,471.9,20230300,472.0,20221200,471.9,20230300
2022-11-23 15:00:00,471.9,20230300,474.4,20221200,471.9,20230300
2022-11-23 16:00:00,471.9,20230300,475.8,20221200,471.9,20230300
2022-11-23 23:00:00,475.6,20230300,475.1,20221200,475.6,20230300
2022-11-24 09:00:00,475.6,20230300,478.0,20221200,475.6,20230300
2022-11-24 10:00:00,475.6,20230300,479.6,20221200,475.6,20230300
2022-11-24 13:00:00,475.6,20230300,478.3,20221200,475.6,20230300
2022-11-24 16:00:00,475.6,20230300,480.0,20221200,475.6,20230300
2022-11-24 23:00:00,480.0,20230300,479.5,20221200,480.0,20230300
2022-11-25 12:00:00,480.0,20230300,479.0,20221200,480.0,20230300
2022-11-25 23:00:00,479.0,20230300,478.6,20221200,479.0,20230300
2022-11-28 09:00:00,479.0,20230300,474.0,20221200,479.0,20230300
2022-11-28 23:00:00,473.0,20230300,472.6,20221200,473.0,20230300
2022-11-29 09:00:00,473.0,20230300,472.6,20221200,473.0,20230300
2022-11-29 10:00:00,473.0,20230300,471.6,20221200,473.0,20230300
2022-11-29 11:00:00,473.0,20230300,472.7,20221200,473.0,20230300
2022-11-29 12:00:00,473.0,20230300,472.2,20221200,473.0,20230300
2022-11-29 16:00:00,473.0,20230300,471.4,20221200,473.0,20230300
2022-11-29 23:00:00,471.9,20230300,470.9,20221200,471.9,20230300
2022-11-30 08:00:00,471.9,20230300,472.9,20221200,471.9,20230300
2022-11-30 09:00:00,471.9,20230300,472.8,20221200,471.9,20230300
2022-11-30 11:00:00,471.9,20230300,473.3,20221200,471.9,20230300
2022-11-30 13:00:00,471.9,20230300,473.3,20221200,471.9,20230300
2022-11-30 14:00:00,471.9,20230300,472.7,20221200,471.9,20230300
2022-11-30 16:00:00,471.9,20230300,472.6,20221200,471.9,20230300
2022-11-30 23:00:00,473.8,20230300,472.5,20221200,473.8,20230300
2022-12-01 08:00:00,473.8,20230300,477.7,20221200,473.8,20230300
2022-12-01 09:00:00,473.8,20230300,477.3,20221200,473.8,20230300
2022-12-01 12:00:00,473.8,20230300,479.7,20221200,473.8,20230300
2022-12-01 13:00:00,473.8,20230300,479.9,20221200,473.8,20230300
2022-12-01 14:00:00,473.8,20230300,480.3,20221200,473.8,20230300
2022-12-01 15:00:00,473.8,20230300,478.0,20221200,473.8,20230300
2022-12-01 16:00:00,473.8,20230300,478.3,20221200,473.8,20230300
2022-12-01 23:00:00,479.7,20230300,478.3,20221200,479.7,20230300
2022-12-02 08:00:00,479.7,20230300,477.7,20221200,479.7,20230300
2022-12-02 10:00:00,479.7,20230300,481.1,20221200,479.7,20230300
2022-12-02 11:00:00,479.7,20230300,481.3,20221200,479.7,20230300
2022-12-02 12:00:00,479.7,20230300,481.5,20221200,479.7,20230300
2022-12-02 14:00:00,479.7,20230300,479.0,20221200,479.7,20230300
2022-12-02 23:00:00,481.3,20230300,480.3,20221200,481.3,20230300
2022-12-05 08:00:00,481.3,20230300,479.6,20221200,481.3,20230300
2022-12-05 09:00:00,481.3,20230300,479.7,20221200,481.3,20230300
2022-12-05 11:00:00,481.3,20230300,480.1,20221200,481.3,20230300
2022-12-05 12:00:00,481.3,20230300,479.6,20221200,481.3,20230300
2022-12-05 14:00:00,481.3,20230300,478.1,20221200,481.3,20230300
2022-12-05 23:00:00,479.0,20230300,478.0,20221200,479.0,20230300
2022-12-06 14:00:00,479.0,20230300,474.6,20221200,479.0,20230300
2022-12-06 23:00:00,475.4,20230300,474.4,20221200,475.4,20230300
2022-12-07 08:00:00,475.4,20230300,473.6,20221200,475.4,20230300
2022-12-07 11:00:00,475.4,20230300,472.4,20221200,475.4,20230300
2022-12-07 13:00:00,475.4,20230300,472.4,20221200,475.4,20230300
2022-12-07 15:00:00,475.4,20230300,473.2,20221200,475.4,20230300
2022-12-07 16:00:00,475.4,20230300,470.8,20221200,475.4,20230300
2022-12-07 23:00:00,472.4,20230300,471.3,20221200,472.4,20230300
2022-12-08 09:00:00,472.4,20230300,470.2,20221200,472.4,20230300
2022-12-08 11:00:00,472.4,20230300,469.3,20221200,472.4,20230300
2022-12-08 12:00:00,472.4,20230300,469.0,20221200,472.4,20230300
2022-12-08 13:00:00,472.4,20230300,471.1,20221200,472.4,20230300
2022-12-08 14:00:00,470.3,20230300,469.2,20221200,470.3,20230300
2022-12-08 15:00:00,470.3,20230300,471.1,20221200,470.3,20230300
2022-12-08 16:00:00,470.3,20230300,470.8,20221200,470.3,20230300
2022-12-08 23:00:00,471.5,20230300,470.4,20221200,471.5,20230300
2022-12-09 09:00:00,471.5,20230300,472.8,20221200,471.5,20230300
2022-12-09 10:00:00,471.5,20230300,473.9,20221200,471.5,20230300
2022-12-09 11:00:00,471.5,20230300,474.5,20221200,471.5,20230300
2022-12-09 12:00:00,471.5,20230300,475.3,20221200,471.5,20230300
2022-12-09 14:00:00,471.5,20230300,475.1,20221200,471.5,20230300
2022-12-09 23:00:00,476.9,20230300,475.9,20221200,476.9,20230300
2022-12-12 08:00:00,476.9,20230300,472.2,20221200,476.9,20230300
2022-12-12 09:00:00,476.9,20230300,472.7,20221200,476.9,20230300
2022-12-12 10:00:00,476.9,20230300,472.9,20221200,476.9,20230300
2022-12-12 14:00:00,476.9,20230300,472.4,20221200,476.9,20230300
2022-12-12 14:00:01,476.9,20230300,472.4,20221200,473.5,20230300
2022-12-12 14:00:02,476.9,20230600,473.5,20230300,473.5,20230600
2022-12-12 23:00:00,479.0,20230600,474.3,20230300,479.0,20230600
2022-12-13 09:00:00,479.0,20230600,474.4,20230300,479.0,20230600
2022-12-13 16:00:00,479.0,20230600,480.5,20230300,479.0,20230600
2022-12-13 23:00:00,484.6,20230600,480.5,20230300,484.6,20230600
2022-12-14 16:00:00,484.6,20230600,480.3,20230300,484.6,20230600
2022-12-14 23:00:00,484.7,20230600,480.3,20230300,484.7,20230600
2022-12-15 08:00:00,484.7,20230600,474.4,20230300,484.7,20230600
2022-12-15 09:00:00,484.7,20230600,474.3,20230300,484.7,20230600
2022-12-15 14:00:00,484.7,20230600,470.2,20230300,484.7,20230600
2022-12-15 15:00:00,484.7,20230600,467.9,20230300,484.7,20230600
2022-12-15 16:00:00,484.7,20230600,467.8,20230300,484.7,20230600
2022-12-15 23:00:00,472.4,20230600,467.9,20230300,472.4,20230600
2022-12-16 08:00:00,472.4,20230600,464.7,20230300,472.4,20230600
2022-12-16 09:00:00,472.4,20230600,462.6,20230300,472.4,20230600
2022-12-16 11:00:00,472.4,20230600,461.5,20230300,472.4,20230600
2022-12-16 16:00:00,472.4,20230600,460.5,20230300,472.4,20230600
2022-12-16 23:00:00,464.5,20230600,460.9,20230300,464.5,20230600
2022-12-19 09:00:00,464.5,20230600,462.9,20230300,464.5,20230600
2022-12-19 11:00:00,464.5,20230600,463.8,20230300,464.5,20230600
2022-12-19 12:00:00,464.5,20230600,464.1,20230300,464.5,20230600
2022-12-19 15:00:00,464.5,20230600,462.1,20230300,464.5,20230600
2022-12-19 16:00:00,464.5,20230600,461.9,20230300,464.5,20230600
2022-12-19 23:00:00,465.8,20230600,462.3,20230300,465.8,20230600
2022-12-20 08:00:00,465.8,20230600,456.7,20230300,465.8,20230600
2022-12-20 11:00:00,465.8,20230600,459.4,20230300,465.8,20230600
2022-12-20 13:00:00,465.8,20230600,459.9,20230300,465.8,20230600
2022-12-20 14:00:00,465.8,20230600,459.6,20230300,465.8,20230600
2022-12-20 15:00:00,465.8,20230600,460.8,20230300,465.8,20230600
2022-12-20 16:00:00,465.8,20230600,460.0,20230300,465.8,20230600
2022-12-20 23:00:00,463.3,20230600,459.6,20230300,463.3,20230600
2022-12-21 09:00:00,463.3,20230600,464.3,20230300,463.3,20230600
2022-12-21 11:00:00,463.3,20230600,464.6,20230300,463.3,20230600
2022-12-21 13:00:00,463.3,20230600,465.5,20230300,463.3,20230600
2022-12-21 14:00:00,463.3,20230600,465.4,20230300,463.3,20230600
2022-12-21 15:00:00,463.3,20230600,467.3,20230300,463.3,20230600
2022-12-21 16:00:00,463.3,20230600,468.2,20230300,463.3,20230600
2022-12-21 23:00:00,471.6,20230600,467.9,20230300,471.6,20230600
2022-12-22 10:00:00,471.6,20230600,468.5,20230300,471.6,20230600
2022-12-22 11:00:00,471.6,20230600,468.4,20230300,471.6,20230600
2022-12-22 12:00:00,471.6,20230600,467.2,20230300,471.6,20230600
2022-12-22 13:00:00,471.6,20230600,468.1,20230300,471.6,20230600
2022-12-22 14:00:00,471.6,20230600,464.3,20230300,471.6,20230600
2022-12-22 16:00:00,471.6,20230600,463.6,20230300,471.6,20230600
2022-12-22 23:00:00,466.7,20230600,463.1,20230300,466.7,20230600
2022-12-23 23:00:00,468.5,20230600,464.8,20230300,468.5,20230600
2022-12-27 10:00:00,468.5,20230600,467.7,20230300,468.5,20230600
2022-12-27 16:00:00,468.5,20230600,465.7,20230300,468.5,20230600
2022-12-27 23:00:00,469.2,20230600,465.5,20230300,469.2,20230600
2022-12-28 16:00:00,469.2,20230600,464.5,20230300,469.2,20230600
2022-12-28 23:00:00,468.5,20230600,464.9,20230300,468.5,20230600
2022-12-29 12:00:00,468.5,20230600,464.5,20230300,468.5,20230600
2022-12-29 16:00:00,468.5,20230600,468.3,20230300,468.5,20230600
2022-12-29 23:00:00,471.4,20230600,467.8,20230300,471.4,20230600
2022-12-30 23:00:00,466.1,20230600,462.5,20230300,466.1,20230600
2023-01-02 23:00:00,472.6,20230600,468.9,20230300,472.6,20230600
2023-01-03 09:00:00,472.6,20230600,474.3,20230300,472.6,20230600
2023-01-03 11:00:00,472.6,20230600,472.5,20230300,472.6,20230600
2023-01-03 12:00:00,472.6,20230600,472.0,20230300,472.6,20230600
2023-01-03 14:00:00,472.6,20230600,474.6,20230300,472.6,20230600
2023-01-03 15:00:00,472.6,20230600,472.1,20230300,472.6,20230600
2023-01-03 16:00:00,472.6,20230600,473.4,20230300,472.6,20230600
2023-01-03 23:00:00,476.6,20230600,472.9,20230300,476.6,20230600
2023-01-04 08:00:00,476.6,20230600,476.0,20230300,476.6,20230600
2023-01-04 09:00:00,476.6,20230600,476.5,20230300,476.6,20230600
2023-01-04 23:00:00,483.4,20230600,479.6,20230300,483.4,20230600
2023-01-05 15:00:00,483.4,20230600,481.0,20230300,483.4,20230600
2023-01-05 16:00:00,483.4,20230600,480.4,20230300,483.4,20230600
2023-01-05 23:00:00,484.1,20230600,480.4,20230300,484.1,20230600
2023-01-06 10:00:00,484.1,20230600,481.1,20230300,484.1,20230600
2023-01-06 15:00:00,484.1,20230600,486.3,20230300,484.1,20230600
2023-01-06 16:00:00,484.1,20230600,486.5,20230300,484.1,20230600
2023-01-06 23:00:00,490.3,20230600,486.6,20230300,490.3,20230600
2023-01-09 15:00:00,490.3,20230600,491.5,20230300,490.3,20230600
2023-01-09 16:00:00,490.3,20230600,491.4,20230300,490.3,20230600
2023-01-09 23:00:00,495.4,20230600,491.6,20230300,495.4,20230600
2023-01-10 23:00:00,492.6,20230600,488.8,20230300,492.6,20230600
2023-01-11 09:00:00,492.6,20230600,490.8,20230300,492.6,20230600
2023-01-11 13:00:00,492.6,20230600,491.6,20230300,492.6,20230600
2023-01-11 23:00:00,495.2,20230600,491.3,20230300,495.2,20230600
2023-01-12 10:00:00,495.2,20230600,493.3,20230300,495.2,20230600
2023-01-12 13:00:00,495.2,20230600,492.5,20230300,495.2,20230600
2023-01-12 23:00:00,499.6,20230600,495.8,20230300,499.6,20230600
2023-01-13 10:00:00,499.6,20230600,497.2,20230300,499.6,20230600
2023-01-13 12:00:00,499.6,20230600,495.7,20230300,499.6,20230600
2023-01-13 16:00:00,499.6,20230600,496.5,20230300,499.6,20230600
2023-01-13 23:00:00,500.5,20230600,496.6,20230300,500.5,20230600
2023-01-16 08:00:00,500.5,20230600,496.6,20230300,500.5,20230600
2023-01-16 15:00:00,500.5,20230600,499.9,20230300,500.5,20230600
2023-01-16 16:00:00,500.5,20230600,500.1,20230300,500.5,20230600
2023-01-16 23:00:00,503.7,20230600,499.9,20230300,503.7,20230600
2023-01-17 08:00:00,503.7,20230600,498.8,20230300,503.7,20230600
2023-01-17 09:00:00,503.7,20230600,498.1,20230300,503.7,20230600
2023-01-17 16:00:00,503.7,20230600,500.6,20230300,503.7,20230600
2023-01-17 23:00:00,504.7,20230600,500.8,20230300,504.7,20230600
2023-01-18 08:00:00,504.7,20230600,502.3,20230300,504.7,20230600
2023-01-18 10:00:00,504.7,20230600,502.7,20230300,504.7,20230600
2023-01-18 15:00:00,504.7,20230600,505.6,20230300,504.7,20230600
2023-01-18 23:00:00,507.3,20230600,503.5,20230300,507.3,20230600
2023-01-19 08:00:00,507.3,20230600,501.1,20230300,507.3,20230600
2023-01-19 16:00:00,507.3,20230600,496.2,20230300,507.3,20230600
2023-01-19 23:00:00,499.6,20230600,495.8,20230300,499.6,20230600
2023-01-20 08:00:00,499.6,20230600,496.5,20230300,499.6,20230600
2023-01-20 14:00:00,499.6,20230600,497.3,20230300,499.6,20230600
2023-01-20 15:00:00,499.6,20230600,498.3,20230300,499.6,20230600
2023-01-20 23:00:00,502.2,20230600,498.4,20230300,502.2,20230600
2023-01-23 23:00:00,505.6,20230600,501.7,20230300,505.6,20230600
2023-01-24 10:00:00,505.6,20230600,501.3,20230300,505.6,20230600
2023-01-24 14:00:00,505.6,20230600,499.8,20230300,505.6,20230600
2023-01-24 16:00:00,505.6,20230600,502.0,20230300,505.6,20230600
2023-01-24 23:00:00,505.5,20230600,501.6,20230300,505.5,20230600
2023-01-25 11:00:00,505.5,20230600,499.3,20230300,505.5,20230600
2023-01-25 12:00:00,505.5,20230600,498.9,20230300,505.5,20230600
2023-01-25 13:00:00,505.5,20230600,498.0,20230300,505.5,20230600
2023-01-25 14:00:00,505.5,20230600,498.3,20230300,505.5,20230600
2023-01-25 15:00:00,505.5,20230600,497.9,20230300,505.5,20230600
2023-01-25 16:00:00,505.5,20230600,499.0,20230300,505.5,20230600
2023-01-25 23:00:00,502.9,20230600,499.0,20230300,502.9,20230600
2023-01-26 13:00:00,502.9,20230600,503.8,20230300,502.9,20230600
2023-01-26 14:00:00,502.9,20230600,504.0,20230300,502.9,20230600
2023-01-26 23:00:00,506.9,20230600,503.1,20230300,506.9,20230600
2023-01-27 08:00:00,506.9,20230600,504.1,20230300,506.9,20230600
2023-01-27 09:00:00,506.9,20230600,504.9,20230300,506.9,20230600
2023-01-27 12:00:00,506.9,20230600,505.0,20230300,506.9,20230600
2023-01-27 15:00:00,506.9,20230600,506.6,20230300,506.9,20230600
2023-01-27 23:00:00,510.4,20230600,506.5,20230300,510.4,20230600
2023-01-30 08:00:00,510.4,20230600,503.3,20230300,510.4,20230600
2023-01-30 10:00:00,510.4,20230600,502.4,20230300,510.4,20230600
2023-01-30 11:00:00,510.4,20230600,502.2,20230300,510.4,20230600
2023-01-30 14:00:00,510.4,20230600,503.4,20230300,510.4,20230600
2023-01-30 16:00:00,510.4,20230600,505.3,20230300,510.4,20230600
2023-01-30 23:00:00,509.0,20230600,505.2,20230300,509.0,20230600
2023-01-31 15:00:00,509.0,20230600,501.9,20230300,509.0,20230600
2023-01-31 16:00:00,509.0,20230600,501.6,20230300,509.0,20230600
2023-01-31 23:00:00,505.9,20230600,502.1,20230300,505.9,20230600
2023-02-01 09:00:00,505.9,20230600,504.8,20230300,505.9,20230600
2023-02-01 10:00:00,505.9,20230600,504.0,20230300,505.9,20230600
2023-02-01 12:00:00,505.9,20230600,504.4,20230300,505.9,20230600
2023-02-01 15:00:00,505.9,20230600,503.5,20230300,505.9,20230600
2023-02-01 16:00:00,505.9,20230600,502.2,20230300,505.9,20230600
2023-02-01 23:00:00,506.5,20230600,502.7,20230300,506.5,20230600
2023-02-02 08:00:00,506.5,20230600,510.0,20230300,506.5,20230600
2023-02-02 10:00:00,506.5,20230600,508.8,20230300,506.5,20230600
2023-02-02 13:00:00,506.5,20230600,511.0,20230300,506.5,20230600
2023-02-02 15:00:00,506.5,20230600,515.3,20230300,506.5,20230600
2023-02-02 16:00:00,506.5,20230600,516.2,20230300,506.5,20230600
2023-02-02 23:00:00,520.1,20230600,516.2,20230300,520.1,20230600
2023-02-03 08:00:00,520.1,20230600,511.0,20230300,520.1,20230600
2023-02-03 09:00:00,520.1,20230600,512.7,20230300,520.1,20230600
2023-02-03 11:00:00,520.1,20230600,513.0,20230300,520.1,20230600
2023-02-03 12:00:00,520.1,20230600,513.3,20230300,520.1,20230600
2023-02-03 13:00:00,520.1,20230600,510.6,20230300,520.1,20230600
2023-02-03 14:00:00,520.1,20230600,512.2,20230300,520.1,20230600
2023-02-03 15:00:00,520.1,20230600,513.0,20230300,520.1,20230600
2023-02-03 16:00:00,520.1,20230600,513.6,20230300,520.1,20230600
2023-02-03 23:00:00,517.3,20230600,513.5,20230300,517.3,20230600
2023-02-06 09:00:00,517.3,20230600,509.2,20230300,517.3,20230600
2023-02-06 10:00:00,517.3,20230600,507.2,20230300,517.3,20230600
2023-02-06 11:00:00,517.3,20230600,506.5,20230300,517.3,20230600
2023-02-06 14:00:00,517.3,20230600,508.4,20230300,517.3,20230600
2023-02-06 15:00:00,517.3,20230600,508.1,20230300,517.3,20230600
2023-02-06 23:00:00,512.3,20230600,508.5,20230300,512.3,20230600
2023-02-07 09:00:00,512.3,20230600,509.0,20230300,512.3,20230600
2023-02-07 10:00:00,512.3,20230600,508.9,20230300,512.3,20230600
2023-02-07 11:00:00,512.3,20230600,508.7,20230300,512.3,20230600
2023-02-07 15:00:00,512.3,20230600,507.2,20230300,512.3,20230600
2023-02-07 16:00:00,512.3,20230600,508.0,20230300,512.3,20230600
2023-02-07 23:00:00,511.7,20230600,507.9,20230300,511.7,20230600
2023-02-08 09:00:00,511.7,20230600,513.7,20230300,511.7,20230600
2023-02-08 14:00:00,511.7,20230600,513.4,20230300,511.7,20230600
2023-02-08 16:00:00,511.7,20230600,509.3,20230300,511.7,20230600
2023-02-08 23:00:00,513.1,20230600,509.3,20230300,513.1,20230600
2023-02-09 08:00:00,513.1,20230600,512.6,20230300,513.1,20230600
2023-02-09 09:00:00,513.1,20230600,511.8,20230300,513.1,20230600
2023-02-09 10:00:00,513.1,20230600,513.1,20230300,513.1,20230600
2023-02-09 12:00:00,513.1,20230600,513.9,20230300,513.1,20230600
2023-02-09 15:00:00,513.1,20230600,512.0,20230300,513.1,20230600
2023-02-09 16:00:00,513.1,20230600,511.5,20230300,513.1,20230600
2023-02-09 23:00:00,515.4,20230600,511.5,20230300,515.4,20230600
2023-02-10 08:00:00,515.4,20230600,507.2,20230300,515.4,20230600
2023-02-10 09:00:00,515.4,20230600,506.5,20230300,515.4,20230600
2023-02-10 14:00:00,515.4,20230600,503.1,20230300,515.4,20230600
2023-02-10 16:00:00,515.4,20230600,502.3,20230300,515.4,20230600
2023-02-10 23:00:00,506.1,20230600,502.3,20230300,506.1,20230600
2023-02-13 16:00:00,506.1,20230600,506.1,20230300,506.1,20230600
2023-02-13 23:00:00,509.8,20230600,506.0,20230300,509.8,20230600
2023-02-14 09:00:00,509.8,20230600,508.7,20230300,509.8,20230600
2023-02-14 13:00:00,509.8,20230600,507.9,20230300,509.8,20230600
2023-02-14 14:00:00,509.8,20230600,507.0,20230300,509.8,20230600
2023-02-14 15:00:00,509.8,20230600,506.1,20230300,509.8,20230600
2023-02-14 16:00:00,509.8,20230600,507.0,20230300,509.8,20230600
2023-02-14 23:00:00,510.4,20230600,506.5,20230300,510.4,20230600
2023-02-15 23:00:00,513.4,20230600,509.5,20230300,513.4,20230600
2023-02-16 09:00:00,513.4,20230600,512.5,20230300,513.4,20230600
2023-02-16 14:00:00,513.4,20230600,508.2,20230300,513.4,20230600
2023-02-16 15:00:00,513.4,20230600,510.7,20230300,513.4,20230600
2023-02-16 16:00:00,513.4,20230600,511.0,20230300,513.4,20230600
2023-02-16 23:00:00,515.0,20230600,511.1,20230300,515.0,20230600
2023-02-17 11:00:00,515.0,20230600,507.6,20230300,515.0,20230600
2023-02-17 23:00:00,513.1,20230600,509.3,20230300,513.1,20230600
2023-02-20 15:00:00,513.1,20230600,509.4,20230300,513.1,20230600
2023-02-20 16:00:00,513.1,20230600,509.9,20230300,513.1,20230600
2023-02-20 23:00:00,513.6,20230600,509.8,20230300,513.6,20230600
2023-02-21 12:00:00,513.6,20230600,508.1,20230300,513.6,20230600
2023-02-21 14:00:00,513.6,20230600,508.1,20230300,513.6,20230600
2023-02-21 15:00:00,513.6,20230600,507.4,20230300,513.6,20230600
2023-02-21 23:00:00,510.8,20230600,507.0,20230300,510.8,20230600
2023-02-22 08:00:00,510.8,20230600,501.4,20230300,510.8,20230600
2023-02-22 11:00:00,510.8,20230600,501.1,20230300,510.8,20230600
2023-02-22 12:00:00,510.8,20230600,503.6,20230300,510.8,20230600
2023-02-22 13:00:00,510.8,20230600,503.8,20230300,510.8,20230600
2023-02-22 14:00:00,510.8,20230600,503.5,20230300,510.8,20230600
2023-02-22 15:00:00,510.8,20230600,503.0,20230300,510.8,20230600
2023-02-22 16:00:00,510.8,20230600,503.8,20230300,510.8,20230600
2023-02-22 23:00:00,507.2,20230600,503.5,20230300,507.2,20230600
2023-02-23 14:00:00,507.2,20230600,506.2,20230300,507.2,20230600
2023-02-23 23:00:00,508.9,20230600,505.2,20230300,508.9,20230600
2023-02-24 13:00:00,508.9,20230600,506.1,20230300,508.9,20230600
2023-02-24 14:00:00,508.9,20230600,502.0,20230300,508.9,20230600
2023-02-24 16:00:00,508.9,20230600,501.8,20230300,508.9,20230600
2023-02-24 23:00:00,506.0,20230600,502.3,20230300,506.0,20230600
2023-02-27 23:00:00,511.6,20230600,507.8,20230300,511.6,20230600
2023-02-28 16:00:00,511.6,20230600,509.5,20230300,511.6,20230600
2023-02-28 23:00:00,503.3,20230600,509.5,20230300,503.3,20230600
2023-03-01 10:00:00,503.3,20230600,509.2,20230300,503.3,20230600
2023-03-01 13:00:00,503.3,20230600,507.8,20230300,503.3,20230600
2023-03-01 14:00:00,503.3,20230600,507.6,20230300,503.3,20230600
2023-03-01 15:00:00,503.3,20230600,507.2,20230300,503.3,20230600
2023-03-01 16:00:00,503.3,20230600,504.1,20230300,503.3,20230600
2023-03-01 23:00:00,499.3,20230600,504.5,20230300,499.3,20230600
2023-03-02 08:00:00,499.3,20230600,502.5,20230300,499.3,20230600
2023-03-02 09:00:00,499.3,20230600,504.2,20230300,499.3,20230600
2023-03-02 13:00:00,499.3,20230600,504.9,20230300,499.3,20230600
2023-03-02 15:00:00,499.3,20230600,505.3,20230300,499.3,20230600
2023-03-02 16:00:00,499.3,20230600,505.7,20230300,499.3,20230600
2023-03-02 23:00:00,499.9,20230600,505.4,20230300,499.9,20230600
2023-03-03 08:00:00,499.9,20230600,508.2,20230300,499.9,20230600
2023-03-03 23:00:00,506.1,20230600,511.5,20230300,506.1,20230600
2023-03-06 13:00:00,506.1,20230600,512.2,20230300,506.1,20230600
2023-03-06 16:00:00,506.1,20230600,511.7,20230300,506.1,20230600
2023-03-06 23:00:00,507.1,20230600,512.0,20230300,507.1,20230600
2023-03-07 08:00:00,507.1,20230600,512.7,20230300,507.1,20230600
2023-03-07 09:00:00,507.1,20230600,513.4,20230300,507.1,20230600
2023-03-07 11:00:00,507.1,20230600,512.7,20230300,507.1,20230600
2023-03-07 15:00:00,507.1,20230600,508.0,20230300,507.1,20230600
2023-03-07 23:00:00,502.1,20230600,507.0,20230300,502.1,20230600
2023-03-08 10:00:00,502.1,20230600,505.5,20230300,502.1,20230600
2023-03-08 12:00:00,502.1,20230600,505.9,20230300,502.1,20230600
2023-03-08 15:00:00,502.1,20230600,507.7,20230300,502.1,20230600
2023-03-08 16:00:00,502.1,20230600,508.2,20230300,502.1,20230600
2023-03-08 23:00:00,503.6,20230600,508.3,20230300,503.6,20230600
2023-03-09 08:00:00,503.6,20230600,506.1,20230300,503.6,20230600
2023-03-09 09:00:00,503.6,20230600,505.3,20230300,503.6,20230600
2023-03-09 11:00:00,503.6,20230600,504.0,20230300,503.6,20230600
2023-03-09 12:00:00,503.6,20230600,503.2,20230300,503.6,20230600
2023-03-09 15:00:00,503.6,20230600,505.6,20230300,503.6,20230600
2023-03-09 16:00:00,503.6,20230600,505.2,20230300,503.6,20230600
2023-03-09 23:00:00,500.4,20230600,505.2,20230300,500.4,20230600
2023-03-10 09:00:00,500.4,20230600,496.8,20230300,500.4,20230600
2023-03-10 13:00:00,500.4,20230600,499.6,20230300,500.4,20230600
2023-03-10 14:00:00,490.7,20230600,497.5,20230300,490.7,20230600
2023-03-10 16:00:00,490.7,20230600,495.9,20230300,490.7,20230600
2023-03-10 23:00:00,491.1,20230600,495.9,20230300,491.1,20230600
2023-03-13 08:00:00,491.1,20230600,489.3,20230300,491.1,20230600
2023-03-13 10:00:00,491.1,20230600,482.5,20230300,491.1,20230600
2023-03-13 13:00:00,491.1,20230600,482.2,20230300,491.1,20230600
2023-03-13 14:00:00,491.1,20230600,483.4,20230300,491.1,20230600
2023-03-13 14:00:01,491.1,20230600,483.4,20230300,478.6,20230600
2023-03-13 14:00:02,491.1,20230900,478.6,20230600,478.6,20230900
2023-03-13 16:00:00,491.1,20230900,479.1,20230600,478.6,20230900
2023-03-13 23:00:00,492.5,20230900,479.1,20230600,492.5,20230900
2023-03-14 12:00:00,492.5,20230900,484.2,20230600,492.5,20230900
2023-03-14 13:00:00,492.5,20230900,486.9,20230600,492.5,20230900
2023-03-14 15:00:00,492.5,20230900,488.2,20230600,492.5,20230900
2023-03-14 16:00:00,492.5,20230900,486.7,20230600,492.5,20230900
2023-03-14 23:00:00,499.1,20230900,486.7,20230600,499.1,20230900
2023-03-15 08:00:00,499.1,20230900,482.6,20230600,499.1,20230900
2023-03-15 11:00:00,499.1,20230900,472.3,20230600,499.1,20230900
2023-03-15 14:00:00,499.1,20230900,472.3,20230600,499.1,20230900
2023-03-15 15:00:00,499.1,20230900,472.2,20230600,499.1,20230900
2023-03-15 16:00:00,499.1,20230900,469.8,20230600,499.1,20230900
2023-03-15 23:00:00,482.6,20230900,469.3,20230600,482.6,20230900
2023-03-16 10:00:00,482.6,20230900,471.1,20230600,482.6,20230900
2023-03-16 14:00:00,482.6,20230900,471.7,20230600,482.6,20230900
2023-03-16 16:00:00,482.6,20230900,476.6,20230600,482.6,20230900
2023-03-16 23:00:00,488.7,20230900,476.2,20230600,488.7,20230900
2023-03-17 08:00:00,488.7,20230900,477.1,20230600,488.7,20230900
2023-03-17 10:00:00,488.7,20230900,478.1,20230600,488.7,20230900
2023-03-17 12:00:00,488.7,20230900,470.2,20230600,488.7,20230900
2023-03-17 13:00:00,488.7,20230900,468.7,20230600,488.7,20230900
2023-03-17 16:00:00,488.7,20230900,469.3,20230600,488.7,20230900
2023-03-17 23:00:00,472.1,20230900,468.1,20230600,472.1,20230900
2023-03-20 08:00:00,472.1,20230900,460.7,20230600,472.1,20230900
2023-03-20 09:00:00,472.1,20230900,465.3,20230600,472.1,20230900
2023-03-20 11:00:00,472.1,20230900,470.1,20230600,472.1,20230900
2023-03-20 12:00:00,472.1,20230900,469.5,20230600,472.1,20230900
2023-03-20 13:00:00,472.1,20230900,471.2,20230600,472.1,20230900
2023-03-20 15:00:00,472.1,20230900,474.3,20230600,472.1,20230900
2023-03-20 16:00:00,472.1,20230900,473.3,20230600,472.1,20230900
2023-03-20 23:00:00,477.3,20230900,473.3,20230600,477.3,20230900
2023-03-21 08:00:00,477.3,20230900,480.5,20230600,477.3,20230900
2023-03-21 09:00:00,477.3,20230900,480.9,20230600,477.3,20230900
2023-03-21 14:00:00,477.3,20230900,480.4,20230600,477.3,20230900
2023-03-21 15:00:00,477.3,20230900,480.6,20230600,477.3,20230900
2023-03-21 23:00:00,484.9,20230900,480.9,20230600,484.9,20230900
2023-03-22 08:00:00,484.9,20230900,479.1,20230600,484.9,20230900
2023-03-22 09:00:00,484.9,20230900,480.3,20230600,484.9,20230900
2023-03-22 23:00:00,483.5,20230900,479.3,20230600,483.5,20230900
2023-03-23 08:00:00,483.5,20230900,476.4,20230600,483.5,20230900
2023-03-23 09:00:00,483.5,20230900,474.8,20230600,483.5,20230900
2023-03-23 10:00:00,483.5,20230900,474.9,20230600,483.5,20230900
2023-03-23 12:00:00,483.5,20230900,475.6,20230600,483.5,20230900
2023-03-23 13:00:00,483.5,20230900,477.1,20230600,483.5,20230900
2023-03-23 15:00:00,483.5,20230900,478.5,20230600,483.5,20230900
2023-03-23 16:00:00,483.5,20230900,478.3,20230600,483.5,20230900
2023-03-23 23:00:00,482.6,20230900,478.3,20230600,482.6,20230900
2023-03-24 11:00:00,482.6,20230900,468.2,20230600,482.6,20230900
2023-03-24 16:00:00,482.6,20230900,468.8,20230600,482.6,20230900
2023-03-24 23:00:00,473.0,20230900,468.8,20230600,473.0,20230900
2023-03-27 09:00:00,473.0,20230900,473.9,20230600,473.0,20230900
2023-03-27 10:00:00,473.0,20230900,474.5,20230600,473.0,20230900
2023-03-27 11:00:00,473.0,20230900,475.4,20230600,473.0,20230900
2023-03-27 15:00:00,473.0,20230900,475.4,20230600,473.0,20230900
2023-03-27 16:00:00,473.0,20230900,474.8,20230600,473.0,20230900
2023-03-27 23:00:00,478.5,20230900,474.3,20230600,478.5,20230900
2023-03-28 08:00:00,478.5,20230900,477.0,20230600,478.5,20230900
2023-03-28 14:00:00,478.5,20230900,472.9,20230600,478.5,20230900
2023-03-28 15:00:00,478.5,20230900,473.6,20230600,478.5,20230900
2023-03-28 23:00:00,478.4,20230900,474.1,20230600,478.4,20230900
2023-03-29 09:00:00,478.4,20230900,476.1,20230600,478.4,20230900
2023-03-29 10:00:00,478.4,20230900,477.2,20230600,478.4,20230900
2023-03-29 11:00:00,478.4,20230900,477.3,20230600,478.4,20230900
2023-03-29 12:00:00,478.4,20230900,477.9,20230600,478.4,20230900
2023-03-29 13:00:00,478.4,20230900,478.4,20230600,478.4,20230900
2023-03-29 15:00:00,478.4,20230900,479.1,20230600,478.4,20230900
2023-03-29 16:00:00,478.4,20230900,479.1,20230600,478.4,20230900
2023-03-29 23:00:00,484.4,20230900,480.0,20230600,484.4,20230900
2023-03-30 08:00:00,484.4,20230900,485.9,20230600,484.4,20230900
2023-03-30 09:00:00,484.4,20230900,485.7,20230600,484.4,20230900
2023-03-30 10:00:00,484.4,20230900,486.5,20230600,484.4,20230900
2023-03-30 13:00:00,484.4,20230900,486.5,20230600,484.4,20230900
2023-03-30 14:00:00,484.4,20230900,486.7,20230600,484.4,20230900
2023-03-30 23:00:00,492.4,20230900,488.0,20230600,492.4,20230900
2023-03-31 14:00:00,492.4,20230900,490.5,20230600,492.4,20230900
2023-03-31 15:00:00,492.4,20230900,491.1,20230600,492.4,20230900
2023-03-31 16:00:00,492.4,20230900,491.9,20230600,492.4,20230900
2023-03-31 23:00:00,496.3,20230900,491.8,20230600,496.3,20230900
2023-04-03 16:00:00,496.3,20230900,490.0,20230600,496.3,20230900
2023-04-03 23:00:00,493.6,20230900,489.2,20230600,493.6,20230900
2023-04-04 08:00:00,493.6,20230900,491.6,20230600,493.6,20230900
2023-04-04 13:00:00,493.6,20230900,492.8,20230600,493.6,20230900
2023-04-04 15:00:00,493.6,20230900,489.7,20230600,493.6,20230900
2023-04-04 16:00:00,493.6,20230900,489.0,20230600,493.6,20230900
2023-04-04 23:00:00,493.5,20230900,489.0,20230600,493.5,20230900
2023-04-05 08:00:00,493.5,20230900,487.6,20230600,493.5,20230900
2023-04-05 15:00:00,493.5,20230900,483.3,20230600,493.5,20230900
2023-04-05 16:00:00,493.5,20230900,484.3,20230600,493.5,20230900
2023-04-05 23:00:00,487.8,20230900,483.4,20230600,487.8,20230900
2023-04-06 08:00:00,487.8,20230900,485.0,20230600,487.8,20230900
2023-04-06 14:00:00,487.8,20230900,486.1,20230600,487.8,20230900
2023-04-06 15:00:00,487.8,20230900,486.0,20230600,487.8,20230900
2023-04-06 23:00:00,490.9,20230900,486.6,20230600,490.9,20230900
2023-04-11 14:00:00,490.9,20230900,490.3,20230600,490.9,20230900
2023-04-11 15:00:00,490.9,20230900,490.8,20230600,490.9,20230900
2023-04-11 23:00:00,498.4,20230900,493.9,20230600,498.4,20230900
2023-04-12 09:00:00,498.4,20230900,491.6,20230600,498.4,20230900
2023-04-12 14:00:00,498.4,20230900,493.6,20230600,498.4,20230900
2023-04-12 15:00:00,498.4,20230900,491.4,20230600,498.4,20230900
2023-04-12 16:00:00,498.4,20230900,491.5,20230600,498.4,20230900
2023-04-12 23:00:00,496.0,20230900,491.5,20230600,496.0,20230900
2023-04-13 15:00:00,496.0,20230900,492.1,20230600,496.0,20230900
2023-04-13 16:00:00,496.0,20230900,493.3,20230600,496.0,20230900
2023-04-13 23:00:00,497.8,20230900,493.2,20230600,497.8,20230900
2023-04-14 11:00:00,497.8,20230900,495.9,20230600,497.8,20230900
2023-04-14 15:00:00,497.8,20230900,496.1,20230600,497.8,20230900
2023-04-14 16:00:00,497.8,20230900,496.4,20230600,497.8,20230900
2023-04-14 23:00:00,501.1,20230900,496.4,20230600,501.1,20230900
2023-04-17 15:00:00,501.1,20230900,497.6,20230600,501.1,20230900
2023-04-17 16:00:00,501.1,20230900,497.5,20230600,501.1,20230900
2023-04-17 23:00:00,502.6,20230900,497.9,20230600,502.6,20230900
2023-04-18 09:00:00,502.6,20230900,499.0,20230600,502.6,20230900
2023-04-18 14:00:00,502.6,20230900,500.7,20230600,502.6,20230900
2023-04-18 23:00:00,504.8,20230900,500.1,20230600,504.8,20230900
2023-04-19 08:00:00,504.8,20230900,498.3,20230600,504.8,20230900
2023-04-19 09:00:00,504.8,20230900,498.1,20230600,504.8,20230900
2023-04-19 10:00:00,504.8,20230900,497.6,20230600,504.8,20230900
2023-04-19 11:00:00,504.8,20230900,497.9,20230600,504.8,20230900
2023-04-19 14:00:00,504.8,20230900,498.6,20230600,504.8,20230900
2023-04-19 16:00:00,504.8,20230900,500.0,20230600,504.8,20230900
2023-04-19 23:00:00,503.9,20230900,499.2,20230600,503.9,20230900
2023-04-20 08:00:00,503.9,20230900,497.5,20230600,503.9,20230900
2023-04-20 09:00:00,503.9,20230900,497.5,20230600,503.9,20230900
2023-04-20 13:00:00,503.9,20230900,496.4,20230600,503.9,20230900
2023-04-20 16:00:00,503.9,20230900,498.0,20230600,503.9,20230900
2023-04-20 23:00:00,502.3,20230900,497.6,20230600,502.3,20230900
2023-04-21 10:00:00,502.3,20230900,496.6,20230600,502.3,20230900
2023-04-21 11:00:00,502.3,20230900,494.9,20230600,502.3,20230900
2023-04-21 15:00:00,502.3,20230900,496.9,20230600,502.3,20230900
2023-04-21 16:00:00,502.3,20230900,497.5,20230600,502.3,20230900
2023-04-21 23:00:00,502.2,20230900,497.5,20230600,502.2,20230900
2023-04-24 10:00:00,502.2,20230900,499.0,20230600,502.2,20230900
2023-04-24 11:00:00,502.2,20230900,499.0,20230600,502.2,20230900
2023-04-24 16:00:00,502.2,20230900,498.8,20230600,502.2,20230900
2023-04-24 23:00:00,503.5,20230900,498.8,20230600,503.5,20230900
2023-04-25 08:00:00,503.5,20230900,495.6,20230600,503.5,20230900
2023-04-25 13:00:00,503.5,20230900,496.0,20230600,503.5,20230900
2023-04-25 15:00:00,503.5,20230900,495.2,20230600,503.5,20230900
2023-04-25 16:00:00,503.5,20230900,495.3,20230600,503.5,20230900
2023-04-25 23:00:00,500.5,20230900,495.8,20230600,500.5,20230900
2023-04-26 08:00:00,500.5,20230900,493.2,20230600,500.5,20230900
2023-04-26 09:00:00,500.5,20230900,492.3,20230600,500.5,20230900
2023-04-26 14:00:00,500.5,20230900,492.7,20230600,500.5,20230900
2023-04-26 15:00:00,500.5,20230900,492.0,20230600,500.5,20230900
2023-04-26 16:00:00,500.5,20230900,493.8,20230600,500.5,20230900
2023-04-26 23:00:00,498.4,20230900,493.7,20230600,498.4,20230900
2023-04-27 10:00:00,498.4,20230900,494.3,20230600,498.4,20230900
2023-04-27 15:00:00,498.4,20230900,495.1,20230600,498.4,20230900
2023-04-27 16:00:00,498.4,20230900,496.6,20230600,498.4,20230900
2023-04-27 23:00:00,500.0,20230900,495.4,20230600,500.0,20230900
2023-04-28 14:00:00,500.0,20230900,497.6,20230600,500.0,20230900
2023-04-28 15:00:00,500.0,20230900,499.3,20230600,500.0,20230900
2023-04-28 16:00:00,500.0,20230900,499.1,20230600,500.0,20230900
2023-04-28 23:00:00,504.1,20230900,499.4,20230600,504.1,20230900
2023-05-02 08:00:00,504.1,20230900,500.3,20230600,504.1,20230900
2023-05-02 09:00:00,504.1,20230900,498.3,20230600,504.1,20230900
2023-05-02 15:00:00,504.1,20230900,495.6,20230600,504.1,20230900
2023-05-02 16:00:00,504.1,20230900,493.9,20230600,504.1,20230900
2023-05-02 23:00:00,497.9,20230900,493.4,20230600,497.9,20230900
2023-05-03 08:00:00,497.9,20230900,495.6,20230600,497.9,20230900
2023-05-03 16:00:00,497.9,20230900,495.9,20230600,497.9,20230900
2023-05-03 23:00:00,499.5,20230900,494.9,20230600,499.5,20230900
2023-05-04 08:00:00,499.5,20230900,492.9,20230600,499.5,20230900
2023-05-04 09:00:00,499.5,20230900,492.9,20230600,499.5,20230900
2023-05-04 10:00:00,499.5,20230900,492.0,20230600,499.5,20230900
2023-05-04 14:00:00,499.5,20230900,491.5,20230600,499.5,20230900
2023-05-04 15:00:00,499.5,20230900,491.1,20230600,499.5,20230900
2023-05-04 23:00:00,496.9,20230900,492.4,20230600,496.9,20230900
2023-05-05 08:00:00,496.9,20230900,494.6,20230600,496.9,20230900
2023-05-05 09:00:00,496.9,20230900,494.7,20230600,496.9,20230900
2023-05-05 12:00:00,496.9,20230900,496.0,20230600,496.9,20230900
2023-05-05 13:00:00,496.9,20230900,496.3,20230600,496.9,20230900
2023-05-05 14:00:00,496.9,20230900,497.1,20230600,496.9,20230900
2023-05-05 16:00:00,496.9,20230900,499.0,20230600,496.9,20230900
2023-05-05 19:00:00,496.9,20230900,496.9,20230600,496.9,20230900
2023-05-05 23:00:00,503.9,20230900,499.4,20230600,503.9,20230900
2023-05-08 09:00:00,503.9,20230900,499.3,20230600,503.9,20230900
2023-05-08 13:00:00,503.9,20230900,500.7,20230600,503.9,20230900
2023-05-08 15:00:00,503.9,20230900,500.7,20230600,503.9,20230900
2023-05-08 16:00:00,503.9,20230900,501.9,20230600,503.9,20230900
2023-05-08 23:00:00,506.4,20230900,501.9,20230600,506.4,20230900
2023-05-09 12:00:00,506.4,20230900,496.4,20230600,506.4,20230900
2023-05-09 23:00:00,502.6,20230900,498.1,20230600,502.6,20230900
2023-05-10 14:00:00,502.6,20230900,495.3,20230600,502.6,20230900
2023-05-10 15:00:00,502.6,20230900,495.4,20230600,502.6,20230900
2023-05-10 16:00:00,502.6,20230900,495.5,20230600,502.6,20230900
2023-05-10 23:00:00,500.7,20230900,496.2,20230600,500.7,20230900
2023-05-11 16:00:00,500.7,20230900,496.3,20230600,500.7,20230900
2023-05-11 23:00:00,500.6,20230900,496.1,20230600,500.6,20230900
2023-05-12 16:00:00,500.6,20230900,497.4,20230600,500.6,20230900
2023-05-12 23:00:00,502.0,20230900,497.4,20230600,502.0,20230900
2023-05-15 14:00:00,502.0,20230900,498.6,20230600,502.0,20230900
2023-05-15 16:00:00,502.0,20230900,500.0,20230600,502.0,20230900
2023-05-15 23:00:00,504.5,20230900,500.0,20230600,504.5,20230900
2023-05-16 08:00:00,504.5,20230900,499.3,20230600,504.5,20230900
2023-05-16 09:00:00,504.5,20230900,499.9,20230600,504.5,20230900
2023-05-16 12:00:00,504.5,20230900,500.0,20230600,504.5,20230900
2023-05-16 13:00:00,504.5,20230900,499.7,20230600,504.5,20230900
2023-05-16 15:00:00,504.5,20230900,497.0,20230600,504.5,20230900
2023-05-16 23:00:00,502.6,20230900,498.0,20230600,502.6,20230900
2023-05-17 07:00:00,502.6,20230900,496.1,20230600,502.6,20230900
2023-05-17 23:00:00,501.1,20230900,496.6,20230600,501.1,20230900
2023-05-18 09:00:00,501.1,20230900,500.3,20230600,501.1,20230900
2023-05-18 16:00:00,501.1,20230900,500.0,20230600,501.1,20230900
2023-05-18 23:00:00,503.2,20230900,498.7,20230600,503.2,20230900
2023-05-19 16:00:00,503.2,20230900,499.7,20230600,503.2,20230900
2023-05-19 23:00:00,504.4,20230900,499.8,20230600,504.4,20230900
2023-05-22 16:00:00,504.4,20230900,499.9,20230600,504.4,20230900
2023-05-22 23:00:00,504.2,20230900,499.6,20230600,504.2,20230900
2023-05-23 08:00:00,504.2,20230900,498.5,20230600,504.2,20230900
2023-05-23 09:00:00,504.2,20230900,499.0,20230600,504.2,20230900
2023-05-23 15:00:00,504.2,20230900,498.2,20230600,504.2,20230900
2023-05-23 23:00:00,502.2,20230900,497.6,20230600,502.2,20230900
2023-05-24 08:00:00,502.2,20230900,493.6,20230600,502.2,20230900
2023-05-24 09:00:00,502.2,20230900,489.6,20230600,502.2,20230900
2023-05-24 10:00:00,502.2,20230900,489.0,20230600,502.2,20230900
2023-05-24 16:00:00,502.2,20230900,488.3,20230600,502.2,20230900
2023-05-24 23:00:00,492.3,20230900,487.8,20230600,492.3,20230900
2023-05-25 14:00:00,492.3,20230900,487.2,20230600,492.3,20230900
2023-05-25 16:00:00,492.3,20230900,486.5,20230600,492.3,20230900
2023-05-25 23:00:00,490.9,20230900,486.5,20230600,490.9,20230900
2023-05-26 10:00:00,490.9,20230900,485.0,20230600,490.9,20230900
2023-05-26 23:00:00,496.3,20230900,491.8,20230600,496.3,20230900
2023-05-29 23:00:00,494.0,20230900,489.5,20230600,494.0,20230900
2023-05-30 09:00:00,494.0,20230900,491.3,20230600,494.0,20230900
2023-05-30 23:00:00,492.4,20230900,488.0,20230600,492.4,20230900
2023-05-31 12:00:00,492.4,20230900,485.9,20230600,492.4,20230900
2023-05-31 16:00:00,492.4,20230900,482.5,20230600,492.4,20230900
2023-05-31 23:00:00,486.9,20230900,482.5,20230600,486.9,20230900
2023-06-01 08:00:00,486.9,20230900,485.3,20230600,486.9,20230900
2023-06-01 16:00:00,486.9,20230900,485.8,20230600,486.9,20230900
2023-06-01 23:00:00,490.7,20230900,486.3,20230600,490.7,20230900
2023-06-02 10:00:00,490.7,20230900,492.3,20230600,490.7,20230900
2023-06-02 13:00:00,490.7,20230900,493.8,20230600,490.7,20230900
2023-06-02 14:00:00,490.7,20230900,494.5,20230600,490.7,20230900
2023-06-02 16:00:00,490.7,20230900,495.8,20230600,490.7,20230900
2023-06-02 23:00:00,500.3,20230900,495.8,20230600,500.3,20230900
2023-06-05 11:00:00,500.3,20230900,496.0,20230600,500.3,20230900
2023-06-05 13:00:00,500.3,20230900,495.9,20230600,500.3,20230900
2023-06-05 15:00:00,500.3,20230900,492.8,20230600,500.3,20230900
2023-06-05 16:00:00,500.3,20230900,493.2,20230600,500.3,20230900
2023-06-05 23:00:00,497.7,20230900,493.2,20230600,497.7,20230900
2023-06-06 10:00:00,497.7,20230900,492.5,20230600,497.7,20230900
2023-06-06 11:00:00,497.7,20230900,491.8,20230600,497.7,20230900
2023-06-06 16:00:00,497.7,20230900,495.1,20230600,497.7,20230900
2023-06-06 23:00:00,495.5,20230900,495.1,20230600,495.5,20230900
2023-06-07 23:00:00,496.0,20230900,494.9,20230600,496.0,20230900
2023-06-08 13:00:00,496.0,20230900,494.9,20230600,496.0,20230900
2023-06-08 23:00:00,495.9,20230900,494.7,20230600,495.9,20230900
2023-06-09 11:00:00,495.9,20230900,492.9,20230600,495.9,20230900
2023-06-09 23:00:00,494.8,20230900,493.8,20230600,494.8,20230900
2023-06-12 09:00:00,494.8,20230900,496.9,20230600,494.8,20230900
2023-06-12 10:00:00,494.8,20230900,496.9,20230600,494.8,20230900
2023-06-12 15:00:00,494.8,20230900,495.2,20230600,494.8,20230900
2023-06-12 16:00:00,497.0,20230900,495.7,20230600,497.0,20230900
2023-06-12 23:00:00,496.1,20230900,495.1,20230600,496.1,20230900
2023-06-13 16:00:00,500.6,20230900,499.3,20230600,500.6,20230900
2023-06-13 23:00:00,499.5,20230900,498.3,20230600,499.5,20230900
2023-06-14 13:00:00,500.8,20230900,498.3,20230600,500.8,20230900
2023-06-14 13:00:01,500.8,20230900,499.6,20230600,500.8,20230900
2023-06-14 13:00:02,500.8,20231200,500.8,20230900,500.8,20231200
2023-06-14 16:00:00,500.8,20231200,499.5,20230900,500.8,20231200
2023-06-14 23:00:00,509.2,20231200,500.7,20230900,509.2,20231200
2023-06-15 09:00:00,509.2,20231200,498.5,20230900,509.2,20231200
2023-06-15 11:00:00,509.2,20231200,497.0,20230900,509.2,20231200
2023-06-15 12:00:00,509.2,20231200,495.9,20230900,509.2,20231200
2023-06-15 16:00:00,509.2,20231200,498.0,20230900,509.2,20231200
2023-06-15 23:00:00,506.6,20231200,498.2,20230900,506.6,20231200
2023-06-16 08:00:00,506.6,20231200,499.6,20230900,506.6,20231200
2023-06-16 14:00:00,506.6,20231200,500.2,20230900,506.6,20231200
2023-06-16 15:00:00,506.6,20231200,500.4,20230900,506.6,20231200
2023-06-16 16:00:00,506.6,20231200,501.3,20230900,506.6,20231200
2023-06-16 23:00:00,505.1,20231200,500.4,20230900,505.1,20231200
2023-06-19 08:00:00,505.1,20231200,497.4,20230900,505.1,20231200
2023-06-19 12:00:00,505.1,20231200,494.0,20230900,505.1,20231200
2023-06-19 15:00:00,505.1,20231200,492.9,20230900,505.1,20231200
2023-06-19 16:00:00,505.1,20231200,492.0,20230900,505.1,20231200
2023-06-19 23:00:00,496.5,20231200,492.0,20230900,496.5,20231200
2023-06-20 08:00:00,496.5,20231200,490.4,20230900,496.5,20231200
2023-06-20 09:00:00,496.5,20231200,489.1,20230900,496.5,20231200
2023-06-20 10:00:00,496.5,20231200,488.2,20230900,496.5,20231200
2023-06-20 14:00:00,496.5,20231200,489.9,20230900,496.5,20231200
2023-06-20 16:00:00,496.5,20231200,488.9,20230900,496.5,20231200
2023-06-20 23:00:00,493.8,20231200,488.6,20230900,493.8,20231200
2023-06-21 15:00:00,493.8,20231200,484.9,20230900,493.8,20231200
2023-06-21 23:00:00,489.5,20231200,484.4,20230900,489.5,20231200
2023-06-22 08:00:00,489.5,20231200,479.2,20230900,489.5,20231200
2023-06-22 09:00:00,489.5,20231200,480.6,20230900,489.5,20231200
2023-06-22 11:00:00,489.5,20231200,480.9,20230900,489.5,20231200
2023-06-22 12:00:00,489.5,20231200,480.8,20230900,489.5,20231200
2023-06-22 13:00:00,489.5,20231200,480.8,20230900,489.5,20231200
2023-06-22 23:00:00,487.0,20231200,481.9,20230900,487.0,20231200
2023-06-23 08:00:00,487.0,20231200,479.6,20230900,487.0,20231200
2023-06-23 12:00:00,487.0,20231200,480.7,20230900,487.0,20231200
2023-06-23 13:00:00,487.0,20231200,479.3,20230900,487.0,20231200
2023-06-23 16:00:00,487.0,20231200,479.1,20230900,487.0,20231200
2023-06-23 23:00:00,484.0,20231200,478.9,20230900,484.0,20231200
2023-06-26 09:00:00,484.0,20231200,478.1,20230900,484.0,20231200
2023-06-26 10:00:00,484.0,20231200,477.1,20230900,484.0,20231200
2023-06-26 13:00:00,484.0,20231200,479.0,20230900,484.0,20231200
2023-06-26 14:00:00,484.0,20231200,479.4,20230900,484.0,20231200
2023-06-26 23:00:00,485.1,20231200,480.0,20230900,485.1,20231200
2023-06-27 08:00:00,485.1,20231200,481.0,20230900,485.1,20231200
2023-06-27 11:00:00,485.1,20231200,478.7,20230900,485.1,20231200
2023-06-27 12:00:00,485.1,20231200,479.3,20230900,485.1,20231200
2023-06-27 15:00:00,485.1,20231200,480.8,20230900,485.1,20231200
2023-06-27 16:00:00,485.1,20231200,480.3,20230900,485.1,20231200
2023-06-27 23:00:00,485.7,20231200,480.6,20230900,485.7,20231200
2023-06-28 10:00:00,485.7,20231200,482.8,20230900,485.7,20231200
2023-06-28 12:00:00,485.7,20231200,484.7,20230900,485.7,20231200
2023-06-28 15:00:00,485.7,20231200,485.1,20230900,485.7,20231200
2023-06-28 16:00:00,485.7,20231200,485.4,20230900,485.7,20231200
2023-06-28 23:00:00,490.2,20231200,485.1,20230900,490.2,20231200
2023-06-29 08:00:00,490.2,20231200,484.2,20230900,490.2,20231200
2023-06-29 10:00:00,490.2,20231200,484.9,20230900,490.2,20231200
2023-06-29 13:00:00,490.2,20231200,485.1,20230900,490.2,20231200
2023-06-29 14:00:00,490.2,20231200,485.0,20230900,490.2,20231200
2023-06-29 16:00:00,490.2,20231200,484.5,20230900,490.2,20231200
2023-06-29 23:00:00,489.6,20231200,484.5,20230900,489.6,20231200
2023-06-30 08:00:00,489.6,20231200,487.3,20230900,489.6,20231200
2023-06-30 15:00:00,489.6,20231200,489.9,20230900,489.6,20231200
2023-06-30 16:00:00,489.6,20231200,490.0,20230900,489.6,20231200
2023-06-30 23:00:00,495.2,20231200,490.1,20230900,495.2,20231200
2023-07-03 15:00:00,495.2,20231200,489.8,20230900,495.2,20231200
2023-07-03 16:00:00,495.2,20231200,491.0,20230900,495.2,20231200
2023-07-03 23:00:00,495.8,20231200,490.6,20230900,495.8,20231200
2023-07-04 11:00:00,495.8,20231200,491.8,20230900,495.8,20231200
2023-07-04 15:00:00,495.8,20231200,492.2,20230900,495.8,20231200
2023-07-04 16:00:00,495.8,20231200,492.3,20230900,495.8,20231200
2023-07-04 23:00:00,497.6,20231200,492.5,20230900,497.6,20231200
2023-07-05 08:00:00,497.6,20231200,489.7,20230900,497.6,20231200
2023-07-05 09:00:00,497.6,20231200,490.3,20230900,497.6,20231200
2023-07-05 13:00:00,497.6,20231200,488.9,20230900,497.6,20231200
2023-07-05 14:00:00,497.6,20231200,488.6,20230900,497.6,20231200
2023-07-05 16:00:00,497.6,20231200,487.5,20230900,497.6,20231200
2023-07-05 23:00:00,493.0,20231200,488.0,20230900,493.0,20231200
2023-07-06 10:00:00,493.0,20231200,482.6,20230900,493.0,20231200
2023-07-06 13:00:00,493.0,20231200,482.1,20230900,493.0,20231200
2023-07-06 16:00:00,493.0,20231200,476.5,20230900,493.0,20231200
2023-07-06 23:00:00,481.3,20231200,476.4,20230900,481.3,20231200
2023-07-07 12:00:00,481.3,20231200,478.7,20230900,481.3,20231200
2023-07-07 13:00:00,481.3,20231200,480.6,20230900,481.3,20231200
2023-07-07 15:00:00,481.3,20231200,479.7,20230900,481.3,20231200
2023-07-07 16:00:00,481.3,20231200,480.6,20230900,481.3,20231200
2023-07-07 23:00:00,485.7,20231200,480.7,20230900,485.7,20231200
2023-07-10 15:00:00,485.7,20231200,481.1,20230900,485.7,20231200
2023-07-10 16:00:00,485.7,20231200,481.3,20230900,485.7,20231200
2023-07-10 23:00:00,486.2,20231200,481.2,20230900,486.2,20231200
2023-07-11 11:00:00,486.2,20231200,484.5,20230900,486.2,20231200
2023-07-11 16:00:00,486.2,20231200,486.4,20230900,486.2,20231200
2023-07-11 23:00:00,491.3,20231200,486.3,20230900,491.3,20231200
2023-07-12 08:00:00,491.3,20231200,487.4,20230900,491.3,20231200
2023-07-12 09:00:00,491.3,20231200,490.8,20230900,491.3,20231200
2023-07-12 12:00:00,491.3,20231200,492.0,20230900,491.3,20231200
2023-07-12 13:00:00,491.3,20231200,491.6,20230900,491.3,20231200
2023-07-12 16:00:00,491.3,20231200,495.9,20230900,491.3,20231200
2023-07-12 23:00:00,501.3,20231200,496.1,20230900,501.3,20231200
2023-07-13 08:00:00,501.3,20231200,495.9,20230900,501.3,20231200
2023-07-13 11:00:00,501.3,20231200,497.6,20230900,501.3,20231200
2023-07-13 12:00:00,501.3,20231200,498.2,20230900,501.3,20231200
2023-07-13 14:00:00,501.3,20231200,498.5,20230900,501.3,20231200
2023-07-13 15:00:00,501.3,20231200,498.4,20230900,501.3,20231200
2023-07-13 16:00:00,501.3,20231200,500.0,20230900,501.3,20231200
2023-07-13 23:00:00,503.6,20231200,498.5,20230900,503.6,20231200
2023-07-14 08:00:00,503.6,20231200,496.0,20230900,503.6,20231200
2023-07-14 23:00:00,501.6,20231200,496.5,20230900,501.6,20231200
2023-07-17 08:00:00,501.6,20231200,494.8,20230900,501.6,20231200
2023-07-17 15:00:00,501.6,20231200,494.4,20230900,501.6,20231200
2023-07-17 16:00:00,501.6,20231200,493.8,20230900,501.6,20231200
2023-07-17 23:00:00,498.9,20231200,493.8,20230900,498.9,20231200
2023-07-18 08:00:00,498.9,20231200,493.7,20230900,498.9,20231200
2023-07-18 09:00:00,498.9,20231200,495.1,20230900,498.9,20231200
2023-07-18 10:00:00,498.9,20231200,495.9,20230900,498.9,20231200
2023-07-18 14:00:00,498.9,20231200,496.1,20230900,498.9,20231200
2023-07-18 16:00:00,498.9,20231200,498.2,20230900,498.9,20231200
2023-07-18 23:00:00,503.3,20231200,498.2,20230900,503.3,20231200
2023-07-19 08:00:00,503.3,20231200,500.0,20230900,503.3,20231200
2023-07-19 09:00:00,503.3,20231200,500.3,20230900,503.3,20231200
2023-07-19 10:00:00,503.3,20231200,501.6,20230900,503.3,20231200
2023-07-19 14:00:00,503.3,20231200,502.2,20230900,503.3,20231200
2023-07-19 23:00:00,507.0,20231200,501.9,20230900,507.0,20231200
2023-07-20 09:00:00,507.0,20231200,503.6,20230900,507.0,20231200
2023-07-20 10:00:00,507.0,20231200,503.3,20230900,507.0,20231200
2023-07-20 13:00:00,507.0,20231200,502.3,20230900,507.0,20231200
2023-07-20 14:00:00,507.0,20231200,502.4,20230900,507.0,20231200
2023-07-20 23:00:00,507.6,20231200,502.5,20230900,507.6,20231200
2023-07-21 08:00:00,507.6,20231200,502.1,20230900,507.6,20231200
2023-07-21 12:00:00,507.6,20231200,501.6,20230900,507.6,20231200
2023-07-21 15:00:00,507.6,20231200,502.7,20230900,507.6,20231200
2023-07-21 16:00:00,507.6,20231200,503.4,20230900,507.6,20231200
2023-07-21 23:00:00,510.2,20231200,505.0,20230900,510.2,20231200
2023-07-24 13:00:00,510.2,20231200,503.7,20230900,510.2,20231200
2023-07-24 14:00:00,510.2,20231200,504.1,20230900,510.2,20231200
2023-07-24 15:00:00,510.2,20231200,503.7,20230900,510.2,20231200
2023-07-24 23:00:00,509.3,20231200,504.1,20230900,509.3,20231200
2023-07-25 08:00:00,509.3,20231200,503.5,20230900,509.3,20231200
2023-07-25 14:00:00,509.3,20231200,505.2,20230900,509.3,20231200
2023-07-25 16:00:00,509.3,20231200,506.9,20230900,509.3,20231200
2023-07-25 23:00:00,512.1,20231200,506.9,20230900,512.1,20231200
2023-07-26 13:00:00,512.1,20231200,503.1,20230900,512.1,20231200
2023-07-26 14:00:00,512.1,20231200,502.8,20230900,512.1,20231200
2023-07-26 16:00:00,512.1,20231200,505.9,20230900,512.1,20231200
2023-07-26 23:00:00,511.2,20231200,506.1,20230900,511.2,20231200
2023-07-27 09:00:00,511.2,20231200,510.3,20230900,511.2,20231200
2023-07-27 10:00:00,511.2,20231200,510.1,20230900,511.2,20231200
2023-07-27 13:00:00,511.2,20231200,511.6,20230900,511.2,20231200
2023-07-27 14:00:00,511.2,20231200,512.1,20230900,511.2,20231200
2023-07-27 15:00:00,511.2,20231200,511.2,20230900,511.2,20231200
2023-07-27 16:00:00,511.2,20231200,511.1,20230900,511.2,20231200
2023-07-27 23:00:00,516.7,20231200,511.5,20230900,516.7,20231200
2023-07-28 12:00:00,516.7,20231200,508.5,20230900,516.7,20231200
2023-07-28 14:00:00,516.7,20231200,508.9,20230900,516.7,20231200
2023-07-28 15:00:00,516.7,20231200,508.0,20230900,516.7,20231200
2023-07-28 16:00:00,516.7,20231200,509.3,20230900,516.7,20231200
2023-07-28 23:00:00,514.4,20231200,509.3,20230900,514.4,20231200
2023-07-31 08:00:00,514.4,20231200,507.8,20230900,514.4,20231200
2023-07-31 10:00:00,514.4,20231200,508.4,20230900,514.4,20231200
2023-07-31 13:00:00,514.4,20231200,509.3,20230900,514.4,20231200
2023-07-31 16:00:00,514.4,20231200,509.7,20230900,514.4,20231200
2023-07-31 23:00:00,514.6,20231200,509.5,20230900,514.6,20231200
2023-08-01 08:00:00,514.6,20231200,506.7,20230900,514.6,20231200
2023-08-01 09:00:00,514.6,20231200,506.6,20230900,514.6,20231200
2023-08-01 10:00:00,514.6,20231200,505.8,20230900,514.6,20231200
2023-08-01 11:00:00,514.6,20231200,505.7,20230900,514.6,20231200
2023-08-01 13:00:00,514.6,20231200,505.5,20230900,514.6,20231200
2023-08-01 15:00:00,514.6,20231200,504.8,20230900,514.6,20231200
2023-08-01 16:00:00,514.6,20231200,504.0,20230900,514.6,20231200
2023-08-01 23:00:00,509.1,20231200,504.0,20230900,509.1,20231200
2023-08-02 07:00:00,509.1,20231200,499.5,20230900,509.1,20231200
2023-08-02 08:00:00,509.1,20231200,499.2,20230900,509.1,20231200
2023-08-02 09:00:00,509.1,20231200,495.6,20230900,509.1,20231200
2023-08-02 13:00:00,509.1,20231200,498.9,20230900,509.1,20231200
2023-08-02 16:00:00,509.1,20231200,497.7,20230900,509.1,20231200
2023-08-02 23:00:00,502.4,20231200,497.4,20230900,502.4,20231200
2023-08-03 08:00:00,502.4,20231200,493.5,20230900,502.4,20231200
2023-08-03 09:00:00,502.4,20231200,495.0,20230900,502.4,20231200
2023-08-03 14:00:00,502.4,20231200,494.8,20230900,502.4,20231200
2023-08-03 23:00:00,500.4,20231200,495.4,20230900,500.4,20231200
2023-08-04 08:00:00,500.4,20231200,495.6,20230900,500.4,20231200
2023-08-04 09:00:00,500.4,20231200,497.0,20230900,500.4,20231200
2023-08-04 16:00:00,500.4,20231200,498.1,20230900,500.4,20231200
2023-08-04 23:00:00,503.3,20231200,498.3,20230900,503.3,20231200
2023-08-07 08:00:00,503.3,20231200,497.4,20230900,503.3,20231200
2023-08-07 09:00:00,503.3,20231200,495.6,20230900,503.3,20231200
2023-08-07 11:00:00,503.3,20231200,494.9,20230900,503.3,20231200
2023-08-07 16:00:00,503.3,20231200,497.6,20230900,503.3,20231200
2023-08-07 23:00:00,502.7,20231200,497.7,20230900,502.7,20231200
2023-08-08 08:00:00,502.7,20231200,495.9,20230900,502.7,20231200
2023-08-08 09:00:00,502.7,20231200,495.7,20230900,502.7,20231200
2023-08-08 11:00:00,502.7,20231200,494.4,20230900,502.7,20231200
2023-08-08 12:00:00,502.7,20231200,494.0,20230900,502.7,20231200
2023-08-08 16:00:00,502.7,20231200,493.7,20230900,502.7,20231200
2023-08-08 23:00:00,498.4,20231200,493.5,20230900,498.4,20231200
2023-08-09 08:00:00,498.4,20231200,498.1,20230900,498.4,20231200
2023-08-09 10:00:00,498.4,20231200,498.2,20230900,498.4,20231200
2023-08-09 13:00:00,498.4,20231200,496.9,20230900,498.4,20231200
2023-08-09 14:00:00,498.4,20231200,496.3,20230900,498.4,20231200
2023-08-09 16:00:00,498.4,20231200,494.5,20230900,498.4,20231200
2023-08-09 23:00:00,499.4,20231200,494.5,20230900,499.4,20231200
2023-08-10 13:00:00,499.4,20231200,498.2,20230900,499.4,20231200
2023-08-10 14:00:00,499.4,20231200,498.8,20230900,499.4,20231200
2023-08-10 16:00:00,499.4,20231200,498.8,20230900,499.4,20231200
2023-08-10 23:00:00,504.1,20231200,499.1,20230900,504.1,20231200
2023-08-11 16:00:00,504.1,20231200,493.0,20230900,504.1,20231200
2023-08-11 23:00:00,498.0,20231200,493.1,20230900,498.0,20231200
2023-08-14 09:00:00,498.0,20231200,493.4,20230900,498.0,20231200
2023-08-14 10:00:00,498.0,20231200,494.2,20230900,498.0,20231200
2023-08-14 16:00:00,498.0,20231200,493.7,20230900,498.0,20231200
2023-08-14 23:00:00,498.4,20231200,493.5,20230900,498.4,20231200
2023-08-15 08:00:00,498.4,20231200,490.1,20230900,498.4,20231200
2023-08-15 11:00:00,498.4,20231200,488.3,20230900,498.4,20231200
2023-08-15 12:00:00,498.4,20231200,489.1,20230900,498.4,20231200
2023-08-15 23:00:00,492.0,20231200,489.6,20230900,492.0,20231200
2023-08-16 09:00:00,492.0,20231200,491.1,20230900,492.0,20231200
2023-08-16 10:00:00,492.0,20231200,490.9,20230900,492.0,20231200
2023-08-16 16:00:00,492.0,20231200,489.9,20230900,492.0,20231200
2023-08-16 23:00:00,492.0,20231200,489.9,20230900,492.0,20231200
2023-08-17 13:00:00,492.0,20231200,487.0,20230900,492.0,20231200
2023-08-17 14:00:00,492.0,20231200,485.7,20230900,492.0,20231200
2023-08-17 23:00:00,486.6,20231200,484.1,20230900,486.6,20231200
2023-08-18 08:00:00,486.6,20231200,479.3,20230900,486.6,20231200
2023-08-18 09:00:00,486.6,20231200,479.1,20230900,486.6,20231200
2023-08-18 10:00:00,486.6,20231200,478.9,20230900,486.6,20231200
2023-08-18 13:00:00,486.6,20231200,477.8,20230900,486.6,20231200
2023-08-18 15:00:00,486.6,20231200,477.4,20230900,486.6,20231200
2023-08-18 16:00:00,486.6,20231200,480.3,20230900,486.6,20231200
2023-08-18 23:00:00,482.6,20231200,480.1,20230900,482.6,20231200
2023-08-21 08:00:00,482.6,20231200,480.8,20230900,482.6,20231200
2023-08-21 13:00:00,482.6,20231200,480.8,20230900,482.6,20231200
2023-08-21 14:00:00,482.6,20231200,479.6,20230900,482.6,20231200
2023-08-21 15:00:00,482.6,20231200,479.1,20230900,482.6,20231200
2023-08-21 16:00:00,482.6,20231200,478.7,20230900,482.6,20231200
2023-08-21 20:00:00,482.6,20231200,479.6,20230900,482.6,20231200
2023-08-21 23:00:00,481.4,20231200,478.8,20230900,481.4,20231200
2023-08-22 08:00:00,481.4,20231200,481.7,20230900,481.4,20231200
2023-08-22 09:00:00,481.4,20231200,482.1,20230900,481.4,20231200
2023-08-22 14:00:00,481.4,20231200,482.7,20230900,481.4,20231200
2023-08-22 23:00:00,484.6,20231200,482.1,20230900,484.6,20231200
2023-08-23 11:00:00,484.6,20231200,483.1,20230900,484.6,20231200
2023-08-23 14:00:00,484.6,20231200,482.2,20230900,484.6,20231200
2023-08-23 23:00:00,486.1,20231200,483.6,20230900,486.1,20231200
2023-08-24 08:00:00,486.1,20231200,486.9,20230900,486.1,20231200
2023-08-24 10:00:00,486.1,20231200,483.9,20230900,486.1,20231200
2023-08-24 16:00:00,486.1,20231200,481.3,20230900,486.1,20231200
2023-08-24 23:00:00,484.0,20231200,481.5,20230900,484.0,20231200
2023-08-25 08:00:00,484.0,20231200,482.4,20230900,484.0,20231200
2023-08-25 12:00:00,484.0,20231200,483.9,20230900,484.0,20231200
2023-08-25 14:00:00,484.0,20231200,483.5,20230900,484.0,20231200
2023-08-25 16:00:00,484.0,20231200,480.2,20230900,484.0,20231200
2023-08-25 23:00:00,484.2,20231200,481.6,20230900,484.2,20231200
2023-08-28 08:00:00,484.2,20231200,484.3,20230900,484.2,20231200
2023-08-28 16:00:00,484.2,20231200,487.8,20230900,484.2,20231200
2023-08-28 23:00:00,489.4,20231200,486.9,20230900,489.4,20231200
2023-08-29 08:00:00,489.4,20231200,489.6,20230900,489.4,20231200
2023-08-29 10:00:00,489.4,20231200,489.3,20230900,489.4,20231200
2023-08-29 16:00:00,489.4,20231200,491.0,20230900,489.4,20231200
2023-08-29 23:00:00,494.3,20231200,491.8,20230900,494.3,20231200
2023-08-30 08:00:00,494.3,20231200,492.1,20230900,494.3,20231200
2023-08-30 11:00:00,494.3,20231200,490.9,20230900,494.3,20231200
2023-08-30 14:00:00,494.3,20231200,493.0,20230900,494.3,20231200
2023-08-30 23:00:00,494.8,20231200,492.3,20230900,494.8,20231200
2023-08-31 08:00:00,494.8,20231200,494.4,20230900,494.8,20231200
2023-08-31 14:00:00,494.8,20231200,494.8,20230900,494.8,20231200
2023-08-31 15:00:00,494.8,20231200,493.8,20230900,494.8,20231200
2023-08-31 16:00:00,494.8,20231200,493.7,20230900,494.8,20231200
2023-08-31 23:00:00,495.8,20231200,493.3,20230900,495.8,20231200
2023-09-01 14:00:00,495.8,20231200,492.3,20230900,495.8,20231200
2023-09-01 15:00:00,495.8,20231200,493.0,20230900,495.8,20231200
2023-09-01 16:00:00,495.8,20231200,492.2,20230900,495.8,20231200
2023-09-01 23:00:00,494.6,20231200,492.1,20230900,494.6,20231200
2023-09-04 08:00:00,494.6,20231200,494.5,20230900,494.6,20231200
2023-09-04 09:00:00,494.6,20231200,495.9,20230900,494.6,20231200
2023-09-04 10:00:00,494.6,20231200,495.6,20230900,494.6,20231200
2023-09-04 11:00:00,494.6,20231200,495.1,20230900,494.6,20231200
2023-09-04 12:00:00,494.6,20231200,494.8,20230900,494.6,20231200
2023-09-04 13:00:00,494.6,20231200,494.2,20230900,494.6,20231200
2023-09-04 14:00:00,494.6,20231200,493.7,20230900,494.6,20231200
2023-09-04 15:00:00,494.6,20231200,492.3,20230900,494.6,20231200
2023-09-04 16:00:00,494.6,20231200,491.8,20230900,494.6,20231200
2023-09-04 20:00:00,494.6,20231200,492.4,20230900,494.6,20231200
2023-09-04 23:00:00,494.5,20231200,491.9,20230900,494.5,20231200
2023-09-05 08:00:00,494.5,20231200,489.4,20230900,494.5,20231200
2023-09-05 09:00:00,494.5,20231200,489.8,20230900,494.5,20231200
2023-09-05 16:00:00,494.5,20231200,490.6,20230900,494.5,20231200
2023-09-05 23:00:00,493.0,20231200,490.4,20230900,493.0,20231200
2023-09-06 09:00:00,493.0,20231200,487.1,20230900,493.0,20231200
2023-09-06 10:00:00,493.0,20231200,487.6,20230900,493.0,20231200
2023-09-06 13:00:00,493.0,20231200,487.2,20230900,493.0,20231200
2023-09-06 14:00:00,493.0,20231200,488.6,20230900,493.0,20231200
2023-09-06 15:00:00,493.0,20231200,487.8,20230900,493.0,20231200
2023-09-06 16:00:00,493.0,20231200,487.0,20230900,493.0,20231200
2023-09-06 23:00:00,490.3,20231200,487.7,20230900,490.3,20231200
2023-09-07 08:00:00,490.3,20231200,485.4,20230900,490.3,20231200
2023-09-07 09:00:00,490.3,20231200,485.9,20230900,490.3,20231200
2023-09-07 11:00:00,490.3,20231200,487.0,20230900,490.3,20231200
2023-09-07 14:00:00,490.3,20231200,486.0,20230900,490.3,20231200
2023-09-07 16:00:00,490.3,20231200,484.6,20230900,490.3,20231200
2023-09-07 23:00:00,487.6,20231200,485.0,20230900,487.6,20231200
2023-09-08 08:00:00,487.6,20231200,486.7,20230900,487.6,20231200
2023-09-08 11:00:00,487.6,20231200,483.5,20230900,487.6,20231200
2023-09-08 13:00:00,487.7,20231200,484.2,20230900,487.7,20231200
2023-09-08 14:00:00,487.9,20231200,484.2,20230900,487.9,20231200
2023-09-08 15:00:00,487.9,20231200,485.3,20230900,487.9,20231200
2023-09-08 16:00:00,487.9,20231200,485.2,20230900,487.9,20231200
2023-09-08 23:00:00,488.2,20231200,485.6,20230900,488.2,20231200
2023-09-11 11:00:00,490.6,20231200,488.0,20230900,490.6,20231200
2023-09-11 12:00:00,490.2,20231200,487.6,20230900,490.2,20231200
2023-09-11 16:00:00,490.2,20231200,488.2,20230900,490.2,20231200
2023-09-11 23:00:00,490.6,20231200,488.0,20230900,490.6,20231200
2023-09-12 10:00:00,490.6,20231200,486.8,20230900,490.6,20231200
2023-09-12 12:00:00,490.6,20231200,486.2,20230900,490.6,20231200
2023-09-12 13:00:00,490.6,20231200,486.6,20230900,490.6,20231200
2023-09-12 15:00:00,490.6,20231200,486.0,20230900,490.6,20231200
2023-09-12 15:00:01,490.6,20231200,486.0,20230900,488.6,20231200
2023-09-12 15:00:02,490.6,20240300,488.6,20231200,488.6,20240300
2023-09-12 23:00:00,495.7,20240300,488.5,20231200,495.7,20240300
2023-09-13 09:00:00,495.7,20240300,485.7,20231200,495.7,20240300
2023-09-13 10:00:00,495.7,20240300,485.8,20231200,495.7,20240300
2023-09-13 16:00:00,495.7,20240300,487.6,20231200,495.7,20240300
2023-09-13 23:00:00,495.0,20240300,487.9,20231200,495.0,20240300
2023-09-14 10:00:00,495.0,20240300,487.4,20231200,495.0,20240300
2023-09-14 14:00:00,495.0,20240300,491.4,20231200,495.0,20240300
2023-09-14 16:00:00,495.0,20240300,494.0,20231200,495.0,20240300
2023-09-14 23:00:00,501.3,20240300,494.0,20231200,501.3,20240300
2023-09-15 08:00:00,501.3,20240300,498.9,20231200,501.3,20240300
2023-09-15 09:00:00,501.3,20240300,497.4,20231200,501.3,20240300
2023-09-15 10:00:00,501.3,20240300,497.4,20231200,501.3,20240300
2023-09-15 12:00:00,501.3,20240300,497.8,20231200,501.3,20240300
2023-09-15 14:00:00,501.3,20240300,496.3,20231200,501.3,20240300
2023-09-15 15:00:00,501.3,20240300,495.3,20231200,501.3,20240300
2023-09-15 16:00:00,501.3,20240300,494.7,20231200,501.3,20240300
2023-09-15 23:00:00,500.5,20240300,495.2,20231200,500.5,20240300
2023-09-18 08:00:00,500.5,20240300,494.0,20231200,500.5,20240300
2023-09-18 09:00:00,500.5,20240300,493.4,20231200,500.5,20240300
2023-09-18 10:00:00,500.5,20240300,493.3,20231200,500.5,20240300
2023-09-18 13:00:00,500.5,20240300,490.9,20231200,500.5,20240300
2023-09-18 15:00:00,500.5,20240300,489.9,20231200,500.5,20240300
2023-09-18 16:00:00,500.5,20240300,488.9,20231200,500.5,20240300
2023-09-18 23:00:00,494.1,20240300,489.1,20231200,494.1,20240300
2023-09-19 08:00:00,494.1,20240300,489.7,20231200,494.1,20240300
2023-09-19 09:00:00,494.1,20240300,490.5,20231200,494.1,20240300
2023-09-19 16:00:00,494.1,20240300,488.1,20231200,494.1,20240300
2023-09-19 23:00:00,493.3,20240300,488.1,20231200,493.3,20240300
2023-09-20 09:00:00,493.3,20240300,490.6,20231200,493.3,20240300
2023-09-20 11:00:00,493.3,20240300,492.3,20231200,493.3,20240300
2023-09-20 14:00:00,493.3,20240300,493.8,20231200,493.3,20240300
2023-09-20 16:00:00,493.3,20240300,493.6,20231200,493.3,20240300
2023-09-20 23:00:00,498.9,20240300,493.6,20231200,498.9,20240300
2023-09-21 08:00:00,498.9,20240300,489.3,20231200,498.9,20240300
2023-09-21 11:00:00,498.9,20240300,487.1,20231200,498.9,20240300
2023-09-21 15:00:00,498.9,20240300,487.1,20231200,498.9,20240300
2023-09-21 16:00:00,498.9,20240300,486.1,20231200,498.9,20240300
2023-09-21 23:00:00,491.4,20240300,486.2,20231200,491.4,20240300
2023-09-22 09:00:00,491.4,20240300,482.5,20231200,491.4,20240300
2023-09-22 14:00:00,491.4,20240300,483.5,20231200,491.4,20240300
2023-09-22 16:00:00,491.4,20240300,482.4,20231200,491.4,20240300
2023-09-22 23:00:00,489.0,20240300,483.8,20231200,489.0,20240300
2023-09-25 12:00:00,489.0,20240300,480.0,20231200,489.0,20240300
2023-09-25 14:00:00,489.0,20240300,477.8,20231200,489.0,20240300
2023-09-25 16:00:00,489.0,20240300,479.8,20231200,489.0,20240300
2023-09-25 23:00:00,484.8,20240300,479.6,20231200,484.8,20240300
2023-09-26 16:00:00,484.8,20240300,476.5,20231200,484.8,20240300
2023-09-26 23:00:00,481.6,20240300,476.5,20231200,481.6,20240300
2023-09-27 09:00:00,481.6,20240300,477.5,20231200,481.6,20240300
2023-09-27 11:00:00,481.6,20240300,475.1,20231200,481.6,20240300
2023-09-27 12:00:00,481.6,20240300,475.8,20231200,481.6,20240300
2023-09-27 13:00:00,481.6,20240300,475.4,20231200,481.6,20240300
2023-09-27 16:00:00,481.6,20240300,473.6,20231200,481.6,20240300
2023-09-27 18:00:00,481.6,20240300,475.0,20231200,481.6,20240300
2023-09-27 23:00:00,479.3,20240300,474.1,20231200,479.3,20240300
2023-09-28 08:00:00,479.3,20240300,473.9,20231200,479.3,20240300
2023-09-28 10:00:00,479.3,20240300,470.7,20231200,479.3,20240300
2023-09-28 12:00:00,479.3,20240300,472.3,20231200,479.3,20240300
2023-09-28 13:00:00,479.3,20240300,473.8,20231200,479.3,20240300
2023-09-28 15:00:00,479.3,20240300,473.7,20231200,479.3,20240300
2023-09-28 16:00:00,479.3,20240300,474.5,20231200,479.3,20240300
2023-09-28 23:00:00,479.5,20240300,474.4,20231200,479.5,20240300
2023-09-29 08:00:00,479.5,20240300,480.4,20231200,479.5,20240300
2023-09-29 13:00:00,479.5,20240300,481.3,20231200,479.5,20240300
2023-09-29 16:00:00,479.5,20240300,478.0,20231200,479.5,20240300
2023-09-29 23:00:00,484.6,20240300,479.4,20231200,484.6,20240300
2023-10-02 08:00:00,484.6,20240300,481.0,20231200,484.6,20240300
2023-10-02 15:00:00,484.6,20240300,472.2,20231200,484.6,20240300
2023-10-02 16:00:00,484.6,20240300,473.0,20231200,484.6,20240300
2023-10-02 23:00:00,477.9,20240300,472.8,20231200,477.9,20240300
2023-10-03 08:00:00,477.9,20240300,470.3,20231200,477.9,20240300
2023-10-03 10:00:00,477.9,20240300,472.0,20231200,477.9,20240300
2023-10-03 12:00:00,477.9,20240300,467.7,20231200,477.9,20240300
2023-10-03 13:00:00,477.9,20240300,466.4,20231200,477.9,20240300
2023-10-03 14:00:00,477.9,20240300,467.6,20231200,477.9,20240300
2023-10-03 16:00:00,477.9,20240300,466.5,20231200,477.9,20240300
2023-10-03 23:00:00,471.6,20240300,466.5,20231200,471.6,20240300
2023-10-04 08:00:00,471.6,20240300,464.7,20231200,471.6,20240300
2023-10-04 09:00:00,471.6,20240300,466.2,20231200,471.6,20240300
2023-10-04 10:00:00,471.6,20240300,467.7,20231200,471.6,20240300
2023-10-04 11:00:00,471.6,20240300,468.2,20231200,471.6,20240300
2023-10-04 12:00:00,471.6,20240300,467.8,20231200,471.6,20240300
2023-10-04 14:00:00,471.6,20240300,466.1,20231200,471.6,20240300
2023-10-04 16:00:00,471.6,20240300,464.3,20231200,471.6,20240300
2023-10-04 23:00:00,470.0,20240300,465.0,20231200,470.0,20240300
2023-10-05 08:00:00,470.0,20240300,465.8,20231200,470.0,20240300
2023-10-05 12:00:00,470.0,20240300,467.2,20231200,470.0,20240300
2023-10-05 14:00:00,470.0,20240300,467.4,20231200,470.0,20240300
2023-10-05 15:00:00,470.0,20240300,466.3,20231200,470.0,20240300
2023-10-05 16:00:00,470.0,20240300,466.2,20231200,470.0,20240300
2023-10-05 23:00:00,471.1,20240300,466.0,20231200,471.1,20240300
2023-10-06 08:00:00,471.1,20240300,468.5,20231200,471.1,20240300
2023-10-06 10:00:00,471.1,20240300,469.4,20231200,471.1,20240300
2023-10-06 11:00:00,471.1,20240300,470.4,20231200,471.1,20240300
2023-10-06 16:00:00,471.1,20240300,469.4,20231200,471.1,20240300
2023-10-06 23:00:00,475.8,20240300,470.8,20231200,475.8,20240300
2023-10-09 09:00:00,475.8,20240300,467.9,20231200,475.8,20240300
2023-10-09 14:00:00,475.8,20240300,468.1,20231200,475.8,20240300
2023-10-09 15:00:00,475.8,20240300,467.9,20231200,475.8,20240300
2023-10-09 16:00:00,475.8,20240300,468.0,20231200,475.8,20240300
2023-10-09 23:00:00,472.9,20240300,467.9,20231200,472.9,20240300
2023-10-10 09:00:00,472.9,20240300,475.2,20231200,472.9,20240300
2023-10-10 12:00:00,472.9,20240300,475.9,20231200,472.9,20240300
2023-10-10 15:00:00,472.9,20240300,477.8,20231200,472.9,20240300
2023-10-10 16:00:00,472.9,20240300,477.9,20231200,472.9,20240300
2023-10-10 23:00:00,483.1,20240300,478.0,20231200,483.1,20240300
2023-10-11 12:00:00,483.1,20240300,477.6,20231200,483.1,20240300
2023-10-11 13:00:00,483.1,20240300,478.4,20231200,483.1,20240300
2023-10-11 16:00:00,483.1,20240300,476.8,20231200,483.1,20240300
2023-10-11 23:00:00,482.0,20240300,476.9,20231200,482.0,20240300
2023-10-12 09:00:00,482.0,20240300,480.0,20231200,482.0,20240300
2023-10-12 13:00:00,482.0,20240300,479.7,20231200,482.0,20240300
2023-10-12 14:00:00,482.0,20240300,477.3,20231200,482.0,20240300
2023-10-12 15:00:00,482.0,20240300,476.5,20231200,482.0,20240300
2023-10-12 16:00:00,482.0,20240300,476.4,20231200,482.0,20240300
2023-10-12 23:00:00,481.4,20240300,476.3,20231200,481.4,20240300
2023-10-13 08:00:00,481.4,20240300,474.3,20231200,481.4,20240300
2023-10-13 09:00:00,481.4,20240300,474.9,20231200,481.4,20240300
2023-10-13 10:00:00,481.4,20240300,470.7,20231200,481.4,20240300
2023-10-13 11:00:00,481.4,20240300,471.5,20231200,481.4,20240300
2023-10-13 13:00:00,481.4,20240300,470.7,20231200,481.4,20240300
2023-10-13 16:00:00,481.4,20240300,469.6,20231200,481.4,20240300
2023-10-13 23:00:00,474.0,20240300,469.0,20231200,474.0,20240300
2023-10-16 09:00:00,474.0,20240300,469.2,20231200,474.0,20240300
2023-10-16 14:00:00,474.0,20240300,471.7,20231200,474.0,20240300
2023-10-16 16:00:00,474.0,20240300,471.7,20231200,474.0,20240300
2023-10-16 23:00:00,476.9,20240300,471.9,20231200,476.9,20240300
2023-10-17 10:00:00,476.9,20240300,471.6,20231200,476.9,20240300
2023-10-17 15:00:00,476.9,20240300,470.1,20231200,476.9,20240300
2023-10-17 23:00:00,476.0,20240300,471.0,20231200,476.0,20240300
2023-10-18 08:00:00,476.0,20240300,469.8,20231200,476.0,20240300
2023-10-18 13:00:00,476.0,20240300,469.0,20231200,476.0,20240300
2023-10-18 14:00:00,476.0,20240300,466.6,20231200,476.0,20240300
2023-10-18 16:00:00,476.0,20240300,465.4,20231200,476.0,20240300
2023-10-18 23:00:00,470.4,20240300,465.4,20231200,470.4,20240300
2023-10-19 08:00:00,470.4,20240300,461.7,20231200,470.4,20240300
2023-10-19 09:00:00,470.4,20240300,461.6,20231200,470.4,20240300
2023-10-19 11:00:00,470.4,20240300,463.2,20231200,470.4,20240300
2023-10-19 13:00:00,470.4,20240300,461.8,20231200,470.4,20240300
2023-10-19 14:00:00,470.4,20240300,460.3,20231200,470.4,20240300
2023-10-19 16:00:00,470.4,20240300,459.8,20231200,470.4,20240300
2023-10-19 23:00:00,462.5,20240300,459.8,20231200,462.5,20240300
2023-10-20 09:00:00,462.5,20240300,456.2,20231200,462.5,20240300
2023-10-20 10:00:00,462.5,20240300,455.1,20231200,462.5,20240300
2023-10-20 11:00:00,462.5,20240300,455.0,20231200,462.5,20240300
2023-10-20 13:00:00,462.5,20240300,453.2,20231200,462.5,20240300
2023-10-20 14:00:00,462.5,20240300,455.4,20231200,462.5,20240300
2023-10-20 16:00:00,462.5,20240300,452.6,20231200,462.5,20240300
2023-10-20 23:00:00,455.6,20240300,453.1,20231200,455.6,20240300
2023-10-23 08:00:00,455.6,20240300,451.6,20231200,455.6,20240300
2023-10-23 10:00:00,455.6,20240300,447.7,20231200,455.6,20240300
2023-10-23 13:00:00,455.6,20240300,449.4,20231200,455.6,20240300
2023-10-23 16:00:00,455.6,20240300,452.3,20231200,455.6,20240300
2023-10-23 23:00:00,455.1,20240300,452.6,20231200,455.1,20240300
2023-10-24 09:00:00,455.1,20240300,451.9,20231200,455.1,20240300
2023-10-24 12:00:00,455.1,20240300,454.3,20231200,455.1,20240300
2023-10-24 14:00:00,455.1,20240300,453.7,20231200,455.1,20240300
2023-10-24 15:00:00,455.1,20240300,455.3,20231200,455.1,20240300
2023-10-24 16:00:00,455.1,20240300,454.6,20231200,455.1,20240300
2023-10-24 23:00:00,456.9,20240300,454.5,20231200,456.9,20240300
2023-10-25 08:00:00,456.9,20240300,450.0,20231200,456.9,20240300
2023-10-25 12:00:00,456.9,20240300,451.7,20231200,456.9,20240300
2023-10-25 14:00:00,456.9,20240300,448.9,20231200,456.9,20240300
2023-10-25 16:00:00,456.9,20240300,451.3,20231200,456.9,20240300
2023-10-25 23:00:00,453.7,20240300,451.2,20231200,453.7,20240300
2023-10-26 09:00:00,453.7,20240300,448.5,20231200,453.7,20240300
2023-10-26 11:00:00,453.7,20240300,448.3,20231200,453.7,20240300
2023-10-26 13:00:00,453.7,20240300,448.4,20231200,453.7,20240300
2023-10-26 16:00:00,453.7,20240300,450.8,20231200,453.7,20240300
2023-10-26 23:00:00,453.2,20240300,450.9,20231200,453.2,20240300
2023-10-27 09:00:00,453.2,20240300,453.1,20231200,453.2,20240300
2023-10-27 12:00:00,453.2,20240300,451.1,20231200,453.2,20240300
2023-10-27 14:00:00,453.2,20240300,450.8,20231200,453.2,20240300
2023-10-27 23:00:00,453.0,20240300,450.5,20231200,453.0,20240300
2023-10-30 09:00:00,453.0,20240300,454.0,20231200,453.0,20240300
2023-10-30 12:00:00,453.0,20240300,452.8,20231200,453.0,20240300
2023-10-30 18:00:00,453.0,20240300,451.6,20231200,453.0,20240300
2023-10-30 23:00:00,454.4,20240300,451.9,20231200,454.4,20240300
2023-10-31 07:00:00,454.4,20240300,452.7,20231200,454.4,20240300
2023-10-31 10:00:00,454.4,20240300,457.5,20231200,454.4,20240300
2023-10-31 13:00:00,454.4,20240300,456.2,20231200,454.4,20240300
2023-10-31 16:00:00,454.4,20240300,457.6,20231200,454.4,20240300
2023-10-31 17:00:00,454.4,20240300,460.2,20231200,454.4,20240300
2023-10-31 23:00:00,459.8,20240300,457.2,20231200,459.8,20240300
2023-11-01 08:00:00,459.8,20240300,458.2,20231200,459.8,20240300
2023-11-01 14:00:00,459.8,20240300,460.9,20231200,459.8,20240300
2023-11-01 15:00:00,459.8,20240300,460.7,20231200,459.8,20240300
2023-11-01 16:00:00,459.8,20240300,460.2,20231200,459.8,20240300
2023-11-01 23:00:00,465.6,20240300,463.1,20231200,465.6,20240300
2023-11-02 08:00:00,465.6,20240300,466.5,20231200,465.6,20240300
2023-11-02 09:00:00,465.6,20240300,468.7,20231200,465.6,20240300
2023-11-02 10:00:00,465.6,20240300,468.9,20231200,465.6,20240300
2023-11-02 11:00:00,465.6,20240300,470.4,20231200,465.6,20240300
2023-11-02 12:00:00,465.6,20240300,469.9,20231200,465.6,20240300
2023-11-02 14:00:00,465.6,20240300,468.6,20231200,465.6,20240300
2023-11-02 15:00:00,465.6,20240300,469.1,20231200,465.6,20240300
2023-11-02 16:00:00,465.6,20240300,466.9,20231200,465.6,20240300
2023-11-02 23:00:00,469.6,20240300,467.0,20231200,469.6,20240300
2023-11-03 08:00:00,469.6,20240300,470.2,20231200,469.6,20240300
2023-11-03 10:00:00,469.6,20240300,471.1,20231200,469.6,20240300
2023-11-03 11:00:00,469.6,20240300,471.0,20231200,469.6,20240300
2023-11-03 12:00:00,469.6,20240300,470.8,20231200,469.6,20240300
2023-11-03 13:00:00,469.6,20240300,474.1,20231200,469.6,20240300
2023-11-03 14:00:00,469.6,20240300,473.5,20231200,469.6,20240300
2023-11-03 15:00:00,469.6,20240300,472.7,20231200,469.6,20240300
2023-11-03 23:00:00,475.1,20240300,472.6,20231200,475.1,20240300
2023-11-06 13:00:00,475.1,20240300,472.9,20231200,475.1,20240300
2023-11-06 14:00:00,475.1,20240300,473.2,20231200,475.1,20240300
2023-11-06 15:00:00,475.1,20240300,470.6,20231200,475.1,20240300
2023-11-06 16:00:00,475.1,20240300,471.2,20231200,475.1,20240300
2023-11-06 23:00:00,473.6,20240300,471.2,20231200,473.6,20240300
2023-11-07 08:00:00,473.6,20240300,471.3,20231200,473.6,20240300
2023-11-07 09:00:00,473.6,20240300,471.1,20231200,473.6,20240300
2023-11-07 23:00:00,473.2,20240300,470.7,20231200,473.2,20240300
2023-11-08 09:00:00,473.2,20240300,470.4,20231200,473.2,20240300
2023-11-08 14:00:00,473.2,20240300,473.6,20231200,473.2,20240300
2023-11-08 16:00:00,473.2,20240300,471.9,20231200,473.2,20240300
2023-11-08 23:00:00,473.8,20240300,471.4,20231200,473.8,20240300
2023-11-09 16:00:00,473.8,20240300,477.3,20231200,473.8,20240300
2023-11-09 23:00:00,479.9,20240300,477.3,20231200,479.9,20240300
2023-11-10 08:00:00,479.9,20240300,473.6,20231200,479.9,20240300
2023-11-10 09:00:00,479.9,20240300,472.3,20231200,479.9,20240300
2023-11-10 10:00:00,479.9,20240300,471.3,20231200,479.9,20240300
2023-11-10 15:00:00,479.9,20240300,470.5,20231200,479.9,20240300
2023-11-10 16:00:00,479.9,20240300,472.0,20231200,479.9,20240300
2023-11-10 23:00:00,474.5,20240300,472.0,20231200,474.5,20240300
2023-11-13 15:00:00,474.5,20240300,474.5,20231200,474.5,20240300
2023-11-13 16:00:00,474.5,20240300,475.9,20231200,474.5,20240300
2023-11-13 23:00:00,478.3,20240300,475.8,20231200,478.3,20240300
2023-11-14 08:00:00,478.3,20240300,475.8,20231200,478.3,20240300
2023-11-14 13:00:00,478.3,20240300,480.1,20231200,478.3,20240300
2023-11-14 16:00:00,478.3,20240300,488.4,20231200,478.3,20240300
2023-11-14 23:00:00,489.5,20240300,487.0,20231200,489.5,20240300
2023-11-15 08:00:00,489.5,20240300,488.9,20231200,489.5,20240300
2023-11-15 10:00:00,489.5,20240300,489.7,20231200,489.5,20240300
2023-11-15 12:00:00,489.5,20240300,490.9,20231200,489.5,20240300
2023-11-15 14:00:00,489.5,20240300,488.8,20231200,489.5,20240300
2023-11-15 23:00:00,491.8,20240300,489.3,20231200,491.8,20240300
2023-11-16 09:00:00,491.8,20240300,487.5,20231200,491.8,20240300
2023-11-16 10:00:00,491.8,20240300,486.1,20231200,491.8,20240300
2023-11-16 12:00:00,491.8,20240300,485.1,20231200,491.8,20240300
2023-11-16 16:00:00,491.8,20240300,482.0,20231200,491.8,20240300
2023-11-16 23:00:00,486.1,20240300,483.6,20231200,486.1,20240300
2023-11-17 08:00:00,486.1,20240300,486.5,20231200,486.1,20240300
2023-11-17 16:00:00,486.1,20240300,488.4,20231200,486.1,20240300
2023-11-17 23:00:00,490.6,20240300,488.1,20231200,490.6,20240300
2023-11-20 08:00:00,490.6,20240300,489.1,20231200,490.6,20240300
2023-11-20 11:00:00,490.6,20240300,489.8,20231200,490.6,20240300
2023-11-20 12:00:00,490.6,20240300,489.3,20231200,490.6,20240300
2023-11-20 13:00:00,490.6,20240300,489.1,20231200,490.6,20240300
2023-11-20 15:00:00,490.6,20240300,489.6,20231200,490.6,20240300
2023-11-20 16:00:00,490.6,20240300,489.4,20231200,490.6,20240300
2023-11-20 23:00:00,492.0,20240300,489.7,20231200,492.0,20240300
2023-11-21 08:00:00,492.0,20240300,490.5,20231200,492.0,20240300
2023-11-21 14:00:00,492.0,20240300,488.0,20231200,492.0,20240300
2023-11-21 16:00:00,492.0,20240300,487.5,20231200,492.0,20240300
2023-11-21 23:00:00,490.0,20240300,487.5,20231200,490.0,20240300
2023-11-22 09:00:00,490.0,20240300,489.2,20231200,490.0,20240300
2023-11-22 13:00:00,490.0,20240300,489.0,20231200,490.0,20240300
2023-11-22 16:00:00,490.0,20240300,488.4,20231200,490.0,20240300
2023-11-22 23:00:00,491.1,20240300,488.6,20231200,491.1,20240300
2023-11-23 10:00:00,491.1,20240300,488.5,20231200,491.1,20240300
2023-11-23 23:00:00,492.1,20240300,489.6,20231200,492.1,20240300
2023-11-24 13:00:00,492.1,20240300,490.2,20231200,492.1,20240300
2023-11-24 15:00:00,492.1,20240300,491.6,20231200,492.1,20240300
2023-11-24 16:00:00,492.1,20240300,491.4,20231200,492.1,20240300
2023-11-24 23:00:00,494.5,20240300,492.0,20231200,494.5,20240300
2023-11-27 08:00:00,494.5,20240300,492.5,20231200,494.5,20240300
2023-11-27 10:00:00,494.5,20240300,491.5,20231200,494.5,20240300
2023-11-27 11:00:00,494.5,20240300,491.7,20231200,494.5,20240300
2023-11-27 12:00:00,494.5,20240300,491.8,20231200,494.5,20240300
2023-11-27 13:00:00,494.5,20240300,492.0,20231200,494.5,20240300
2023-11-27 14:00:00,494.5,20240300,492.1,20231200,494.5,20240300
2023-11-27 15:00:00,494.5,20240300,491.9,20231200,494.5,20240300
2023-11-27 23:00:00,494.0,20240300,491.4,20231200,494.0,20240300
2023-11-28 08:00:00,494.0,20240300,488.7,20231200,494.0,20240300
2023-11-28 10:00:00,494.0,20240300,488.7,20231200,494.0,20240300
2023-11-28 11:00:00,494.0,20240300,488.5,20231200,494.0,20240300
2023-11-28 13:00:00,494.0,20240300,488.4,20231200,494.0,20240300
2023-11-28 14:00:00,494.0,20240300,488.7,20231200,494.0,20240300
2023-11-28 15:00:00,494.0,20240300,489.7,20231200,494.0,20240300
2023-11-28 16:00:00,494.0,20240300,490.3,20231200,494.0,20240300
2023-11-28 23:00:00,493.4,20240300,490.8,20231200,493.4,20240300
2023-11-29 08:00:00,493.4,20240300,492.9,20231200,493.4,20240300
2023-11-29 09:00:00,493.4,20240300,493.6,20231200,493.4,20240300
2023-11-29 11:00:00,493.4,20240300,493.3,20231200,493.4,20240300
2023-11-29 13:00:00,493.4,20240300,493.9,20231200,493.4,20240300
2023-11-29 14:00:00,493.4,20240300,493.7,20231200,493.4,20240300
2023-11-29 15:00:00,493.4,20240300,493.7,20231200,493.4,20240300
2023-11-29 16:00:00,493.4,20240300,493.6,20231200,493.4,20240300
2023-11-29 23:00:00,495.7,20240300,493.6,20231200,495.7,20240300
2023-11-30 12:00:00,495.7,20240300,495.9,20231200,495.7,20240300
2023-11-30 13:00:00,495.7,20240300,496.1,20231200,495.7,20240300
2023-11-30 16:00:00,495.7,20240300,496.0,20231200,495.7,20240300
2023-11-30 23:00:00,498.3,20240300,495.5,20231200,498.3,20240300
2023-12-01 09:00:00,498.3,20240300,498.7,20231200,498.3,20240300
2023-12-01 10:00:00,498.3,20240300,497.7,20231200,498.3,20240300
2023-12-01 11:00:00,498.3,20240300,498.0,20231200,498.3,20240300
2023-12-01 13:00:00,498.3,20240300,497.8,20231200,498.3,20240300
2023-12-01 15:00:00,498.3,20240300,500.0,20231200,498.3,20240300
2023-12-01 16:00:00,498.3,20240300,501.6,20231200,498.3,20240300
2023-12-01 23:00:00,505.1,20240300,501.7,20231200,505.1,20240300
2023-12-04 09:00:00,505.1,20240300,501.9,20231200,505.1,20240300
2023-12-04 10:00:00,505.1,20240300,502.9,20231200,505.1,20240300
2023-12-04 14:00:00,505.1,20240300,501.3,20231200,505.1,20240300
2023-12-04 15:00:00,505.1,20240300,501.7,20231200,505.1,20240300
2023-12-04 16:00:00,505.1,20240300,500.0,20231200,505.1,20240300
2023-12-04 23:00:00,504.2,20240300,500.5,20231200,504.2,20240300
2023-12-05 10:00:00,504.2,20240300,501.1,20231200,504.2,20240300
2023-12-05 12:00:00,504.2,20240300,501.1,20231200,504.2,20240300
2023-12-05 13:00:00,504.2,20240300,501.0,20231200,504.2,20240300
2023-12-05 14:00:00,504.2,20240300,501.3,20231200,504.2,20240300
2023-12-05 16:00:00,504.2,20240300,502.3,20231200,504.2,20240300
2023-12-05 23:00:00,505.8,20240300,502.1,20231200,505.8,20240300
2023-12-06 08:00:00,505.8,20240300,505.0,20231200,505.8,20240300
2023-12-06 09:00:00,506.8,20240300,503.3,20231200,506.8,20240300
2023-12-06 10:00:00,507.0,20240300,503.5,20231200,507.0,20240300
2023-12-06 11:00:00,507.3,20240300,503.8,20231200,507.3,20240300
2023-12-06 12:00:00,507.9,20240300,504.4,20231200,507.9,20240300
2023-12-06 13:00:00,508.4,20240300,505.5,20231200,508.4,20240300
2023-12-06 14:00:00,509.7,20240300,506.2,20231200,509.7,20240300
2023-12-06 15:00:00,510.9,20240300,507.5,20231200,510.9,20240300
2023-12-06 16:00:00,510.9,20240300,506.6,20231200,510.9,20240300
2023-12-06 23:00:00,510.7,20240300,507.0,20231200,510.7,20240300
2023-12-07 08:00:00,510.7,20240300,502.9,20231200,510.7,20240300
2023-12-07 14:00:00,510.7,20240300,505.0,20231200,510.7,20240300
2023-12-07 23:00:00,509.7,20240300,506.0,20231200,509.7,20240300
2023-12-08 08:00:00,509.7,20240300,507.6,20231200,509.7,20240300
2023-12-08 10:00:00,509.7,20240300,508.6,20231200,509.7,20240300
2023-12-08 12:00:00,509.7,20240300,507.4,20231200,509.7,20240300
2023-12-08 13:00:00,509.7,20240300,507.9,20231200,509.7,20240300
2023-12-08 15:00:00,513.7,20240300,507.9,20231200,513.7,20240300
2023-12-08 16:00:00,513.7,20240300,508.8,20231200,513.7,20240300
2023-12-08 23:00:00,512.8,20240300,509.1,20231200,512.8,20240300
2023-12-11 08:00:00,512.8,20240300,508.1,20231200,512.8,20240300
2023-12-11 09:00:00,512.8,20240300,508.8,20231200,512.8,20240300
2023-12-11 10:00:00,512.2,20240300,507.8,20231200,512.2,20240300
2023-12-11 11:00:00,512.2,20240300,508.1,20231200,512.2,20240300
2023-12-11 14:00:00,512.2,20240300,509.2,20231200,512.2,20240300
2023-12-11 15:00:00,512.2,20240300,509.7,20231200,512.2,20240300
2023-12-11 16:00:00,515.0,20240300,511.1,20231200,515.0,20240300
2023-12-11 23:00:00,513.9,20240300,510.1,20231200,513.9,20240300
2023-12-12 08:00:00,513.9,20240300,509.5,20231200,513.9,20240300
2023-12-12 09:00:00,513.9,20240300,510.6,20231200,513.9,20240300
2023-12-12 10:00:00,513.9,20240300,510.4,20231200,513.9,20240300
2023-12-12 15:00:00,513.9,20240300,508.9,20231200,513.9,20240300
2023-12-12 16:00:00,513.9,20240300,508.9,20231200,513.9,20240300
2023-12-12 16:00:01,513.9,20240600,513.9,20240300,513.9,20240600
2023-12-12 23:00:00,518.9,20240600,511.9,20240300,518.9,20240600
2023-12-13 11:00:00,518.9,20240600,512.2,20240300,518.9,20240600
2023-12-13 13:00:00,518.9,20240600,512.0,20240300,518.9,20240600
2023-12-13 16:00:00,518.9,20240600,510.5,20240300,518.9,20240600
2023-12-13 23:00:00,517.4,20240600,510.6,20240300,517.4,20240600
2023-12-14 08:00:00,517.4,20240600,522.5,20240300,517.4,20240600
2023-12-14 09:00:00,517.4,20240600,520.5,20240300,517.4,20240600
2023-12-14 12:00:00,517.4,20240600,522.5,20240300,517.4,20240600
2023-12-14 13:00:00,517.4,20240600,522.8,20240300,517.4,20240600
2023-12-14 15:00:00,517.4,20240600,519.1,20240300,517.4,20240600
2023-12-14 16:00:00,517.4,20240600,521.2,20240300,517.4,20240600
2023-12-14 23:00:00,528.1,20240600,521.2,20240300,528.1,20240600
2023-12-15 11:00:00,528.1,20240600,522.4,20240300,528.1,20240600
2023-12-15 12:00:00,528.1,20240600,522.9,20240300,528.1,20240600
2023-12-15 13:00:00,528.1,20240600,520.8,20240300,528.1,20240600
2023-12-15 16:00:00,528.1,20240600,522.1,20240300,528.1,20240600
2023-12-15 23:00:00,527.5,20240600,521.8,20240300,527.5,20240600
2023-12-18 08:00:00,527.5,20240600,518.8,20240300,527.5,20240600
2023-12-18 09:00:00,527.5,20240600,521.3,20240300,527.5,20240600
2023-12-18 10:00:00,527.5,20240600,520.4,20240300,527.5,20240600
2023-12-18 11:00:00,527.5,20240600,520.7,20240300,527.5,20240600
2023-12-18 13:00:00,527.5,20240600,520.4,20240300,527.5,20240600
2023-12-18 14:00:00,527.5,20240600,520.4,20240300,527.5,20240600
2023-12-18 15:00:00,527.5,20240600,519.4,20240300,527.5,20240600
2023-12-18 16:00:00,527.5,20240600,519.3,20240300,527.5,20240600
2023-12-18 23:00:00,525.2,20240600,519.5,20240300,525.2,20240600
2023-12-19 08:00:00,525.2,20240600,521.9,20240300,525.2,20240600
2023-12-19 11:00:00,525.2,20240600,522.2,20240300,525.2,20240600
2023-12-19 15:00:00,525.2,20240600,522.2,20240300,525.2,20240600
2023-12-19 16:00:00,525.2,20240600,523.7,20240300,525.2,20240600
2023-12-19 23:00:00,528.5,20240600,522.8,20240300,528.5,20240600
2023-12-20 09:00:00,528.5,20240600,522.7,20240300,528.5,20240600
2023-12-20 10:00:00,528.5,20240600,522.8,20240300,528.5,20240600
2023-12-20 11:00:00,528.5,20240600,522.8,20240300,528.5,20240600
2023-12-20 12:00:00,528.5,20240600,522.2,20240300,528.5,20240600
2023-12-20 13:00:00,528.5,20240600,523.6,20240300,528.5,20240600
2023-12-20 15:00:00,528.5,20240600,524.3,20240300,528.5,20240600
2023-12-20 16:00:00,528.5,20240600,524.4,20240300,528.5,20240600
2023-12-20 23:00:00,530.3,20240600,524.6,20240300,530.3,20240600
2023-12-21 08:00:00,530.3,20240600,521.0,20240300,530.3,20240600
2023-12-21 11:00:00,530.3,20240600,520.4,20240300,530.3,20240600
2023-12-21 12:00:00,530.3,20240600,520.6,20240300,530.3,20240600
2023-12-21 14:00:00,530.3,20240600,521.6,20240300,530.3,20240600
2023-12-21 15:00:00,530.3,20240600,521.3,20240300,530.3,20240600
2023-12-21 16:00:00,530.3,20240600,521.7,20240300,530.3,20240600
2023-12-21 23:00:00,526.9,20240600,521.4,20240300,526.9,20240600
2023-12-22 09:00:00,526.9,20240600,521.3,20240300,526.9,20240600
2023-12-22 11:00:00,526.9,20240600,521.6,20240300,526.9,20240600
2023-12-22 14:00:00,526.9,20240600,522.9,20240300,526.9,20240600
2023-12-22 15:00:00,526.9,20240600,522.5,20240300,526.9,20240600
2023-12-22 16:00:00,526.9,20240600,522.8,20240300,526.9,20240600
2023-12-22 23:00:00,528.9,20240600,523.4,20240300,528.9,20240600
2023-12-27 08:00:00,528.9,20240600,525.2,20240300,528.9,20240600
2023-12-27 11:00:00,528.9,20240600,524.5,20240300,528.9,20240600
2023-12-27 13:00:00,528.9,20240600,524.5,20240300,528.9,20240600
2023-12-27 15:00:00,528.9,20240600,523.4,20240300,528.9,20240600
2023-12-27 16:00:00,528.9,20240600,523.5,20240300,528.9,20240600
2023-12-27 23:00:00,530.1,20240600,524.6,20240300,530.1,20240600
2023-12-28 11:00:00,530.1,20240600,522.8,20240300,530.1,20240600
2023-12-28 12:00:00,530.1,20240600,522.2,20240300,530.1,20240600
2023-12-28 15:00:00,530.1,20240600,523.0,20240300,530.1,20240600
2023-12-28 16:00:00,530.1,20240600,521.6,20240300,530.1,20240600
2023-12-28 23:00:00,528.3,20240600,522.7,20240300,528.3,20240600
2023-12-29 16:00:00,528.3,20240600,521.9,20240300,528.3,20240600
2023-12-29 23:00:00,526.3,20240600,520.8,20240300,526.3,20240600
2024-01-02 08:00:00,526.3,20240600,525.2,20240300,526.3,20240600
2024-01-02 09:00:00,526.3,20240600,525.3,20240300,526.3,20240600
2024-01-02 11:00:00,526.3,20240600,521.4,20240300,526.3,20240600
2024-01-02 12:00:00,526.3,20240600,520.1,20240300,526.3,20240600
2024-01-02 13:00:00,526.3,20240600,519.7,20240300,526.3,20240600
2024-01-02 16:00:00,526.3,20240600,520.6,20240300,526.3,20240600
2024-01-02 23:00:00,526.5,20240600,521.0,20240300,526.5,20240600
2024-01-03 09:00:00,526.5,20240600,515.9,20240300,526.5,20240600
2024-01-03 11:00:00,526.5,20240600,516.8,20240300,526.5,20240600
2024-01-03 12:00:00,526.5,20240600,514.6,20240300,526.5,20240600
2024-01-03 13:00:00,526.5,20240600,514.7,20240300,526.5,20240600
2024-01-03 15:00:00,526.5,20240600,513.5,20240300,526.5,20240600
2024-01-03 16:00:00,526.5,20240600,516.2,20240300,526.5,20240600
2024-01-03 23:00:00,519.8,20240600,514.3,20240300,519.8,20240600
2024-01-04 08:00:00,519.8,20240600,514.9,20240300,519.8,20240600
2024-01-04 14:00:00,519.8,20240600,515.7,20240300,519.8,20240600
2024-01-04 16:00:00,519.8,20240600,517.1,20240300,519.8,20240600
2024-01-04 23:00:00,523.2,20240600,517.7,20240300,523.2,20240600
2024-01-05 10:00:00,523.2,20240600,511.5,20240300,523.2,20240600
2024-01-05 12:00:00,523.2,20240600,511.7,20240300,523.2,20240600
2024-01-05 13:00:00,523.2,20240600,512.0,20240300,523.2,20240600
2024-01-05 14:00:00,523.2,20240600,513.5,20240300,523.2,20240600
2024-01-05 15:00:00,523.2,20240600,516.0,20240300,523.2,20240600
2024-01-05 16:00:00,523.2,20240600,516.5,20240300,523.2,20240600
2024-01-05 23:00:00,521.9,20240600,516.4,20240300,521.9,20240600
2024-01-08 14:00:00,521.9,20240600,517.1,20240300,521.9,20240600
2024-01-08 23:00:00,524.7,20240600,519.1,20240300,524.7,20240600
2024-01-09 08:00:00,524.7,20240600,517.8,20240300,524.7,20240600
2024-01-09 12:00:00,524.7,20240600,516.0,20240300,524.7,20240600
2024-01-09 13:00:00,524.7,20240600,516.4,20240300,524.7,20240600
2024-01-09 15:00:00,524.7,20240600,518.0,20240300,524.7,20240600
2024-01-09 16:00:00,524.7,20240600,516.9,20240300,524.7,20240600
2024-01-09 23:00:00,522.8,20240600,517.3,20240300,522.8,20240600
2024-01-10 08:00:00,522.8,20240600,515.7,20240300,522.8,20240600
2024-01-10 09:00:00,522.8,20240600,516.3,20240300,522.8,20240600
2024-01-10 15:00:00,522.8,20240600,514.0,20240300,522.8,20240600
2024-01-10 16:00:00,522.8,20240600,514.4,20240300,522.8,20240600
2024-01-10 23:00:00,519.7,20240600,514.3,20240300,519.7,20240600
2024-01-11 09:00:00,519.7,20240600,516.0,20240300,519.7,20240600
2024-01-11 10:00:00,519.7,20240600,515.8,20240300,519.7,20240600
2024-01-11 12:00:00,519.7,20240600,516.4,20240300,519.7,20240600
2024-01-11 15:00:00,519.7,20240600,511.8,20240300,519.7,20240600
2024-01-11 16:00:00,519.7,20240600,509.9,20240300,519.7,20240600
2024-01-11 23:00:00,516.0,20240600,510.6,20240300,516.0,20240600
2024-01-12 08:00:00,516.0,20240600,514.1,20240300,516.0,20240600
2024-01-12 13:00:00,516.0,20240600,515.0,20240300,516.0,20240600
2024-01-12 15:00:00,516.0,20240600,513.6,20240300,516.0,20240600
2024-01-12 16:00:00,516.0,20240600,514.1,20240300,516.0,20240600
2024-01-12 23:00:00,519.3,20240600,513.9,20240300,519.3,20240600
2024-01-15 09:00:00,519.3,20240600,513.0,20240300,519.3,20240600
2024-01-15 13:00:00,519.3,20240600,511.7,20240300,519.3,20240600
2024-01-15 16:00:00,519.3,20240600,511.1,20240300,519.3,20240600
2024-01-15 23:00:00,516.5,20240600,511.1,20240300,516.5,20240600
2024-01-16 11:00:00,516.5,20240600,506.8,20240300,516.5,20240600
2024-01-16 13:00:00,516.5,20240600,508.5,20240300,516.5,20240600
2024-01-16 14:00:00,516.5,20240600,506.2,20240300,516.5,20240600
2024-01-16 15:00:00,516.5,20240600,508.0,20240300,516.5,20240600
2024-01-16 16:00:00,516.5,20240600,508.1,20240300,516.5,20240600
2024-01-16 23:00:00,513.4,20240600,508.1,20240300,513.4,20240600
2024-01-17 07:00:00,513.4,20240600,501.0,20240300,513.4,20240600
2024-01-17 08:00:00,513.4,20240600,501.1,20240300,513.4,20240600
2024-01-17 11:00:00,513.4,20240600,499.6,20240300,513.4,20240600
2024-01-17 15:00:00,513.4,20240600,499.5,20240300,513.4,20240600
2024-01-17 23:00:00,505.5,20240600,500.3,20240300,505.5,20240600
2024-01-18 08:00:00,505.5,20240600,501.3,20240300,505.5,20240600
2024-01-18 09:00:00,505.5,20240600,500.8,20240300,505.5,20240600
2024-01-18 14:00:00,505.5,20240600,503.0,20240300,505.5,20240600
2024-01-18 16:00:00,505.5,20240600,503.1,20240300,505.5,20240600
2024-01-18 23:00:00,508.5,20240600,503.1,20240300,508.5,20240600
2024-01-19 09:00:00,508.5,20240600,503.0,20240300,508.5,20240600
2024-01-19 10:00:00,508.5,20240600,503.0,20240300,508.5,20240600
2024-01-19 16:00:00,508.5,20240600,501.0,20240300,508.5,20240600
2024-01-19 23:00:00,505.9,20240600,500.6,20240300,505.9,20240600
2024-01-22 09:00:00,505.9,20240600,504.3,20240300,505.9,20240600
2024-01-22 16:00:00,505.9,20240600,506.2,20240300,505.9,20240600
2024-01-22 23:00:00,511.1,20240600,505.7,20240300,511.1,20240600
2024-01-23 09:00:00,511.1,20240600,505.3,20240300,511.1,20240600
2024-01-23 10:00:00,511.1,20240600,505.2,20240300,511.1,20240600
2024-01-23 12:00:00,511.1,20240600,506.8,20240300,511.1,20240600
2024-01-23 14:00:00,511.1,20240600,506.8,20240300,511.1,20240600
2024-01-23 16:00:00,511.1,20240600,504.8,20240300,511.1,20240600
2024-01-23 23:00:00,510.9,20240600,505.5,20240300,510.9,20240600
2024-01-24 08:00:00,510.9,20240600,509.1,20240300,510.9,20240600
2024-01-24 10:00:00,510.9,20240600,509.2,20240300,510.9,20240600
2024-01-24 13:00:00,510.9,20240600,509.5,20240300,510.9,20240600
2024-01-24 14:00:00,510.9,20240600,510.2,20240300,510.9,20240600
2024-01-24 23:00:00,515.2,20240600,509.8,20240300,515.2,20240600
2024-01-25 08:00:00,515.2,20240600,508.9,20240300,515.2,20240600
2024-01-25 13:00:00,515.2,20240600,508.4,20240300,515.2,20240600
2024-01-25 16:00:00,515.2,20240600,510.4,20240300,515.2,20240600
2024-01-25 23:00:00,515.9,20240600,510.5,20240300,515.9,20240600
2024-01-26 12:00:00,515.9,20240600,513.4,20240300,515.9,20240600
2024-01-26 15:00:00,515.9,20240600,514.9,20240300,515.9,20240600
2024-01-26 16:00:00,515.9,20240600,515.0,20240300,515.9,20240600
2024-01-26 23:00:00,520.4,20240600,515.0,20240300,520.4,20240600
2024-01-29 16:00:00,520.4,20240600,513.6,20240300,520.4,20240600
2024-01-29 23:00:00,518.0,20240600,512.5,20240300,518.0,20240600
2024-01-30 11:00:00,518.0,20240600,512.7,20240300,518.0,20240600
2024-01-30 13:00:00,518.0,20240600,511.9,20240300,518.0,20240600
2024-01-30 15:00:00,518.0,20240600,512.3,20240300,518.0,20240600
2024-01-30 23:00:00,518.3,20240600,512.9,20240300,518.3,20240600
2024-01-31 12:00:00,518.3,20240600,515.3,20240300,518.3,20240600
2024-01-31 15:00:00,518.3,20240600,514.5,20240300,518.3,20240600
2024-01-31 16:00:00,518.3,20240600,514.1,20240300,518.3,20240600
2024-01-31 23:00:00,520.1,20240600,514.7,20240300,520.1,20240600
2024-02-01 08:00:00,520.1,20240600,511.2,20240300,520.1,20240600
2024-02-01 11:00:00,520.1,20240600,513.2,20240300,520.1,20240600
2024-02-01 12:00:00,520.1,20240600,513.4,20240300,520.1,20240600
2024-02-01 14:00:00,520.1,20240600,513.1,20240300,520.1,20240600
2024-02-01 16:00:00,520.1,20240600,512.3,20240300,520.1,20240600
2024-02-01 17:00:00,520.1,20240600,514.9,20240300,520.1,20240600
2024-02-01 23:00:00,516.5,20240600,511.1,20240300,516.5,20240600
2024-02-02 08:00:00,516.5,20240600,515.6,20240300,516.5,20240600
2024-02-02 14:00:00,516.5,20240600,510.9,20240300,516.5,20240600
2024-02-02 15:00:00,516.5,20240600,512.0,20240300,516.5,20240600
2024-02-02 16:00:00,516.5,20240600,511.1,20240300,516.5,20240600
2024-02-02 23:00:00,516.2,20240600,510.8,20240300,516.2,20240600
2024-02-05 08:00:00,516.2,20240600,511.8,20240300,516.2,20240600
2024-02-05 13:00:00,516.2,20240600,508.2,20240300,516.2,20240600
2024-02-05 14:00:00,516.2,20240600,509.2,20240300,516.2,20240600
2024-02-05 15:00:00,516.2,20240600,507.3,20240300,516.2,20240600
2024-02-05 16:00:00,516.2,20240600,507.2,20240300,516.2,20240600
2024-02-05 23:00:00,512.4,20240600,507.0,20240300,512.4,20240600
2024-02-06 08:00:00,512.4,20240600,508.1,20240300,512.4,20240600
2024-02-06 13:00:00,512.4,20240600,508.7,20240300,512.4,20240600
2024-02-06 14:00:00,512.4,20240600,510.2,20240300,512.4,20240600
2024-02-06 15:00:00,512.4,20240600,510.5,20240300,512.4,20240600
2024-02-06 16:00:00,512.4,20240600,511.3,20240300,512.4,20240600
2024-02-06 23:00:00,516.1,20240600,510.6,20240300,516.1,20240600
2024-02-07 10:00:00,516.1,20240600,510.2,20240300,516.1,20240600
2024-02-07 11:00:00,516.1,20240600,509.9,20240300,516.1,20240600
2024-02-07 14:00:00,516.1,20240600,509.9,20240300,516.1,20240600
2024-02-07 16:00:00,516.1,20240600,508.4,20240300,516.1,20240600
2024-02-07 23:00:00,514.0,20240600,508.6,20240300,514.0,20240600
2024-02-08 10:00:00,514.0,20240600,509.8,20240300,514.0,20240600
2024-02-08 11:00:00,514.0,20240600,509.4,20240300,514.0,20240600
2024-02-08 12:00:00,514.0,20240600,509.2,20240300,514.0,20240600
2024-02-08 13:00:00,514.0,20240600,509.6,20240300,514.0,20240600
2024-02-08 16:00:00,514.0,20240600,506.8,20240300,514.0,20240600
2024-02-08 23:00:00,513.2,20240600,507.8,20240300,513.2,20240600
2024-02-09 13:00:00,513.2,20240600,507.9,20240300,513.2,20240600
2024-02-09 14:00:00,513.2,20240600,507.1,20240300,513.2,20240600
2024-02-09 15:00:00,513.2,20240600,506.4,20240300,513.2,20240600
2024-02-09 16:00:00,513.2,20240600,507.3,20240300,513.2,20240600
2024-02-09 23:00:00,512.3,20240600,506.9,20240300,512.3,20240600
2024-02-12 08:00:00,512.3,20240600,508.5,20240300,512.3,20240600
2024-02-12 23:00:00,516.8,20240600,511.3,20240300,516.8,20240600
2024-02-13 08:00:00,516.8,20240600,510.9,20240300,516.8,20240600
2024-02-13 09:00:00,516.8,20240600,510.1,20240300,516.8,20240600
2024-02-13 10:00:00,516.8,20240600,509.4,20240300,516.8,20240600
2024-02-13 11:00:00,516.8,20240600,509.2,20240300,516.8,20240600
2024-02-13 13:00:00,516.8,20240600,508.5,20240300,516.8,20240600
2024-02-13 14:00:00,516.8,20240600,504.4,20240300,516.8,20240600
2024-02-13 15:00:00,516.8,20240600,503.7,20240300,516.8,20240600
2024-02-13 23:00:00,509.8,20240600,504.4,20240300,509.8,20240600
2024-02-14 08:00:00,509.8,20240600,505.9,20240300,509.8,20240600
2024-02-14 12:00:00,509.8,20240600,507.8,20240300,509.8,20240600
2024-02-14 13:00:00,509.8,20240600,507.8,20240300,509.8,20240600
2024-02-14 16:00:00,509.8,20240600,507.1,20240300,509.8,20240600
2024-02-14 23:00:00,512.7,20240600,507.3,20240300,512.7,20240600
2024-02-15 11:00:00,512.7,20240600,510.9,20240300,512.7,20240600
2024-02-15 15:00:00,512.7,20240600,511.6,20240300,512.7,20240600
2024-02-15 16:00:00,512.7,20240600,511.5,20240300,512.7,20240600
2024-02-15 23:00:00,516.6,20240600,511.2,20240300,516.6,20240600
2024-02-16 10:00:00,516.6,20240600,514.7,20240300,516.6,20240600
2024-02-16 12:00:00,516.6,20240600,515.8,20240300,516.6,20240600
2024-02-16 16:00:00,516.6,20240600,515.7,20240300,516.6,20240600
2024-02-16 23:00:00,520.5,20240600,515.0,20240300,520.5,20240600
2024-02-19 08:00:00,520.5,20240600,513.5,20240300,520.5,20240600
2024-02-19 10:00:00,520.5,20240600,513.1,20240300,520.5,20240600
2024-02-19 15:00:00,520.5,20240600,514.4,20240300,520.5,20240600
2024-02-19 23:00:00,519.9,20240600,514.4,20240300,519.9,20240600
2024-02-20 13:00:00,519.9,20240600,514.0,20240300,519.9,20240600
2024-02-20 14:00:00,519.9,20240600,513.1,20240300,519.9,20240600
2024-02-20 15:00:00,519.9,20240600,512.9,20240300,519.9,20240600
2024-02-20 16:00:00,519.9,20240600,514.0,20240300,519.9,20240600
2024-02-20 23:00:00,519.8,20240600,514.2,20240300,519.8,20240600
2024-02-21 16:00:00,519.8,20240600,514.4,20240300,519.8,20240600
2024-02-21 23:00:00,519.4,20240600,513.9,20240300,519.4,20240600
2024-02-22 14:00:00,519.4,20240600,518.7,20240300,519.4,20240600
2024-02-22 15:00:00,519.4,20240600,517.9,20240300,519.4,20240600
2024-02-22 16:00:00,519.4,20240600,517.2,20240300,519.4,20240600
2024-02-22 23:00:00,523.3,20240600,517.7,20240300,523.3,20240600
2024-02-23 16:00:00,523.3,20240600,517.8,20240300,523.3,20240600
2024-02-23 23:00:00,523.8,20240600,518.3,20240300,523.8,20240600
2024-02-26 08:00:00,523.8,20240600,516.8,20240300,523.8,20240600
2024-02-26 09:00:00,523.8,20240600,515.8,20240300,523.8,20240600
2024-02-26 15:00:00,523.8,20240600,515.0,20240300,523.8,20240600
2024-02-26 16:00:00,523.8,20240600,515.6,20240300,523.8,20240600
2024-02-26 23:00:00,520.6,20240600,515.0,20240300,520.6,20240600
2024-02-27 08:00:00,520.6,20240600,515.6,20240300,520.6,20240600
2024-02-27 11:00:00,520.6,20240600,514.8,20240300,520.6,20240600
2024-02-27 12:00:00,520.6,20240600,516.1,20240300,520.6,20240600
2024-02-27 13:00:00,520.6,20240600,514.9,20240300,520.6,20240600
2024-02-27 15:00:00,520.6,20240600,515.8,20240300,520.6,20240600
2024-02-27 23:00:00,522.0,20240600,516.5,20240300,522.0,20240600
2024-02-28 09:00:00,522.0,20240600,513.5,20240300,522.0,20240600
2024-02-28 10:00:00,522.0,20240600,513.2,20240300,522.0,20240600
2024-02-28 13:00:00,522.0,20240600,512.2,20240300,522.0,20240600
2024-02-28 16:00:00,522.0,20240600,515.2,20240300,522.0,20240600
2024-02-28 23:00:00,518.4,20240600,512.9,20240300,518.4,20240600
2024-02-29 08:00:00,518.4,20240600,515.2,20240300,518.4,20240600
2024-02-29 10:00:00,518.4,20240600,514.5,20240300,518.4,20240600
2024-02-29 16:00:00,518.4,20240600,514.5,20240300,518.4,20240600
2024-02-29 19:00:00,518.4,20240600,513.6,20240300,518.4,20240600
2024-02-29 23:00:00,520.2,20240600,514.7,20240300,520.2,20240600
2024-03-01 08:00:00,520.2,20240600,514.7,20240300,520.2,20240600
2024-03-01 10:00:00,520.2,20240600,515.1,20240300,520.2,20240600
2024-03-01 14:00:00,520.2,20240600,513.3,20240300,520.2,20240600
2024-03-01 16:00:00,520.2,20240600,517.0,20240300,520.2,20240600
2024-03-01 23:00:00,522.0,20240600,516.5,20240300,522.0,20240600
2024-03-04 11:00:00,522.0,20240600,513.3,20240300,522.0,20240600
2024-03-04 13:00:00,522.0,20240600,512.9,20240300,522.0,20240600
2024-03-04 16:00:00,522.0,20240600,513.0,20240300,522.0,20240600
2024-03-04 23:00:00,519.1,20240600,513.6,20240300,519.1,20240600
2024-03-05 09:00:00,519.1,20240600,512.2,20240300,519.1,20240600
2024-03-05 14:00:00,519.1,20240600,513.2,20240300,519.1,20240600
2024-03-05 16:00:00,519.1,20240600,513.2,20240300,519.1,20240600
2024-03-05 23:00:00,504.6,20240600,513.1,20240300,504.6,20240600
2024-03-06 09:00:00,504.6,20240600,516.2,20240300,504.6,20240600
2024-03-06 11:00:00,504.6,20240600,515.6,20240300,504.6,20240600
2024-03-06 15:00:00,504.6,20240600,515.2,20240300,504.6,20240600
2024-03-06 16:00:00,504.6,20240600,515.6,20240300,504.6,20240600
2024-03-06 23:00:00,507.1,20240600,515.5,20240300,507.1,20240600
2024-03-07 08:00:00,507.1,20240600,512.9,20240300,507.1,20240600
2024-03-07 10:00:00,507.1,20240600,515.0,20240300,507.1,20240600
2024-03-07 11:00:00,507.1,20240600,515.5,20240300,507.1,20240600
2024-03-07 13:00:00,507.1,20240600,516.7,20240300,507.1,20240600
2024-03-07 16:00:00,507.1,20240600,518.5,20240300,507.1,20240600
2024-03-07 23:00:00,514.4,20240600,518.4,20240300,514.4,20240600
2024-03-08 08:00:00,514.4,20240600,517.0,20240300,514.4,20240600
2024-03-08 13:00:00,514.4,20240600,519.1,20240300,514.4,20240600
2024-03-08 16:00:00,514.4,20240600,519.0,20240300,514.4,20240600
2024-03-08 23:00:00,514.8,20240600,518.9,20240300,514.8,20240600
2024-03-11 08:00:00,514.8,20240600,516.3,20240300,514.8,20240600
2024-03-11 14:00:00,511.1,20240600,515.3,20240300,511.1,20240600
2024-03-11 15:00:00,512.1,20240600,516.4,20240300,512.1,20240600
2024-03-11 16:00:00,512.1,20240600,517.2,20240300,512.1,20240600
2024-03-11 23:00:00,513.4,20240600,517.3,20240300,513.4,20240600
2024-03-12 10:00:00,515.7,20240600,519.6,20240300,515.7,20240600
2024-03-12 15:00:00,515.7,20240600,520.6,20240300,515.7,20240600
2024-03-12 16:00:00,518.1,20240600,521.9,20240300,518.1,20240600
2024-03-12 23:00:00,517.6,20240600,521.4,20240300,517.6,20240600
2024-03-13 08:00:00,517.6,20240600,521.3,20240300,517.6,20240600
2024-03-13 09:00:00,517.7,20240600,521.5,20240300,517.7,20240600
2024-03-13 10:00:00,517.8,20240600,521.7,20240300,517.8,20240600
2024-03-13 11:00:00,517.7,20240600,521.6,20240300,517.7,20240600
2024-03-13 12:00:00,516.9,20240600,520.8,20240300,516.9,20240600
2024-03-13 13:00:00,518.2,20240600,522.1,20240300,518.2,20240600
2024-03-13 14:00:00,517.9,20240600,522.1,20240300,517.9,20240600
2024-03-13 15:00:00,518.2,20240600,522.1,20240300,518.2,20240600
2024-03-13 16:00:00,517.9,20240600,523.4,20240300,517.9,20240600
2024-03-13 23:00:00,517.8,20240600,521.8,20240300,517.8,20240600
2024-03-14 13:00:00,518.8,20240600,521.8,20240300,518.8,20240600
2024-03-14 13:00:01,,20240900,518.8,20240600,,20240900
2024-03-14 16:00:00,,20240900,516.7,20240600,,20240900
2024-03-14 23:00:00,531.9,20240900,517.1,20240600,531.9,20240900
2024-03-15 09:00:00,,20240900,517.8,20240600,,20240900
2024-03-15 15:00:00,,20240900,518.2,20240600,,20240900
2024-03-15 16:00:00,,20240900,517.2,20240600,,20240900
2024-03-15 23:00:00,522.5,20240900,517.2,20240600,522.5,20240900
2024-03-18 09:00:00,,20240900,518.5,20240600,,20240900
2024-03-18 16:00:00,,20240900,516.1,20240600,,20240900
2024-03-18 23:00:00,521.5,20240900,516.3,20240600,521.5,20240900
2024-03-19 13:00:00,,20240900,515.4,20240600,,20240900
2024-03-19 15:00:00,,20240900,517.2,20240600,,20240900
2024-03-19 23:00:00,523.0,20240900,517.8,20240600,523.0,20240900
2024-03-20 10:00:00,,20240900,518.0,20240600,,20240900
2024-03-20 13:00:00,,20240900,518.8,20240600,,20240900
2024-03-20 14:00:00,,20240900,519.5,20240600,,20240900
2024-03-20 16:00:00,,20240900,520.0,20240600,,20240900
2024-03-20 23:00:00,524.6,20240900,519.4,20240600,524.6,20240900
2024-03-21 08:00:00,,20240900,525.7,20240600,,20240900
2024-03-21 11:00:00,,20240900,523.9,20240600,,20240900
2024-03-21 13:00:00,,20240900,524.5,20240600,,20240900
2024-03-21 14:00:00,,20240900,526.3,20240600,,20240900
2024-03-21 16:00:00,,20240900,526.9,20240600,,20240900
2024-03-21 23:00:00,531.6,20240900,526.4,20240600,531.6,20240900
2024-03-22 10:00:00,,20240900,527.8,20240600,,20240900
2024-03-22 11:00:00,,20240900,526.7,20240600,,20240900
2024-03-22 13:00:00,,20240900,527.4,20240600,,20240900
2024-03-22 15:00:00,,20240900,527.1,20240600,,20240900
2024-03-22 16:00:00,,20240900,526.3,20240600,,20240900
2024-03-22 23:00:00,532.3,20240900,527.1,20240600,532.3,20240900
2024-03-25 08:00:00,,20240900,526.3,20240600,,20240900
2024-03-25 09:00:00,,20240900,525.8,20240600,,20240900
2024-03-25 10:00:00,,20240900,524.8,20240600,,20240900
2024-03-25 16:00:00,,20240900,525.3,20240600,,20240900
2024-03-25 23:00:00,531.2,20240900,526.1,20240600,531.2,20240900
2024-03-26 12:00:00,,20240900,526.6,20240600,,20240900
2024-03-26 16:00:00,,20240900,528.7,20240600,,20240900
2024-03-26 23:00:00,532.9,20240900,527.8,20240600,532.9,20240900
2024-03-27 13:00:00,,20240900,528.1,20240600,,20240900
2024-03-27 16:00:00,,20240900,529.0,20240600,,20240900
2024-03-27 23:00:00,534.2,20240900,529.0,20240600,534.2,20240900
2024-03-28 08:00:00,,20240900,529.8,20240600,,20240900
2024-03-28 12:00:00,,20240900,529.4,20240600,,20240900
2024-03-28 15:00:00,,20240900,531.0,20240600,,20240900
2024-03-28 16:00:00,,20240900,530.4,20240600,,20240900
2024-03-28 23:00:00,535.9,20240900,530.7,20240600,535.9,20240900
2024-04-02 05:00:00,505.1,20240900,500.2,20240600,505.1,20240900
2024-04-02 07:00:00,,20240900,504.9,20240600,,20240900
2024-04-02 09:00:00,,20240900,503.6,20240600,,20240900
2024-04-02 12:00:00,,20240900,502.4,20240600,,20240900
2024-04-02 13:00:00,,20240900,499.7,20240600,,20240900
2024-04-02 14:00:00,,20240900,500.5,20240600,,20240900
2024-04-02 15:00:00,,20240900,500.5,20240600,,20240900
2024-04-03 05:00:00,508.2,20240900,503.3,20240600,508.2,20240900
2024-04-03 09:00:00,,20240900,500.0,20240600,,20240900
2024-04-03 13:00:00,,20240900,501.0,20240600,,20240900
2024-04-03 14:00:00,,20240900,502.7,20240600,,20240900
2024-04-03 15:00:00,,20240900,503.3,20240600,,20240900
2024-04-04 05:00:00,511.1,20240900,506.1,20240600,511.1,20240900
2024-04-04 07:00:00,,20240900,503.9,20240600,,20240900
2024-04-04 09:00:00,,20240900,505.0,20240600,,20240900
2024-04-04 10:00:00,,20240900,505.0,20240600,,20240900
2024-04-04 12:00:00,,20240900,504.5,20240600,,20240900
2024-04-04 13:00:00,,20240900,506.2,20240600,,20240900
2024-04-04 15:00:00,,20240900,506.4,20240600,,20240900
2024-04-05 05:00:00,505.6,20240900,500.7,20240600,505.6,20240900
2024-04-05 07:00:00,,20240900,500.6,20240600,,20240900
2024-04-05 10:00:00,,20240900,499.3,20240600,,20240900
2024-04-05 11:00:00,,20240900,498.9,20240600,,20240900
2024-04-05 12:00:00,,20240900,499.4,20240600,,20240900
2024-04-05 13:00:00,,20240900,500.1,20240600,,20240900
2024-04-05 14:00:00,,20240900,500.8,20240600,,20240900
2024-04-05 15:00:00,,20240900,500.9,20240600,,20240900
2024-04-08 05:00:00,510.3,20240900,505.3,20240600,510.3,20240900
2024-04-08 07:00:00,,20240900,501.8,20240600,,20240900
2024-04-08 08:00:00,,20240900,502.4,20240600,,20240900
2024-04-08 11:00:00,,20240900,503.3,20240600,,20240900
2024-04-08 15:00:00,,20240900,505.5,20240600,,20240900
2024-04-09 05:00:00,507.4,20240900,502.4,20240600,507.4,20240900
2024-04-09 07:00:00,,20240900,504.7,20240600,,20240900
2024-04-09 08:00:00,,20240900,505.0,20240600,,20240900
2024-04-09 12:00:00,,20240900,506.0,20240600,,20240900
2024-04-09 13:00:00,,20240900,504.5,20240600,,20240900
2024-04-09 15:00:00,,20240900,503.2,20240600,,20240900
2024-04-10 05:00:00,507.0,20240900,502.1,20240600,507.0,20240900
2024-04-10 09:00:00,,20240900,505.7,20240600,,20240900
2024-04-10 12:00:00,,20240900,500.8,20240600,,20240900
2024-04-10 13:00:00,,20240900,500.4,20240600,,20240900
2024-04-10 14:00:00,,20240900,502.2,20240600,,20240900
2024-04-10 15:00:00,,20240900,502.0,20240600,,20240900
2024-04-11 05:00:00,502.9,20240900,498.0,20240600,502.9,20240900
2024-04-11 07:00:00,,20240900,502.3,20240600,,20240900
2024-04-11 15:00:00,,20240900,497.9,20240600,,20240900
2024-04-12 05:00:00,502.3,20240900,497.4,20240600,502.3,20240900
2024-04-12 08:00:00,,20240900,503.4,20240600,,20240900
2024-04-12 09:00:00,,20240900,503.6,20240600,,20240900
2024-04-15 05:00:00,503.1,20240900,498.2,20240600,503.1,20240900
2024-04-15 07:00:00,,20240900,499.3,20240600,,20240900
2024-04-15 08:00:00,,20240900,500.4,20240600,,20240900
2024-04-15 09:00:00,,20240900,499.7,20240600,,20240900
2024-04-15 11:00:00,,20240900,501.7,20240600,,20240900
2024-04-16 05:00:00,496.1,20240900,491.3,20240600,496.1,20240900
2024-04-16 08:00:00,,20240900,491.1,20240600,,20240900
2024-04-16 12:00:00,,20240900,493.5,20240600,,20240900
2024-04-16 13:00:00,,20240900,490.4,20240600,,20240900
2024-04-16 14:00:00,,20240900,491.1,20240600,,20240900
2024-04-16 15:00:00,,20240900,491.2,20240600,,20240900
2024-04-17 05:00:00,497.8,20240900,492.9,20240600,497.8,20240900
2024-04-17 08:00:00,,20240900,494.3,20240600,,20240900
2024-04-17 10:00:00,,20240900,495.2,20240600,,20240900
2024-04-17 15:00:00,,20240900,492.9,20240600,,20240900
2024-04-18 05:00:00,499.3,20240900,494.4,20240600,499.3,20240900
2024-04-18 15:00:00,,20240900,494.6,20240600,,20240900
2024-04-19 05:00:00,497.7,20240900,492.8,20240600,497.7,20240900
2024-04-19 09:00:00,,20240900,490.9,20240600,,20240900
2024-04-19 10:00:00,,20240900,491.0,20240600,,20240900
2024-04-19 11:00:00,,20240900,491.7,20240600,,20240900
2024-04-19 13:00:00,,20240900,492.1,20240600,,20240900
2024-04-22 05:00:00,501.4,20240900,496.5,20240600,501.4,20240900
2024-04-22 07:00:00,,20240900,497.1,20240600,,20240900
2024-04-22 14:00:00,,20240900,496.9,20240600,,20240900
2024-04-23 05:00:00,506.7,20240900,501.7,20240600,506.7,20240900
2024-04-23 11:00:00,,20240900,501.1,20240600,,20240900
2024-04-23 12:00:00,,20240900,500.2,20240600,,20240900
2024-04-23 13:00:00,,20240900,500.4,20240600,,20240900
2024-04-23 14:00:00,,20240900,501.1,20240600,,20240900
2024-04-23 15:00:00,,20240900,501.7,20240600,,20240900
2024-04-24 05:00:00,503.4,20240900,498.5,20240600,503.4,20240900
2024-04-24 07:00:00,,20240900,501.8,20240600,,20240900
2024-04-24 14:00:00,,20240900,499.8,20240600,,20240900
2024-04-25 05:00:00,499.5,20240900,494.6,20240600,499.5,20240900
2024-04-25 07:00:00,,20240900,496.9,20240600,,20240900
2024-04-25 11:00:00,,20240900,497.5,20240600,,20240900
2024-04-25 12:00:00,,20240900,497.2,20240600,,20240900
2024-04-25 15:00:00,,20240900,494.3,20240600,,20240900
2024-04-26 05:00:00,503.4,20240900,498.5,20240600,503.4,20240900
2024-04-26 09:00:00,,20240900,497.9,20240600,,20240900
2024-04-26 10:00:00,,20240900,498.1,20240600,,20240900
2024-04-26 12:00:00,,20240900,498.8,20240600,,20240900
2024-04-26 13:00:00,,20240900,497.4,20240600,,20240900
2024-04-26 14:00:00,,20240900,499.2,20240600,,20240900
2024-04-26 15:00:00,,20240900,498.5,20240600,,20240900
2024-04-29 05:00:00,506.8,20240900,501.9,20240600,506.8,20240900
2024-04-29 08:00:00,,20240900,501.4,20240600,,20240900
2024-04-29 11:00:00,,20240900,501.0,20240600,,20240900
2024-04-29 15:00:00,,20240900,502.0,20240600,,20240900
2024-04-30 05:00:00,502.8,20240900,498.0,20240600,502.8,20240900
2024-04-30 08:00:00,,20240900,501.8,20240600,,20240900
2024-04-30 09:00:00,,20240900,501.0,20240600,,20240900
2024-04-30 10:00:00,,20240900,501.6,20240600,,20240900
2024-04-30 11:00:00,,20240900,501.2,20240600,,20240900
2024-04-30 12:00:00,,20240900,500.0,20240600,,20240900
2024-04-30 13:00:00,,20240900,499.4,20240600,,20240900
2024-04-30 15:00:00,,20240900,499.3,20240600,,20240900
2024-05-02 05:00:00,505.6,20240900,500.7,20240600,505.6,20240900
2024-05-02 07:00:00,,20240900,500.2,20240600,,20240900
2024-05-02 08:00:00,,20240900,499.8,20240600,,20240900
2024-05-02 09:00:00,,20240900,499.7,20240600,,20240900
2024-05-02 11:00:00,,20240900,500.4,20240600,,20240900
2024-05-02 12:00:00,,20240900,501.0,20240600,,20240900
2024-05-02 13:00:00,,20240900,500.8,20240600,,20240900
2024-05-02 15:00:00,,20240900,500.7,20240600,,20240900
2024-05-03 05:00:00,508.5,20240900,503.6,20240600,508.5,20240900
2024-05-03 08:00:00,,20240900,503.3,20240600,,20240900
2024-05-03 09:00:00,,20240900,503.1,20240600,,20240900
2024-05-03 10:00:00,,20240900,503.0,20240600,,20240900
2024-05-03 11:00:00,,20240900,503.2,20240600,,20240900
2024-05-03 15:00:00,,20240900,503.6,20240600,,20240900
2024-05-06 05:00:00,513.0,20240900,508.0,20240600,513.0,20240900
2024-05-06 07:00:00,,20240900,505.2,20240600,,20240900
2024-05-06 08:00:00,,20240900,505.5,20240600,,20240900
2024-05-06 09:00:00,,20240900,507.0,20240600,,20240900
2024-05-06 10:00:00,,20240900,507.4,20240600,,20240900
2024-05-06 13:00:00,,20240900,507.3,20240600,,20240900
2024-05-06 14:00:00,,20240900,507.9,20240600,,20240900
2024-05-06 15:00:00,,20240900,508.0,20240600,,20240900
2024-05-07 05:00:00,516.6,20240900,511.7,20240600,516.6,20240900
2024-05-07 07:00:00,,20240900,508.8,20240600,,20240900
2024-05-07 08:00:00,,20240900,509.1,20240600,,20240900
2024-05-07 13:00:00,,20240900,510.0,20240600,,20240900
2024-05-07 15:00:00,,20240900,511.7,20240600,,20240900
2024-05-08 05:00:00,519.4,20240900,514.4,20240600,519.4,20240900
2024-05-08 07:00:00,,20240900,513.6,20240600,,20240900
2024-05-08 08:00:00,,20240900,514.4,20240600,,20240900
2024-05-08 14:00:00,,20240900,514.1,20240600,,20240900
2024-05-09 05:00:00,521.9,20240900,516.9,20240600,521.9,20240900
2024-05-09 09:00:00,,20240900,514.5,20240600,,20240900
2024-05-09 10:00:00,,20240900,514.6,20240600,,20240900
2024-05-09 11:00:00,,20240900,515.9,20240600,,20240900
2024-05-09 12:00:00,,20240900,516.6,20240600,,20240900
2024-05-09 13:00:00,,20240900,516.8,20240600,,20240900
2024-05-09 15:00:00,,20240900,516.8,20240600,,20240900
2024-05-10 05:00:00,526.1,20240900,521.1,20240600,526.1,20240900
2024-05-10 07:00:00,,20240900,519.6,20240600,,20240900
2024-05-10 08:00:00,,20240900,520.8,20240600,,20240900
2024-05-10 09:00:00,,20240900,521.4,20240600,,20240900
2024-05-10 11:00:00,,20240900,521.9,20240600,,20240900
2024-05-10 14:00:00,,20240900,521.8,20240600,,20240900
2024-05-10 15:00:00,,20240900,521.0,20240600,,20240900
2024-05-13 05:00:00,526.6,20240900,521.5,20240600,526.6,20240900
2024-05-13 11:00:00,,20240900,521.0,20240600,,20240900
2024-05-13 13:00:00,,20240900,519.9,20240600,,20240900
2024-05-13 14:00:00,,20240900,521.6,20240600,,20240900
2024-05-13 15:00:00,,20240900,521.5,20240600,,20240900
2024-05-14 05:00:00,529.2,20240900,524.2,20240600,529.2,20240900
2024-05-14 07:00:00,,20240900,522.1,20240600,,20240900
2024-05-14 08:00:00,,20240900,522.4,20240600,,20240900
2024-05-14 10:00:00,,20240900,523.1,20240600,,20240900
2024-05-14 12:00:00,,20240900,522.2,20240600,,20240900
2024-05-14 14:00:00,,20240900,524.3,20240600,,20240900
2024-05-14 15:00:00,,20240900,524.2,20240600,,20240900
2024-05-15 05:00:00,534.1,20240900,529.0,20240600,534.1,20240900
2024-05-15 07:00:00,,20240900,525.6,20240600,,20240900
2024-05-15 08:00:00,,20240900,526.5,20240600,,20240900
2024-05-15 10:00:00,,20240900,526.9,20240600,,20240900
2024-05-15 12:00:00,,20240900,529.0,20240600,,20240900
2024-05-15 13:00:00,,20240900,528.7,20240600,,20240900
2024-05-15 14:00:00,,20240900,528.6,20240600,,20240900
2024-05-15 15:00:00,,20240900,528.8,20240600,,20240900
2024-05-16 05:00:00,533.6,20240900,528.4,20240600,533.6,20240900
2024-05-16 07:00:00,,20240900,528.8,20240600,,20240900
2024-05-16 08:00:00,,20240900,528.4,20240600,,20240900
2024-05-16 12:00:00,,20240900,528.8,20240600,,20240900
2024-05-16 14:00:00,,20240900,528.8,20240600,,20240900
2024-05-16 15:00:00,,20240900,528.4,20240600,,20240900
2024-05-16 18:00:00,,20240900,528.3,20240600,,20240900
2024-05-17 05:00:00,532.5,20240900,527.4,20240600,532.5,20240900
2024-05-17 07:00:00,,20240900,527.5,20240600,,20240900
2024-05-17 13:00:00,,20240900,526.5,20240600,,20240900
2024-05-17 15:00:00,,20240900,527.3,20240600,,20240900
2024-05-20 05:00:00,536.0,20240900,530.9,20240600,536.0,20240900
2024-05-20 13:00:00,,20240900,528.3,20240600,,20240900
2024-05-20 14:00:00,,20240900,528.4,20240600,,20240900
2024-05-20 15:00:00,,20240900,528.5,20240600,,20240900
2024-05-21 05:00:00,531.1,20240900,526.0,20240600,531.1,20240900
2024-05-21 13:00:00,,20240900,524.8,20240600,,20240900
2024-05-21 14:00:00,,20240900,525.3,20240600,,20240900
2024-05-21 15:00:00,,20240900,525.8,20240600,,20240900
2024-05-22 05:00:00,529.7,20240900,524.6,20240600,529.7,20240900
2024-05-22 07:00:00,,20240900,524.4,20240600,,20240900
2024-05-22 08:00:00,,20240900,524.2,20240600,,20240900
2024-05-22 15:00:00,,20240900,524.6,20240600,,20240900
2024-05-23 05:00:00,529.0,20240900,523.9,20240600,529.0,20240900
2024-05-23 08:00:00,,20240900,524.0,20240600,,20240900
2024-05-23 09:00:00,,20240900,524.9,20240600,,20240900
2024-05-23 12:00:00,,20240900,525.3,20240600,,20240900
2024-05-23 13:00:00,,20240900,524.5,20240600,,20240900
2024-05-23 14:00:00,,20240900,523.9,20240600,,20240900
2024-05-24 05:00:00,529.7,20240900,524.6,20240600,529.7,20240900
2024-05-24 07:00:00,,20240900,520.9,20240600,,20240900
2024-05-24 10:00:00,,20240900,522.6,20240600,,20240900
2024-05-24 12:00:00,,20240900,523.1,20240600,,20240900
2024-05-24 13:00:00,,20240900,523.3,20240600,,20240900
2024-05-24 15:00:00,,20240900,524.7,20240600,,20240900
2024-05-27 05:00:00,532.1,20240900,527.0,20240600,532.1,20240900
2024-05-27 07:00:00,,20240900,525.5,20240600,,20240900
2024-05-27 08:00:00,,20240900,526.7,20240600,,20240900
2024-05-27 09:00:00,,20240900,526.4,20240600,,20240900
2024-05-27 10:00:00,,20240900,526.4,20240600,,20240900
2024-05-27 11:00:00,,20240900,526.2,20240600,,20240900
2024-05-27 12:00:00,,20240900,526.9,20240600,,20240900
2024-05-27 13:00:00,,20240900,527.0,20240600,,20240900
2024-05-27 14:00:00,,20240900,527.0,20240600,,20240900
2024-05-27 15:00:00,,20240900,527.1,20240600,,20240900
2024-05-28 05:00:00,530.4,20240900,525.3,20240600,530.4,20240900
2024-05-28 07:00:00,,20240900,528.0,20240600,,20240900
2024-05-28 08:00:00,,20240900,527.9,20240600,,20240900
2024-05-28 09:00:00,,20240900,527.4,20240600,,20240900
2024-05-28 10:00:00,,20240900,526.6,20240600,,20240900
2024-05-28 11:00:00,,20240900,526.9,20240600,,20240900
2024-05-28 12:00:00,,20240900,525.8,20240600,,20240900
2024-05-28 13:00:00,,20240900,525.4,20240600,,20240900
2024-05-28 14:00:00,,20240900,524.6,20240600,,20240900
2024-05-28 15:00:00,,20240900,525.2,20240600,,20240900
2024-05-29 05:00:00,522.6,20240900,517.6,20240600,522.6,20240900
2024-05-29 07:00:00,,20240900,521.5,20240600,,20240900
2024-05-29 09:00:00,,20240900,520.2,20240600,,20240900
2024-05-29 11:00:00,,20240900,519.9,20240600,,20240900
2024-05-29 12:00:00,,20240900,518.6,20240600,,20240900
2024-05-29 13:00:00,,20240900,517.9,20240600,,20240900
2024-05-29 14:00:00,,20240900,517.8,20240600,,20240900
2024-05-29 15:00:00,,20240900,517.5,20240600,,20240900
2024-05-30 05:00:00,525.5,20240900,520.5,20240600,525.5,20240900
2024-05-30 07:00:00,,20240900,518.1,20240600,,20240900
2024-05-30 08:00:00,,20240900,519.7,20240600,,20240900
2024-05-30 09:00:00,,20240900,519.7,20240600,,20240900
2024-05-30 10:00:00,,20240900,519.2,20240600,,20240900
2024-05-30 11:00:00,,20240900,519.1,20240600,,20240900
2024-05-30 12:00:00,,20240900,520.5,20240600,,20240900
2024-05-30 13:00:00,,20240900,520.3,20240600,,20240900
2024-05-30 14:00:00,,20240900,520.4,20240600,,20240900
2024-05-30 15:00:00,,20240900,520.5,20240600,,20240900
2024-05-31 05:00:00,525.0,20240900,520.0,20240600,525.0,20240900
2024-05-31 09:00:00,,20240900,520.0,20240600,,20240900
2024-05-31 12:00:00,,20240900,520.1,20240600,,20240900
2024-05-31 13:00:00,,20240900,520.9,20240600,,20240900
2024-05-31 14:00:00,,20240900,520.4,20240600,,20240900
2024-05-31 15:00:00,,20240900,519.8,20240600,,20240900
2024-06-03 05:00:00,528.3,20240900,523.3,20240600,528.3,20240900
2024-06-03 07:00:00,,20240900,524.8,20240600,,20240900
2024-06-03 08:00:00,,20240900,524.0,20240600,,20240900
2024-06-03 13:00:00,,20240900,523.6,20240600,,20240900
2024-06-03 14:00:00,,20240900,523.9,20240600,,20240900
2024-06-03 15:00:00,,20240900,523.1,20240600,,20240900
2024-06-04 05:00:00,522.5,20240900,517.5,20240600,522.5,20240900
2024-06-04 07:00:00,,20240900,519.5,20240600,,20240900
2024-06-04 08:00:00,,20240900,517.4,20240600,,20240900
2024-06-04 09:00:00,,20240900,516.6,20240600,,20240900
2024-06-04 10:00:00,,20240900,516.9,20240600,,20240900
2024-06-04 13:00:00,,20240900,518.0,20240600,,20240900
2024-06-04 14:00:00,,20240900,517.6,20240600,,20240900
2024-06-04 15:00:00,,20240900,517.4,20240600,,20240900
2024-06-05 05:00:00,524.3,20240900,519.4,20240600,524.3,20240900
2024-06-05 08:00:00,,20240900,519.2,20240600,,20240900
2024-06-05 10:00:00,,20240900,519.3,20240600,,20240900
2024-06-05 13:00:00,,20240900,518.3,20240600,,20240900
2024-06-05 14:00:00,,20240900,518.8,20240600,,20240900
2024-06-05 15:00:00,,20240900,519.2,20240600,,20240900
2024-06-06 05:00:00,524.4,20240900,519.5,20240600,524.4,20240900
2024-06-06 08:00:00,,20240900,521.0,20240600,,20240900
2024-06-06 12:00:00,,20240900,518.8,20240600,,20240900
2024-06-06 13:00:00,,20240900,519.3,20240600,,20240900
2024-06-06 14:00:00,,20240900,519.3,20240600,,20240900
2024-06-06 15:00:00,,20240900,519.5,20240600,,20240900
2024-06-07 05:00:00,522.8,20240900,517.5,20240600,522.8,20240900
2024-06-07 07:00:00,,20240900,518.4,20240600,,20240900
2024-06-07 08:00:00,,20240900,518.0,20240600,,20240900
2024-06-07 09:00:00,,20240900,518.0,20240600,,20240900
2024-06-07 10:00:00,,20240900,517.5,20240600,,20240900
2024-06-07 11:00:00,,20240900,516.8,20240600,,20240900
2024-06-07 12:00:00,,20240900,515.3,20240600,,20240900
2024-06-07 13:00:00,,20240900,517.2,20240600,,20240900
2024-06-07 14:00:00,,20240900,517.4,20240600,,20240900
2024-06-07 15:00:00,,20240900,517.2,20240600,,20240900
2024-06-10 05:00:00,514.8,20240900,514.0,20240600,514.8,20240900
2024-06-10 07:00:00,,20240900,513.0,20240600,,20240900
2024-06-10 08:00:00,,20240900,513.1,20240600,,20240900
2024-06-10 09:00:00,,20240900,511.8,20240600,,20240900
2024-06-10 10:00:00,,20240900,512.5,20240600,,20240900
2024-06-10 12:00:00,,20240900,512.8,20240600,,20240900
2024-06-10 13:00:00,,20240900,512.7,20240600,,20240900
2024-06-10 14:00:00,,20240900,513.0,20240600,,20240900
2024-06-10 15:00:00,,20240900,514.2,20240600,,20240900
2024-06-11 05:00:00,511.4,20240900,509.0,20240600,511.4,20240900
2024-06-12 05:00:00,523.9,20241200,515.9,20240900,523.9,20241200
2024-06-13 05:00:00,514.2,20241200,506.3,20240900,514.2,20241200
2024-06-14 05:00:00,505.2,20241200,497.4,20240900,505.2,20241200
2024-06-17 05:00:00,506.1,20241200,498.3,20240900,506.1,20241200
2024-06-18 05:00:00,510.7,20241200,502.8,20240900,510.7,20241200
2024-06-19 05:00:00,508.9,20241200,501.1,20240900,508.9,20241200
2024-06-20 05:00:00,514.0,20241200,505.9,20240900,514.0,20241200
2024-06-21 05:00:00,505.4,20241200,500.4,20240900,505.4,20241200
2024-06-21 14:00:00,,20241200,500.3,20240900,,20241200
2024-06-24 05:00:00,508.5,20241200,503.5,20240900,508.5,20241200
2024-06-24 08:00:00,,20241200,500.7,20240900,,20241200
2024-06-24 10:00:00,,20241200,501.7,20240900,,20241200
2024-06-24 11:00:00,,20241200,502.5,20240900,,20241200
2024-06-24 12:00:00,,20241200,502.2,20240900,,20241200
2024-06-24 13:00:00,,20241200,502.9,20240900,,20241200
2024-06-24 14:00:00,,20241200,503.2,20240900,,20241200
2024-06-24 15:00:00,,20241200,503.4,20240900,,20241200
2024-06-25 05:00:00,506.0,20241200,501.0,20240900,506.0,20241200
2024-06-25 07:00:00,,20241200,502.3,20240900,,20241200
2024-06-25 08:00:00,,20241200,501.6,20240900,,20241200
2024-06-25 09:00:00,,20241200,501.4,20240900,,20241200
2024-06-25 11:00:00,,20241200,501.0,20240900,,20241200
2024-06-25 13:00:00,,20241200,500.7,20240900,,20241200
2024-06-25 14:00:00,,20241200,501.3,20240900,,20241200
2024-06-25 15:00:00,,20241200,501.1,20240900,,20241200
2024-06-26 05:00:00,501.9,20241200,497.0,20240900,501.9,20241200
2024-06-26 07:00:00,,20241200,501.4,20240900,,20241200
2024-06-26 08:00:00,,20241200,502.5,20240900,,20241200
2024-06-26 11:00:00,,20241200,498.2,20240900,,20241200
2024-06-26 13:00:00,,20241200,495.3,20240900,,20241200
2024-06-26 14:00:00,,20241200,497.5,20240900,,20241200
2024-06-27 05:00:00,499.5,20241200,494.5,20240900,499.5,20241200
2024-06-27 08:00:00,,20241200,495.8,20240900,,20241200
2024-06-27 09:00:00,,20241200,496.4,20240900,,20241200
2024-06-27 10:00:00,,20241200,495.0,20240900,,20241200
2024-06-28 05:00:00,496.6,20241200,491.6,20240900,496.6,20241200
2024-06-28 07:00:00,,20241200,494.6,20240900,,20241200
2024-06-28 08:00:00,,20241200,493.8,20240900,,20241200
2024-06-28 09:00:00,,20241200,495.0,20240900,,20241200
2024-06-28 10:00:00,,20241200,495.0,20240900,,20241200
2024-06-28 11:00:00,,20241200,492.9,20240900,,20241200
2024-06-28 12:00:00,,20241200,492.7,20240900,,20241200
2024-06-28 14:00:00,,20241200,492.0,20240900,,20241200
2024-06-28 15:00:00,,20241200,491.6,20240900,,20241200
2024-07-01 05:00:00,502.6,20241200,497.6,20240900,502.6,20241200
2024-07-01 07:00:00,,20241200,499.6,20240900,,20241200
2024-07-01 08:00:00,,20241200,498.4,20240900,,20241200
2024-07-01 11:00:00,,20241200,499.3,20240900,,20241200
2024-07-01 13:00:00,,20241200,499.9,20240900,,20241200
2024-07-01 14:00:00,,20241200,499.1,20240900,,20241200
2024-07-01 15:00:00,,20241200,497.8,20240900,,20241200
2024-07-02 05:00:00,500.3,20241200,495.3,20240900,500.3,20241200
2024-07-02 07:00:00,,20241200,493.9,20240900,,20241200
2024-07-02 08:00:00,,20241200,493.9,20240900,,20241200
2024-07-02 09:00:00,,20241200,493.5,20240900,,20241200
2024-07-02 10:00:00,,20241200,493.6,20240900,,20241200
2024-07-02 15:00:00,,20241200,495.2,20240900,,20241200
2024-07-03 05:00:00,507.0,20241200,502.0,20240900,507.0,20241200
2024-07-03 09:00:00,,20241200,500.5,20240900,,20241200
2024-07-03 11:00:00,,20241200,502.0,20240900,,20241200
2024-07-03 12:00:00,,20241200,501.7,20240900,,20241200
2024-07-03 13:00:00,,20241200,502.2,20240900,,20241200
2024-07-03 14:00:00,,20241200,501.8,20240900,,20241200
2024-07-03 15:00:00,,20241200,502.0,20240900,,20241200
2024-07-04 05:00:00,510.6,20241200,505.5,20240900,510.6,20241200
2024-07-04 11:00:00,,20241200,504.8,20240900,,20241200
2024-07-04 14:00:00,,20241200,504.8,20240900,,20241200
2024-07-05 05:00:00,510.2,20241200,505.1,20240900,510.2,20241200
2024-07-05 07:00:00,,20241200,508.1,20240900,,20241200
2024-07-05 12:00:00,,20241200,507.9,20240900,,20241200
2024-07-05 13:00:00,,20241200,505.4,20240900,,20241200
2024-07-05 14:00:00,,20241200,504.5,20240900,,20241200
2024-07-05 15:00:00,,20241200,505.1,20240900,,20241200
2024-07-08 05:00:00,509.2,20241200,504.2,20240900,509.2,20241200
2024-07-08 07:00:00,,20241200,505.6,20240900,,20241200
2024-07-08 08:00:00,,20241200,507.0,20240900,,20241200
2024-07-08 10:00:00,,20241200,506.4,20240900,,20241200
2024-07-09 05:00:00,504.3,20241200,499.3,20240900,504.3,20241200
2024-07-09 12:00:00,,20241200,500.3,20240900,,20241200
2024-07-09 13:00:00,,20241200,499.5,20240900,,20241200
2024-07-09 14:00:00,,20241200,499.2,20240900,,20241200
2024-07-09 15:00:00,,20241200,498.9,20240900,,20241200
2024-07-10 05:00:00,509.9,20241200,504.9,20240900,509.9,20241200
2024-07-10 08:00:00,,20241200,502.5,20240900,,20241200
2024-07-10 09:00:00,,20241200,504.0,20240900,,20241200
2024-07-10 10:00:00,,20241200,503.6,20240900,,20241200
2024-07-10 11:00:00,,20241200,503.4,20240900,,20241200
2024-07-10 12:00:00,,20241200,504.1,20240900,,20241200
2024-07-10 13:00:00,,20241200,504.2,20240900,,20241200
2024-07-10 14:00:00,,20241200,504.3,20240900,,20241200
2024-07-10 15:00:00,,20241200,504.9,20240900,,20241200
2024-07-11 05:00:00,514.1,20241200,509.0,20240900,514.1,20241200
2024-07-11 07:00:00,,20241200,506.2,20240900,,20241200
2024-07-11 08:00:00,,20241200,506.7,20240900,,20241200
2024-07-11 09:00:00,,20241200,506.7,20240900,,20241200
2024-07-11 10:00:00,,20241200,506.5,20240900,,20241200
2024-07-11 11:00:00,,20241200,506.3,20240900,,20241200
2024-07-11 12:00:00,,20241200,509.0,20240900,,20241200
2024-07-11 13:00:00,,20241200,507.4,20240900,,20241200
2024-07-11 14:00:00,,20241200,508.5,20240900,,20241200
2024-07-11 15:00:00,,20241200,508.5,20240900,,20241200
2024-07-12 05:00:00,517.6,20241200,512.5,20240900,517.6,20241200
2024-07-12 09:00:00,,20241200,509.0,20240900,,20241200
2024-07-12 12:00:00,,20241200,509.7,20240900,,20241200
2024-07-12 15:00:00,,20241200,512.4,20240900,,20241200
2024-07-15 05:00:00,514.2,20241200,509.1,20240900,514.2,20241200
2024-07-15 11:00:00,,20241200,510.9,20240900,,20241200
2024-07-15 14:00:00,,20241200,508.8,20240900,,20241200
2024-07-15 15:00:00,,20241200,509.3,20240900,,20241200
2024-07-16 05:00:00,513.7,20241200,508.6,20240900,513.7,20241200
2024-07-16 07:00:00,,20241200,505.3,20240900,,20241200
2024-07-16 08:00:00,,20241200,505.1,20240900,,20241200
2024-07-16 10:00:00,,20241200,506.6,20240900,,20241200
2024-07-16 12:00:00,,20241200,506.0,20240900,,20241200
2024-07-16 13:00:00,,20241200,506.3,20240900,,20241200
2024-07-16 15:00:00,,20241200,508.4,20240900,,20241200
2024-07-17 05:00:00,513.2,20241200,508.1,20240900,513.2,20241200
2024-07-17 08:00:00,,20241200,506.8,20240900,,20241200
2024-07-17 10:00:00,,20241200,507.5,20240900,,20241200
2024-07-17 11:00:00,,20241200,505.9,20240900,,20241200
2024-07-17 13:00:00,,20241200,506.6,20240900,,20241200
2024-07-17 15:00:00,,20241200,507.9,20240900,,20241200
2024-07-18 05:00:00,514.8,20241200,509.6,20240900,514.8,20241200
2024-07-18 08:00:00,,20241200,508.7,20240900,,20241200
2024-07-18 10:00:00,,20241200,510.0,20240900,,20241200
2024-07-18 12:00:00,,20241200,511.0,20240900,,20241200
2024-07-18 13:00:00,,20241200,512.0,20240900,,20241200
2024-07-18 14:00:00,,20241200,510.1,20240900,,20241200
2024-07-18 15:00:00,,20241200,509.5,20240900,,20241200
2024-07-19 05:00:00,508.2,20241200,503.1,20240900,508.2,20241200
2024-07-19 08:00:00,,20241200,505.4,20240900,,20241200
2024-07-19 09:00:00,,20241200,504.8,20240900,,20241200
2024-07-19 10:00:00,,20241200,505.0,20240900,,20241200
2024-07-19 11:00:00,,20241200,505.5,20240900,,20241200
2024-07-19 12:00:00,,20241200,504.3,20240900,,20241200
2024-07-19 14:00:00,,20241200,503.5,20240900,,20241200
2024-07-22 05:00:00,512.4,20241200,507.4,20240900,512.4,20241200
2024-07-22 08:00:00,,20241200,508.0,20240900,,20241200
2024-07-22 10:00:00,,20241200,508.2,20240900,,20241200
2024-07-22 11:00:00,,20241200,508.3,20240900,,20241200
2024-07-22 14:00:00,,20241200,507.6,20240900,,20241200
2024-07-22 15:00:00,,20241200,507.5,20240900,,20241200
2024-07-23 05:00:00,511.6,20241200,506.5,20240900,511.6,20241200
2024-07-23 07:00:00,,20241200,505.9,20240900,,20241200
2024-07-23 08:00:00,,20241200,505.7,20240900,,20241200
2024-07-23 12:00:00,,20241200,508.1,20240900,,20241200
2024-07-23 13:00:00,,20241200,506.1,20240900,,20241200
2024-07-23 14:00:00,,20241200,506.4,20240900,,20241200
2024-07-23 16:00:00,,20241200,501.0,20240900,,20241200
2024-07-24 05:00:00,508.4,20241200,503.3,20240900,508.4,20241200
2024-07-24 07:00:00,,20241200,503.3,20240900,,20241200
2024-07-24 08:00:00,,20241200,502.5,20240900,,20241200
2024-07-24 09:00:00,,20241200,503.5,20240900,,20241200
2024-07-24 10:00:00,,20241200,504.4,20240900,,20241200
2024-07-24 12:00:00,,20241200,504.5,20240900,,20241200
2024-07-24 14:00:00,,20241200,504.1,20240900,,20241200
2024-07-24 15:00:00,,20241200,503.3,20240900,,20241200
2024-07-25 05:00:00,503.5,20241200,498.5,20240900,503.5,20241200
2024-07-25 07:00:00,,20241200,495.0,20240900,,20241200
2024-07-25 08:00:00,,20241200,495.5,20240900,,20241200
2024-07-25 09:00:00,,20241200,495.4,20240900,,20241200
2024-07-25 12:00:00,,20241200,494.5,20240900,,20241200
2024-07-25 13:00:00,,20241200,496.3,20240900,,20241200
2024-07-25 14:00:00,,20241200,497.2,20240900,,20241200
2024-07-25 15:00:00,,20241200,498.6,20240900,,20241200
2024-07-26 05:00:00,508.4,20241200,503.4,20240900,508.4,20241200
2024-07-26 08:00:00,,20241200,500.7,20240900,,20241200
2024-07-26 10:00:00,,20241200,501.1,20240900,,20241200
2024-07-26 13:00:00,,20241200,502.9,20240900,,20241200
2024-07-26 14:00:00,,20241200,503.1,20240900,,20241200
2024-07-26 15:00:00,,20241200,503.6,20240900,,20241200
2024-07-29 05:00:00,506.3,20241200,501.4,20240900,506.3,20241200
2024-07-29 07:00:00,,20241200,504.2,20240900,,20241200
2024-07-29 08:00:00,,20241200,503.3,20240900,,20241200
2024-07-29 09:00:00,,20241200,504.8,20240900,,20241200
2024-07-29 11:00:00,,20241200,503.1,20240900,,20241200
2024-07-29 12:00:00,,20241200,503.8,20240900,,20241200
2024-07-29 14:00:00,,20241200,501.3,20240900,,20241200
2024-07-29 15:00:00,,20241200,501.4,20240900,,20241200
2024-07-30 05:00:00,509.0,20241200,504.0,20240900,509.0,20241200
2024-07-30 07:00:00,,20241200,502.6,20240900,,20241200
2024-07-30 08:00:00,,20241200,502.0,20240900,,20241200
2024-07-30 09:00:00,,20241200,502.1,20240900,,20241200
2024-07-30 10:00:00,,20241200,502.2,20240900,,20241200
2024-07-31 05:00:00,510.4,20241200,505.4,20240900,510.4,20241200
2024-07-31 07:00:00,,20241200,508.4,20240900,,20241200
2024-07-31 08:00:00,,20241200,507.1,20240900,,20241200
2024-07-31 09:00:00,,20241200,506.6,20240900,,20241200
2024-07-31 11:00:00,,20241200,506.6,20240900,,20241200
2024-07-31 13:00:00,,20241200,505.5,20240900,,20241200
2024-07-31 14:00:00,,20241200,505.7,20240900,,20241200
2024-07-31 15:00:00,,20241200,505.5,20240900,,20241200
2024-08-01 05:00:00,500.3,20241200,495.4,20240900,500.3,20241200
2024-08-01 07:00:00,,20241200,500.9,20240900,,20241200
2024-08-01 09:00:00,,20241200,500.1,20240900,,20241200
2024-08-01 10:00:00,,20241200,502.6,20240900,,20241200
2024-08-01 11:00:00,,20241200,501.4,20240900,,20241200
2024-08-01 12:00:00,,20241200,501.3,20240900,,20241200
2024-08-01 13:00:00,,20241200,501.0,20240900,,20241200
2024-08-01 14:00:00,,20241200,495.8,20240900,,20241200
2024-08-02 05:00:00,489.8,20241200,485.0,20240900,489.8,20241200
2024-08-02 07:00:00,,20241200,490.4,20240900,,20241200
2024-08-02 08:00:00,,20241200,491.0,20240900,,20241200
2024-08-02 09:00:00,,20241200,488.9,20240900,,20241200
2024-08-02 10:00:00,,20241200,488.9,20240900,,20241200
2024-08-02 11:00:00,,20241200,489.4,20240900,,20241200
2024-08-02 12:00:00,,20241200,490.0,20240900,,20241200
2024-08-02 13:00:00,,20241200,487.4,20240900,,20241200
2024-08-02 14:00:00,,20241200,485.6,20240900,,20241200
2024-08-02 15:00:00,,20241200,484.9,20240900,,20241200
2024-08-05 05:00:00,479.2,20241200,474.5,20240900,479.2,20241200
2024-08-05 07:00:00,,20241200,472.9,20240900,,20241200
2024-08-05 08:00:00,,20241200,473.5,20240900,,20241200
2024-08-05 09:00:00,,20241200,473.2,20240900,,20241200
2024-08-05 10:00:00,,20241200,471.4,20240900,,20241200
2024-08-05 11:00:00,,20241200,469.2,20240900,,20241200
2024-08-05 12:00:00,,20241200,468.3,20240900,,20241200
2024-08-05 13:00:00,,20241200,472.1,20240900,,20241200
2024-08-05 14:00:00,,20241200,473.6,20240900,,20241200
2024-08-05 15:00:00,,20241200,474.4,20240900,,20241200
2024-08-06 05:00:00,478.8,20241200,474.4,20240900,478.8,20241200
2024-08-06 07:00:00,,20241200,477.9,20240900,,20241200
2024-08-06 13:00:00,,20241200,471.9,20240900,,20241200
2024-08-06 15:00:00,,20241200,473.8,20240900,,20241200
2024-08-07 05:00:00,488.1,20241200,483.6,20240900,488.1,20241200
2024-08-07 09:00:00,,20241200,481.7,20240900,,20241200
2024-08-07 10:00:00,,20241200,482.7,20240900,,20241200
2024-08-07 12:00:00,,20241200,483.1,20240900,,20241200
2024-08-07 13:00:00,,20241200,484.2,20240900,,20241200
2024-08-07 14:00:00,,20241200,484.3,20240900,,20241200
2024-08-07 15:00:00,,20241200,483.5,20240900,,20241200
2024-08-08 05:00:00,485.7,20241200,481.2,20240900,485.7,20241200
2024-08-08 08:00:00,,20241200,478.2,20240900,,20241200
2024-08-08 10:00:00,,20241200,477.6,20240900,,20241200
2024-08-08 13:00:00,,20241200,480.2,20240900,,20241200
2024-08-08 15:00:00,,20241200,481.1,20240900,,20241200
2024-08-09 05:00:00,487.5,20241200,483.0,20240900,487.5,20241200
2024-08-09 08:00:00,,20241200,486.3,20240900,,20241200
2024-08-09 09:00:00,,20241200,485.7,20240900,,20241200
2024-08-09 11:00:00,,20241200,483.6,20240900,,20241200
2024-08-09 13:00:00,,20241200,481.4,20240900,,20241200
2024-08-09 14:00:00,,20241200,482.2,20240900,,20241200
2024-08-09 15:00:00,,20241200,482.9,20240900,,20241200
2024-08-12 05:00:00,488.1,20241200,483.6,20240900,488.1,20241200
2024-08-12 09:00:00,,20241200,483.7,20240900,,20241200
2024-08-12 14:00:00,,20241200,483.3,20240900,,20241200
2024-08-12 15:00:00,,20241200,483.6,20240900,,20241200
2024-08-13 05:00:00,490.1,20241200,485.6,20240900,490.1,20241200
2024-08-13 09:00:00,,20241200,483.6,20240900,,20241200
2024-08-13 10:00:00,,20241200,482.7,20240900,,20241200
2024-08-13 11:00:00,,20241200,482.6,20240900,,20241200
2024-08-13 12:00:00,,20241200,484.1,20240900,,20241200
2024-08-13 13:00:00,,20241200,483.9,20240900,,20241200
2024-08-14 05:00:00,492.0,20241200,487.5,20240900,492.0,20241200
2024-08-14 07:00:00,,20241200,487.7,20240900,,20241200
2024-08-14 08:00:00,,20241200,487.6,20240900,,20241200
2024-08-14 09:00:00,,20241200,488.0,20240900,,20241200
2024-08-14 11:00:00,,20241200,488.0,20240900,,20241200
2024-08-14 12:00:00,,20241200,488.3,20240900,,20241200
2024-08-14 13:00:00,,20241200,488.7,20240900,,20241200
2024-08-15 05:00:00,498.4,20241200,493.8,20240900,498.4,20241200
2024-08-15 07:00:00,,20241200,489.9,20240900,,20241200
2024-08-15 12:00:00,,20241200,492.9,20240900,,20241200
2024-08-15 13:00:00,,20241200,494.0,20240900,,20241200
2024-08-15 14:00:00,,20241200,494.1,20240900,,20241200
2024-08-15 15:00:00,,20241200,493.8,20240900,,20241200
2024-08-16 05:00:00,499.0,20241200,494.3,20240900,499.0,20241200
2024-08-16 07:00:00,,20241200,494.2,20240900,,20241200
2024-08-16 08:00:00,,20241200,495.0,20240900,,20241200
2024-08-16 09:00:00,,20241200,495.3,20240900,,20241200
2024-08-16 10:00:00,,20241200,494.7,20240900,,20241200
2024-08-19 05:00:00,503.1,20241200,498.5,20240900,503.1,20241200
2024-08-19 07:00:00,,20241200,495.5,20240900,,20241200
2024-08-19 10:00:00,,20241200,497.0,20240900,,20241200
2024-08-19 13:00:00,,20241200,497.8,20240900,,20241200
2024-08-19 14:00:00,,20241200,498.6,20240900,,20241200
2024-08-19 15:00:00,,20241200,499.1,20240900,,20241200
2024-08-20 05:00:00,500.5,20241200,495.8,20240900,500.5,20241200
2024-08-20 09:00:00,,20241200,498.5,20240900,,20241200
2024-08-20 12:00:00,,20241200,498.3,20240900,,20241200
2024-08-20 14:00:00,,20241200,496.5,20240900,,20241200
2024-08-20 15:00:00,,20241200,496.2,20240900,,20241200
2024-08-20 23:00:00,534.4,20241200,,20240900,534.4,20241200
2024-08-21 05:00:00,,20241200,498.5,20240900,,20241200
2024-08-21 07:00:00,,20241200,496.7,20240900,,20241200
2024-08-21 08:00:00,,20241200,496.8,20240900,,20241200
2024-08-21 11:00:00,,20241200,498.7,20240900,,20241200
2024-08-21 12:00:00,,20241200,498.5,20240900,,20241200
2024-08-21 14:00:00,,20241200,497.6,20240900,,20241200
2024-08-21 23:00:00,536.5,20241200,531.5,20240900,536.5,20241200
2024-08-22 23:00:00,538.0,20241200,533.0,20240900,538.0,20241200
2024-08-23 23:00:00,542.9,20241200,537.8,20240900,542.9,20241200
2024-08-26 23:00:00,543.4,20241200,538.3,20240900,543.4,20241200
2024-08-27 23:00:00,543.5,20241200,538.4,20240900,543.5,20241200
2024-08-28 23:00:00,544.2,20241200,539.2,20240900,544.2,20241200
2024-08-29 23:00:00,547.0,20241200,541.9,20240900,547.0,20241200
2024-08-30 23:00:00,548.1,20241200,543.0,20240900,548.1,20241200
2024-09-02 23:00:00,548.3,20241200,543.2,20240900,548.3,20241200
2024-09-03 23:00:00,543.3,20241200,538.2,20240900,543.3,20241200
2024-09-04 23:00:00,539.3,20241200,534.3,20240900,539.3,20241200
2024-09-05 23:00:00,540.7,20241200,535.6,20240900,540.7,20241200
2024-09-06 23:00:00,533.7,20241200,528.7,20240900,533.7,20241200
2024-09-09 23:00:00,535.7,20241200,533.7,20240900,535.7,20241200
2024-09-10 23:00:00,532.6,20241200,531.1,20240900,532.6,20241200
2024-09-11 23:00:00,531.7,20241200,530.1,20240900,531.7,20241200
2024-09-12 23:00:00,544.1,20250300,536.1,20241200,544.1,20250300
2024-09-13 23:00:00,549.6,20250300,541.4,20241200,549.6,20250300
2024-09-16 23:00:00,548.9,20250300,541.2,20241200,548.9,20250300
2024-09-17 23:00:00,553.9,20250300,546.2,20241200,553.9,20250300
2024-09-18 23:00:00,551.2,20250300,543.6,20241200,551.2,20250300
2024-09-19 23:00:00,558.3,20250300,550.6,20241200,558.3,20250300
2024-09-20 23:00:00,548.2,20250300,543.3,20241200,548.2,20250300
2024-09-23 23:00:00,550.8,20250300,545.9,20241200,550.8,20250300
2024-09-24 23:00:00,553.2,20250300,548.3,20241200,553.2,20250300
2024-09-25 23:00:00,553.3,20250300,548.9,20241200,553.3,20250300
2024-09-26 23:00:00,560.0,20250300,555.5,20241200,560.0,20250300
2024-09-27 23:00:00,563.8,20250300,559.2,20241200,563.8,20250300
2024-09-30 23:00:00,556.4,20250300,551.9,20241200,556.4,20250300
2024-10-01 23:00:00,553.4,20250300,549.0,20241200,553.4,20250300
2024-10-02 23:00:00,552.8,20250300,548.4,20241200,552.8,20250300
2024-10-03 23:00:00,546.7,20250300,542.3,20241200,546.7,20250300
2024-10-04 23:00:00,550.0,20250300,545.5,20241200,550.0,20250300
2024-10-07 23:00:00,549.0,20250300,544.5,20241200,549.0,20250300
2024-10-08 23:00:00,545.4,20250300,541.0,20241200,545.4,20250300
2024-10-09 23:00:00,550.8,20250300,546.3,20241200,550.8,20250300
2024-10-10 23:00:00,546.9,20250300,542.5,20241200,546.9,20250300
2024-10-11 23:00:00,550.6,20250300,546.1,20241200,550.6,20250300
2024-10-14 23:00:00,552.0,20250300,547.4,20241200,552.0,20250300
2024-10-15 23:00:00,552.3,20250300,547.8,20241200,552.3,20250300
2024-10-16 23:00:00,551.9,20250300,547.7,20241200,551.9,20250300
2024-10-17 23:00:00,554.8,20250300,550.6,20241200,554.8,20250300
2024-10-18 23:00:00,555.3,20250300,551.2,20241200,555.3,20250300
2024-10-21 23:00:00,550.5,20250300,546.4,20241200,550.5,20250300
2024-10-22 23:00:00,549.0,20250300,545.0,20241200,549.0,20250300
2024-10-23 23:00:00,546.8,20250300,542.8,20241200,546.8,20250300
2024-10-24 23:00:00,546.8,20250300,542.8,20241200,546.8,20250300
2024-10-25 23:00:00,546.4,20250300,542.5,20241200,546.4,20250300
2024-10-28 23:00:00,549.3,20250300,545.4,20241200,549.3,20250300
2024-10-29 23:00:00,545.3,20250300,541.4,20241200,545.3,20250300
2024-10-30 23:00:00,539.8,20250300,535.9,20241200,539.8,20250300
2024-10-31 23:00:00,532.3,20250300,528.5,20241200,532.3,20250300
2024-11-01 23:00:00,539.2,20250300,535.3,20241200,539.2,20250300
2024-11-04 23:00:00,538.4,20250300,534.5,20241200,538.4,20250300
2024-11-05 23:00:00,540.6,20250300,536.6,20241200,540.6,20250300
2024-11-06 23:00:00,536.1,20250300,532.2,20241200,536.1,20250300
2024-11-07 23:00:00,542.6,20250300,538.6,20241200,542.6,20250300
2024-11-08 23:00:00,539.5,20250300,535.6,20241200,539.5,20250300
2024-11-11 23:00:00,545.0,20250300,541.0,20241200,545.0,20250300
2024-11-12 23:00:00,534.8,20250300,530.9,20241200,534.8,20250300
2024-11-13 23:00:00,532.7,20250300,528.8,20241200,532.7,20250300
2024-11-14 23:00:00,538.2,20250300,534.4,20241200,538.2,20250300
2024-11-15 23:00:00,536.1,20250300,532.3,20241200,536.1,20250300
2024-11-18 23:00:00,534.9,20250300,531.0,20241200,534.9,20250300
2024-11-19 23:00:00,531.1,20250300,528.6,20241200,531.1,20250300
2024-11-20 23:00:00,529.4,20250300,526.9,20241200,529.4,20250300
2024-11-21 23:00:00,530.5,20250300,528.0,20241200,530.5,20250300
2024-11-22 23:00:00,536.9,20250300,534.4,20241200,536.9,20250300
2024-11-25 23:00:00,540.0,20250300,537.5,20241200,540.0,20250300
2024-11-26 23:00:00,535.3,20250300,532.8,20241200,535.3,20250300
2024-11-27 23:00:00,535.8,20250300,533.3,20241200,535.8,20250300
2024-11-28 23:00:00,538.3,20250300,535.8,20241200,538.3,20250300
2024-11-29 23:00:00,539.7,20250300,537.2,20241200,539.7,20250300
2024-12-02 23:00:00,540.8,20250300,538.3,20241200,540.8,20250300
2024-12-03 23:00:00,543.7,20250300,541.2,20241200,543.7,20250300
2024-12-04 23:00:00,547.5,20250300,544.9,20241200,547.5,20250300
2024-12-05 08:00:00,,20250300,547.1,20241200,,20250300
2024-12-05 09:00:00,,20250300,547.1,20241200,,20250300
2024-12-05 10:00:00,,20250300,546.7,20241200,,20250300
2024-12-05 11:00:00,,20250300,546.4,20241200,,20250300
2024-12-05 12:00:00,,20250300,546.8,20241200,,20250300
2024-12-05 13:00:00,,20250300,546.1,20241200,,20250300
2024-12-05 14:00:00,,20250300,546.8,20241200,,20250300
2024-12-05 15:00:00,,20250300,547.6,20241200,,20250300
2024-12-05 16:00:00,,20250300,549.7,20241200,,20250300
2024-12-05 17:00:00,,20250300,549.7,20241200,,20250300
2024-12-05 18:00:00,,20250300,549.7,20241200,,20250300
2024-12-05 19:00:00,,20250300,549.7,20241200,,20250300
2024-12-05 20:00:00,,20250300,549.7,20241200,,20250300
2024-12-05 21:00:00,,20250300,549.7,20241200,,20250300
2024-12-05 23:00:00,551.2,20250300,548.6,20241200,551.2,20250300
2024-12-06 11:00:00,,20250300,549.1,20241200,,20250300
2024-12-06 12:00:00,,20250300,549.1,20241200,,20250300
2024-12-06 13:00:00,,20250300,548.9,20241200,,20250300
2024-12-06 14:00:00,,20250300,548.8,20241200,,20250300
2024-12-06 15:00:00,,20250300,548.8,20241200,,20250300
2024-12-06 16:00:00,,20250300,548.0,20241200,,20250300
2024-12-06 17:00:00,,20250300,548.0,20241200,,20250300
2024-12-06 18:00:00,,20250300,548.0,20241200,,20250300
2024-12-06 19:00:00,,20250300,548.0,20241200,,20250300
2024-12-06 20:00:00,,20250300,548.0,20241200,,20250300
2024-12-06 21:00:00,,20250300,548.0,20241200,,20250300
2024-12-06 23:00:00,551.2,20250300,548.2,20241200,551.2,20250300
2024-12-09 08:00:00,,20250300,549.8,20241200,,20250300
2024-12-09 09:00:00,,20250300,549.8,20241200,,20250300
2024-12-09 10:00:00,,20250300,548.4,20241200,,20250300
2024-12-09 11:00:00,,20250300,548.4,20241200,,20250300
2024-12-09 12:00:00,,20250300,548.4,20241200,,20250300
2024-12-09 13:00:00,,20250300,548.4,20241200,,20250300
2024-12-09 14:00:00,,20250300,548.8,20241200,,20250300
2024-12-09 15:00:00,,20250300,548.5,20241200,,20250300
2024-12-09 16:00:00,,20250300,548.6,20241200,,20250300
2024-12-09 17:00:00,,20250300,548.6,20241200,,20250300
2024-12-09 18:00:00,,20250300,548.6,20241200,,20250300
2024-12-09 19:00:00,,20250300,548.6,20241200,,20250300
2024-12-09 20:00:00,,20250300,548.6,20241200,,20250300
2024-12-09 21:00:00,,20250300,548.6,20241200,,20250300
2024-12-09 23:00:00,552.1,20250300,548.6,20241200,552.1,20250300
2024-12-10 08:00:00,,20250300,546.4,20241200,,20250300
2024-12-10 09:00:00,,20250300,546.4,20241200,,20250300
2024-12-10 10:00:00,,20250300,547.0,20241200,,20250300
2024-12-10 11:00:00,,20250300,547.6,20241200,,20250300
2024-12-10 12:00:00,,20250300,547.6,20241200,,20250300
2024-12-10 13:00:00,,20250300,547.6,20241200,,20250300
2024-12-10 14:00:00,,20250300,547.1,20241200,,20250300
2024-12-10 15:00:00,,20250300,547.7,20241200,,20250300
2024-12-10 16:00:00,,20250300,547.4,20241200,,20250300
2024-12-10 17:00:00,,20250300,547.4,20241200,,20250300
2024-12-10 18:00:00,,20250300,547.4,20241200,,20250300
2024-12-10 19:00:00,,20250300,547.4,20241200,,20250300
2024-12-10 20:00:00,,20250300,547.4,20241200,,20250300
2024-12-10 21:00:00,,20250300,547.4,20241200,,20250300
2024-12-10 23:00:00,550.9,20250300,547.4,20241200,550.9,20250300
2024-12-11 08:00:00,,20250300,545.1,20241200,,20250300
2024-12-11 09:00:00,,20250300,546.2,20241200,,20250300
2024-12-11 10:00:00,,20250300,546.5,20241200,,20250300
2024-12-11 11:00:00,,20250300,546.4,20241200,,20250300
2024-12-11 12:00:00,,20250300,547.0,20241200,,20250300
2024-12-11 13:00:00,,20250300,547.0,20241200,,20250300
2024-12-11 14:00:00,,20250300,548.6,20241200,,20250300
2024-12-11 15:00:00,,20250300,548.6,20241200,,20250300
2024-12-11 16:00:00,,20250300,548.6,20241200,,20250300
2024-12-11 17:00:00,,20250300,548.6,20241200,,20250300
2024-12-11 18:00:00,,20250300,548.6,20241200,,20250300
2024-12-11 19:00:00,,20250300,548.6,20241200,,20250300
2024-12-11 20:00:00,,20250300,548.6,20241200,,20250300
2024-12-11 21:00:00,,20250300,548.6,20241200,,20250300
2024-12-11 23:00:00,551.8,20250300,548.3,20241200,551.8,20250300
2024-12-12 23:00:00,553.2,20250600,549.3,20250300,553.2,20250600
2024-12-13 14:00:00,,20250600,548.4,20250300,,20250600
2024-12-13 15:00:00,,20250600,548.4,20250300,,20250600
2024-12-13 16:00:00,,20250600,548.4,20250300,,20250600
2024-12-13 17:00:00,,20250600,548.4,20250300,,20250600
2024-12-13 18:00:00,,20250600,548.4,20250300,,20250600
2024-12-13 19:00:00,,20250600,548.4,20250300,,20250600
2024-12-13 20:00:00,,20250600,548.4,20250300,,20250600
2024-12-13 21:00:00,,20250600,548.4,20250300,,20250600
2024-12-13 23:00:00,550.6,20250600,547.1,20250300,550.6,20250600
2024-12-16 08:00:00,,20250600,545.0,20250300,,20250600
2024-12-16 09:00:00,,20250600,545.0,20250300,,20250600
2024-12-16 10:00:00,,20250600,545.0,20250300,,20250600
2024-12-16 11:00:00,,20250600,545.0,20250300,,20250600
2024-12-16 12:00:00,,20250600,545.0,20250300,,20250600
2024-12-16 13:00:00,,20250600,545.0,20250300,,20250600
2024-12-16 14:00:00,,20250600,545.0,20250300,,20250600
2024-12-16 15:00:00,,20250600,545.0,20250300,,20250600
2024-12-16 16:00:00,,20250600,545.0,20250300,,20250600
2024-12-16 17:00:00,,20250600,545.0,20250300,,20250600
2024-12-16 18:00:00,,20250600,548.7,20250300,,20250600
2024-12-16 19:00:00,,20250600,548.7,20250300,,20250600
2024-12-16 20:00:00,,20250600,548.7,20250300,,20250600
2024-12-16 21:00:00,,20250600,548.7,20250300,,20250600
2024-12-16 23:00:00,547.2,20250600,543.8,20250300,547.2,20250600
2024-12-17 12:00:00,,20250600,540.0,20250300,,20250600
2024-12-17 13:00:00,,20250600,540.4,20250300,,20250600
2024-12-17 14:00:00,,20250600,540.4,20250300,,20250600
2024-12-17 15:00:00,,20250600,540.4,20250300,,20250600
2024-12-17 16:00:00,,20250600,540.3,20250300,,20250600
2024-12-17 17:00:00,,20250600,540.3,20250300,,20250600
2024-12-17 18:00:00,,20250600,540.3,20250300,,20250600
2024-12-17 19:00:00,,20250600,540.3,20250300,,20250600
2024-12-17 20:00:00,,20250600,540.3,20250300,,20250600
2024-12-17 21:00:00,,20250600,540.3,20250300,,20250600
2024-12-17 23:00:00,542.8,20250600,539.9,20250300,542.8,20250600
2024-12-18 08:00:00,,20250600,540.8,20250300,,20250600
2024-12-18 09:00:00,,20250600,540.8,20250300,,20250600
2024-12-18 10:00:00,,20250600,540.8,20250300,,20250600
2024-12-18 11:00:00,,20250600,540.6,20250300,,20250600
2024-12-18 12:00:00,,20250600,540.6,20250300,,20250600
2024-12-18 13:00:00,,20250600,540.6,20250300,,20250600
2024-12-18 14:00:00,,20250600,540.6,20250300,,20250600
2024-12-18 15:00:00,,20250600,540.7,20250300,,20250600
2024-12-18 16:00:00,,20250600,541.2,20250300,,20250600
2024-12-18 17:00:00,,20250600,541.2,20250300,,20250600
2024-12-18 18:00:00,,20250600,541.2,20250300,,20250600
2024-12-18 19:00:00,,20250600,541.2,20250300,,20250600
2024-12-18 20:00:00,,20250600,541.2,20250300,,20250600
2024-12-18 21:00:00,,20250600,541.2,20250300,,20250600
2024-12-18 23:00:00,543.5,20250600,540.6,20250300,543.5,20250600
2024-12-19 08:00:00,,20250600,536.1,20250300,,20250600
2024-12-19 09:00:00,,20250600,534.9,20250300,,20250600
2024-12-19 10:00:00,,20250600,534.9,20250300,,20250600
2024-12-19 11:00:00,,20250600,534.9,20250300,,20250600
2024-12-19 12:00:00,,20250600,534.7,20250300,,20250600
2024-12-19 13:00:00,,20250600,534.6,20250300,,20250600
2024-12-19 14:00:00,,20250600,534.6,20250300,,20250600
2024-12-19 15:00:00,,20250600,533.3,20250300,,20250600
2024-12-19 16:00:00,,20250600,532.8,20250300,,20250600
2024-12-19 17:00:00,,20250600,532.8,20250300,,20250600
2024-12-19 18:00:00,,20250600,532.8,20250300,,20250600
2024-12-19 19:00:00,,20250600,532.8,20250300,,20250600
2024-12-19 20:00:00,,20250600,532.8,20250300,,20250600
2024-12-19 21:00:00,,20250600,532.8,20250300,,20250600
2024-12-19 23:00:00,535.8,20250600,533.0,20250300,535.8,20250600
2024-12-20 09:00:00,,20250600,526.4,20250300,,20250600
2024-12-20 10:00:00,,20250600,526.4,20250300,,20250600
2024-12-20 11:00:00,,20250600,527.8,20250300,,20250600
2024-12-20 12:00:00,,20250600,527.8,20250300,,20250600
2024-12-20 13:00:00,,20250600,527.8,20250300,,20250600
2024-12-20 14:00:00,,20250600,528.8,20250300,,20250600
2024-12-20 15:00:00,,20250600,528.8,20250300,,20250600
2024-12-20 16:00:00,,20250600,531.4,20250300,,20250600
2024-12-20 17:00:00,,20250600,531.4,20250300,,20250600
2024-12-20 18:00:00,,20250600,531.4,20250300,,20250600
2024-12-20 19:00:00,,20250600,531.4,20250300,,20250600
2024-12-20 20:00:00,,20250600,531.4,20250300,,20250600
2024-12-20 21:00:00,,20250600,531.4,20250300,,20250600
2024-12-20 23:00:00,535.3,20250600,531.9,20250300,535.3,20250600
2024-12-23 08:00:00,,20250600,531.0,20250300,,20250600
2024-12-23 09:00:00,,20250600,531.8,20250300,,20250600
2024-12-23 10:00:00,,20250600,532.0,20250300,,20250600
2024-12-23 11:00:00,,20250600,531.8,20250300,,20250600
2024-12-23 12:00:00,,20250600,531.9,20250300,,20250600
2024-12-23 13:00:00,,20250600,532.0,20250300,,20250600
2024-12-23 14:00:00,,20250600,532.0,20250300,,20250600
2024-12-23 15:00:00,,20250600,531.8,20250300,,20250600
2024-12-23 16:00:00,,20250600,530.6,20250300,,20250600
2024-12-23 17:00:00,,20250600,530.6,20250300,,20250600
2024-12-23 18:00:00,,20250600,530.6,20250300,,20250600
2024-12-23 19:00:00,,20250600,530.6,20250300,,20250600
2024-12-23 20:00:00,,20250600,530.6,20250300,,20250600
2024-12-23 21:00:00,,20250600,530.6,20250300,,20250600
2024-12-23 23:00:00,535.0,20250600,531.6,20250300,535.0,20250600
2024-12-27 08:00:00,,20250600,533.2,20250300,,20250600
2024-12-27 09:00:00,,20250600,533.6,20250300,,20250600
2024-12-27 10:00:00,,20250600,533.5,20250300,,20250600
2024-12-27 11:00:00,,20250600,533.5,20250300,,20250600
2024-12-27 12:00:00,,20250600,533.5,20250300,,20250600
2024-12-27 13:00:00,,20250600,533.5,20250300,,20250600
2024-12-27 14:00:00,,20250600,533.5,20250300,,20250600
2024-12-27 15:00:00,,20250600,534.5,20250300,,20250600
2024-12-27 16:00:00,,20250600,535.5,20250300,,20250600
2024-12-27 17:00:00,,20250600,535.5,20250300,,20250600
2024-12-27 18:00:00,,20250600,535.5,20250300,,20250600
2024-12-27 19:00:00,,20250600,535.5,20250300,,20250600
2024-12-27 20:00:00,,20250600,535.5,20250300,,20250600
2024-12-27 21:00:00,,20250600,535.5,20250300,,20250600
2024-12-27 23:00:00,538.5,20250600,535.2,20250300,538.5,20250600
2024-12-30 08:00:00,,20250600,533.2,20250300,,20250600
2024-12-30 09:00:00,,20250600,533.2,20250300,,20250600
2024-12-30 10:00:00,,20250600,533.2,20250300,,20250600
2024-12-30 11:00:00,,20250600,533.2,20250300,,20250600
2024-12-30 12:00:00,,20250600,533.8,20250300,,20250600
2024-12-30 13:00:00,,20250600,533.1,20250300,,20250600
2024-12-30 14:00:00,,20250600,533.1,20250300,,20250600
2024-12-30 15:00:00,,20250600,533.1,20250300,,20250600
2024-12-30 16:00:00,,20250600,533.1,20250300,,20250600
2024-12-30 17:00:00,,20250600,533.1,20250300,,20250600
2024-12-30 18:00:00,,20250600,533.1,20250300,,20250600
2024-12-30 19:00:00,,20250600,533.1,20250300,,20250600
2024-12-30 20:00:00,,20250600,533.1,20250300,,20250600
2024-12-30 21:00:00,,20250600,533.1,20250300,,20250600
2024-12-30 23:00:00,536.8,20250600,533.5,20250300,536.8,20250600
2025-01-02 08:00:00,,20250600,538.7,20250300,,20250600
2025-01-02 09:00:00,,20250600,538.7,20250300,,20250600
2025-01-02 10:00:00,,20250600,535.9,20250300,,20250600
2025-01-02 11:00:00,,20250600,536.1,20250300,,20250600
2025-01-02 12:00:00,,20250600,536.1,20250300,,20250600
2025-01-02 13:00:00,,20250600,537.9,20250300,,20250600
2025-01-02 14:00:00,,20250600,537.9,20250300,,20250600
2025-01-02 15:00:00,,20250600,537.9,20250300,,20250600
2025-01-02 16:00:00,,20250600,539.6,20250300,,20250600
2025-01-02 17:00:00,,20250600,539.5,20250300,,20250600
2025-01-02 18:00:00,,20250600,539.5,20250300,,20250600
2025-01-02 19:00:00,,20250600,539.5,20250300,,20250600
2025-01-02 20:00:00,,20250600,539.5,20250300,,20250600
2025-01-02 21:00:00,,20250600,539.5,20250300,,20250600
2025-01-02 23:00:00,542.5,20250600,539.2,20250300,542.5,20250600
2025-01-03 08:00:00,,20250600,536.7,20250300,,20250600
2025-01-03 09:00:00,,20250600,538.3,20250300,,20250600
2025-01-03 10:00:00,,20250600,537.6,20250300,,20250600
2025-01-03 11:00:00,,20250600,537.6,20250300,,20250600
2025-01-03 12:00:00,,20250600,537.9,20250300,,20250600
2025-01-03 13:00:00,,20250600,537.5,20250300,,20250600
2025-01-03 14:00:00,,20250600,537.7,20250300,,20250600
2025-01-03 15:00:00,,20250600,536.6,20250300,,20250600
2025-01-03 16:00:00,,20250600,535.9,20250300,,20250600
2025-01-03 17:00:00,,20250600,535.9,20250300,,20250600
2025-01-03 18:00:00,,20250600,535.9,20250300,,20250600
2025-01-03 19:00:00,,20250600,535.9,20250300,,20250600
2025-01-03 20:00:00,,20250600,535.9,20250300,,20250600
2025-01-03 21:00:00,,20250600,535.9,20250300,,20250600
2025-01-03 23:00:00,539.4,20250600,536.1,20250300,539.4,20250600
2025-01-06 08:00:00,,20250600,537.8,20250300,,20250600
2025-01-06 09:00:00,,20250600,537.2,20250300,,20250600
2025-01-06 10:00:00,,20250600,536.8,20250300,,20250600
2025-01-06 11:00:00,,20250600,540.4,20250300,,20250600
2025-01-06 12:00:00,,20250600,540.4,20250300,,20250600
2025-01-06 13:00:00,,20250600,541.0,20250300,,20250600
2025-01-06 14:00:00,,20250600,539.3,20250300,,20250600
2025-01-06 15:00:00,,20250600,540.0,20250300,,20250600
2025-01-06 16:00:00,,20250600,541.5,20250300,,20250600
2025-01-06 17:00:00,,20250600,541.5,20250300,,20250600
2025-01-06 18:00:00,,20250600,541.5,20250300,,20250600
2025-01-06 19:00:00,,20250600,541.5,20250300,,20250600
2025-01-06 20:00:00,,20250600,541.5,20250300,,20250600
2025-01-06 21:00:00,,20250600,541.5,20250300,,20250600
2025-01-06 23:00:00,544.6,20250600,541.5,20250300,544.6,20250600
2025-01-07 09:00:00,,20250600,538.8,20250300,,20250600
2025-01-07 10:00:00,,20250600,538.8,20250300,,20250600
2025-01-07 11:00:00,,20250600,540.0,20250300,,20250600
2025-01-07 12:00:00,,20250600,540.0,20250300,,20250600
2025-01-07 13:00:00,,20250600,539.9,20250300,,20250600
2025-01-07 14:00:00,,20250600,539.8,20250300,,20250600
2025-01-07 15:00:00,,20250600,538.0,20250300,,20250600
2025-01-07 16:00:00,,20250600,538.0,20250300,,20250600
2025-01-07 17:00:00,,20250600,538.0,20250300,,20250600
2025-01-07 18:00:00,,20250600,538.0,20250300,,20250600
2025-01-07 19:00:00,,20250600,538.0,20250300,,20250600
2025-01-07 20:00:00,,20250600,538.0,20250300,,20250600
2025-01-07 21:00:00,,20250600,538.0,20250300,,20250600
2025-01-07 23:00:00,541.9,20250600,538.5,20250300,541.9,20250600
2025-01-08 08:00:00,,20250600,538.8,20250300,,20250600
2025-01-08 09:00:00,,20250600,538.5,20250300,,20250600
2025-01-08 10:00:00,,20250600,539.1,20250300,,20250600
2025-01-08 11:00:00,,20250600,535.6,20250300,,20250600
2025-01-08 12:00:00,,20250600,533.5,20250300,,20250600
2025-01-08 13:00:00,,20250600,533.1,20250300,,20250600
2025-01-08 14:00:00,,20250600,532.9,20250300,,20250600
2025-01-08 15:00:00,,20250600,534.6,20250300,,20250600
2025-01-08 16:00:00,,20250600,534.7,20250300,,20250600
2025-01-08 17:00:00,,20250600,534.7,20250300,,20250600
2025-01-08 18:00:00,,20250600,534.7,20250300,,20250600
2025-01-08 19:00:00,,20250600,534.7,20250300,,20250600
2025-01-08 20:00:00,,20250600,534.7,20250300,,20250600
2025-01-08 21:00:00,,20250600,534.7,20250300,,20250600
2025-01-08 23:00:00,537.6,20250600,534.2,20250300,537.6,20250600
2025-01-09 08:00:00,,20250600,533.2,20250300,,20250600
2025-01-09 09:00:00,,20250600,532.9,20250300,,20250600
2025-01-09 10:00:00,,20250600,533.1,20250300,,20250600
2025-01-09 11:00:00,,20250600,533.7,20250300,,20250600
2025-01-09 12:00:00,,20250600,534.3,20250300,,20250600
2025-01-09 13:00:00,,20250600,534.3,20250300,,20250600
2025-01-09 14:00:00,,20250600,534.7,20250300,,20250600
2025-01-09 15:00:00,,20250600,534.9,20250300,,20250600
2025-01-09 16:00:00,,20250600,535.3,20250300,,20250600
2025-01-09 17:00:00,,20250600,535.3,20250300,,20250600
2025-01-09 18:00:00,,20250600,535.3,20250300,,20250600
2025-01-09 19:00:00,,20250600,535.3,20250300,,20250600
2025-01-09 20:00:00,,20250600,535.3,20250300,,20250600
2025-01-09 21:00:00,,20250600,535.3,20250300,,20250600
2025-01-09 23:00:00,538.8,20250600,535.3,20250300,538.8,20250600
2025-01-10 08:00:00,,20250600,535.1,20250300,,20250600
2025-01-10 09:00:00,,20250600,533.6,20250300,,20250600
2025-01-10 10:00:00,,20250600,533.6,20250300,,20250600
2025-01-10 11:00:00,,20250600,533.6,20250300,,20250600
2025-01-10 12:00:00,,20250600,533.8,20250300,,20250600
2025-01-10 13:00:00,,20250600,533.8,20250300,,20250600
2025-01-10 14:00:00,,20250600,532.8,20250300,,20250600
2025-01-10 15:00:00,,20250600,531.4,20250300,,20250600
2025-01-10 16:00:00,,20250600,530.0,20250300,,20250600
2025-01-10 17:00:00,,20250600,530.0,20250300,,20250600
2025-01-10 18:00:00,,20250600,530.0,20250300,,20250600
2025-01-10 19:00:00,,20250600,530.0,20250300,,20250600
2025-01-10 20:00:00,,20250600,530.0,20250300,,20250600
2025-01-10 21:00:00,,20250600,530.0,20250300,,20250600
2025-01-10 23:00:00,533.6,20250600,530.0,20250300,533.6,20250600
2025-01-13 08:00:00,,20250600,527.0,20250300,,20250600
2025-01-13 09:00:00,,20250600,526.7,20250300,,20250600
2025-01-13 14:00:00,,20250600,527.5,20250300,,20250600
2025-01-13 15:00:00,,20250600,528.5,20250300,,20250600
2025-01-13 16:00:00,,20250600,527.8,20250300,,20250600
2025-01-13 23:00:00,531.3,20250600,527.8,20250300,531.3,20250600
2025-01-14 08:00:00,,20250600,531.2,20250300,,20250600
2025-01-14 13:00:00,,20250600,530.3,20250300,,20250600
2025-01-14 14:00:00,,20250600,530.0,20250300,,20250600
2025-01-14 15:00:00,,20250600,528.4,20250300,,20250600
2025-01-14 16:00:00,,20250600,528.5,20250300,,20250600
2025-01-14 17:00:00,,20250600,528.5,20250300,,20250600
2025-01-14 18:00:00,,20250600,528.5,20250300,,20250600
2025-01-14 19:00:00,,20250600,528.5,20250300,,20250600
2025-01-14 20:00:00,,20250600,528.5,20250300,,20250600
2025-01-14 21:00:00,,20250600,528.5,20250300,,20250600
2025-01-14 23:00:00,531.9,20250600,528.4,20250300,531.9,20250600
2025-01-15 08:00:00,,20250600,531.8,20250300,,20250600
2025-01-15 09:00:00,,20250600,531.8,20250300,,20250600
2025-01-15 10:00:00,,20250600,531.8,20250300,,20250600
2025-01-15 11:00:00,,20250600,531.8,20250300,,20250600
2025-01-15 12:00:00,,20250600,531.8,20250300,,20250600
2025-01-15 13:00:00,,20250600,536.7,20250300,,20250600
2025-01-15 14:00:00,,20250600,536.8,20250300,,20250600
2025-01-15 15:00:00,,20250600,536.8,20250300,,20250600
2025-01-15 16:00:00,,20250600,536.8,20250300,,20250600
2025-01-15 17:00:00,,20250600,536.8,20250300,,20250600
2025-01-15 18:00:00,,20250600,536.8,20250300,,20250600
2025-01-15 19:00:00,,20250600,536.8,20250300,,20250600
2025-01-15 20:00:00,,20250600,536.8,20250300,,20250600
2025-01-15 21:00:00,,20250600,536.8,20250300,,20250600
2025-01-15 23:00:00,541.9,20250600,538.0,20250300,541.9,20250600
2025-01-16 13:00:00,,20250600,539.0,20250300,,20250600
2025-01-16 14:00:00,,20250600,539.0,20250300,,20250600
2025-01-16 15:00:00,,20250600,539.0,20250300,,20250600
2025-01-16 16:00:00,,20250600,540.8,20250300,,20250600
2025-01-16 17:00:00,,20250600,540.8,20250300,,20250600
2025-01-16 18:00:00,,20250600,540.8,20250300,,20250600
2025-01-16 19:00:00,,20250600,540.8,20250300,,20250600
2025-01-16 20:00:00,,20250600,540.8,20250300,,20250600
2025-01-16 21:00:00,,20250600,540.8,20250300,,20250600
2025-01-16 23:00:00,544.2,20250600,540.2,20250300,544.2,20250600
2025-01-17 13:00:00,,20250600,544.4,20250300,,20250600
2025-01-17 14:00:00,,20250600,544.7,20250300,,20250600
2025-01-17 15:00:00,,20250600,545.1,20250300,,20250600
2025-01-17 16:00:00,,20250600,545.5,20250300,,20250600
2025-01-17 17:00:00,,20250600,545.5,20250300,,20250600
2025-01-17 18:00:00,,20250600,545.5,20250300,,20250600
2025-01-17 19:00:00,,20250600,545.5,20250300,,20250600
2025-01-17 20:00:00,,20250600,545.5,20250300,,20250600
2025-01-17 21:00:00,,20250600,545.5,20250300,,20250600
2025-01-17 23:00:00,549.2,20250600,545.2,20250300,549.2,20250600
2025-01-20 08:00:00,,20250600,545.4,20250300,,20250600
2025-01-20 09:00:00,,20250600,544.8,20250300,,20250600
2025-01-20 10:00:00,,20250600,544.8,20250300,,20250600
2025-01-20 11:00:00,,20250600,544.5,20250300,,20250600
2025-01-20 12:00:00,,20250600,544.5,20250300,,20250600
2025-01-20 13:00:00,,20250600,545.7,20250300,,20250600
2025-01-20 14:00:00,,20250600,545.7,20250300,,20250600
2025-01-20 15:00:00,,20250600,545.7,20250300,,20250600
2025-01-20 16:00:00,,20250600,546.8,20250300,,20250600
2025-01-20 17:00:00,,20250600,544.2,20250300,,20250600
2025-01-20 18:00:00,,20250600,544.2,20250300,,20250600
2025-01-20 19:00:00,,20250600,544.2,20250300,,20250600
2025-01-20 20:00:00,,20250600,544.2,20250300,,20250600
2025-01-20 21:00:00,,20250600,544.2,20250300,,20250600
2025-01-20 23:00:00,550.8,20250600,546.6,20250300,550.8,20250600
2025-01-21 08:00:00,,20250600,544.5,20250300,,20250600
2025-01-21 09:00:00,,20250600,544.5,20250300,,20250600
2025-01-21 10:00:00,,20250600,545.8,20250300,,20250600
2025-01-21 11:00:00,,20250600,545.3,20250300,,20250600
2025-01-21 12:00:00,,20250600,545.4,20250300,,20250600
2025-01-21 13:00:00,,20250600,545.7,20250300,,20250600
2025-01-21 14:00:00,,20250600,546.1,20250300,,20250600
2025-01-21 15:00:00,,20250600,547.0,20250300,,20250600
2025-01-21 16:00:00,,20250600,547.5,20250300,,20250600
2025-01-21 17:00:00,,20250600,547.5,20250300,,20250600
2025-01-21 18:00:00,,20250600,547.5,20250300,,20250600
2025-01-21 19:00:00,,20250600,547.5,20250300,,20250600
2025-01-21 20:00:00,,20250600,547.5,20250300,,20250600
2025-01-21 21:00:00,,20250600,547.5,20250300,,20250600
2025-01-21 23:00:00,552.2,20250600,548.0,20250300,552.2,20250600
2025-01-22 09:00:00,,20250600,549.9,20250300,,20250600
2025-01-22 10:00:00,,20250600,549.9,20250300,,20250600
2025-01-22 11:00:00,,20250600,549.9,20250300,,20250600
2025-01-22 12:00:00,,20250600,550.0,20250300,,20250600
2025-01-22 13:00:00,,20250600,550.0,20250300,,20250600
2025-01-22 14:00:00,,20250600,550.0,20250300,,20250600
2025-01-22 15:00:00,,20250600,548.1,20250300,,20250600
2025-01-22 16:00:00,,20250600,549.3,20250300,,20250600
2025-01-22 17:00:00,,20250600,549.3,20250300,,20250600
2025-01-22 18:00:00,,20250600,549.3,20250300,,20250600
2025-01-22 19:00:00,,20250600,549.3,20250300,,20250600
2025-01-22 20:00:00,,20250600,549.3,20250300,,20250600
2025-01-22 21:00:00,,20250600,549.3,20250300,,20250600
2025-01-22 23:00:00,552.3,20250600,548.2,20250300,552.3,20250600
2025-01-23 08:00:00,,20250600,548.0,20250300,,20250600
2025-01-23 09:00:00,,20250600,548.0,20250300,,20250600
2025-01-23 10:00:00,,20250600,547.9,20250300,,20250600
2025-01-23 11:00:00,,20250600,548.4,20250300,,20250600
2025-01-23 12:00:00,,20250600,548.7,20250300,,20250600
2025-01-23 13:00:00,,20250600,548.9,20250300,,20250600
2025-01-23 14:00:00,,20250600,549.0,20250300,,20250600
2025-01-23 15:00:00,,20250600,549.1,20250300,,20250600
2025-01-23 16:00:00,,20250600,549.7,20250300,,20250600
2025-01-23 17:00:00,,20250600,549.7,20250300,,20250600
2025-01-23 18:00:00,,20250600,549.7,20250300,,20250600
2025-01-23 19:00:00,,20250600,549.7,20250300,,20250600
2025-01-23 20:00:00,,20250600,549.7,20250300,,20250600
2025-01-23 21:00:00,,20250600,549.7,20250300,,20250600
2025-01-23 23:00:00,554.4,20250600,550.2,20250300,554.4,20250600
2025-01-24 08:00:00,,20250600,552.1,20250300,,20250600
2025-01-24 09:00:00,,20250600,552.1,20250300,,20250600
2025-01-24 10:00:00,,20250600,552.1,20250300,,20250600
2025-01-24 11:00:00,,20250600,552.1,20250300,,20250600
2025-01-24 12:00:00,,20250600,551.0,20250300,,20250600
2025-01-24 13:00:00,,20250600,551.3,20250300,,20250600
2025-01-24 14:00:00,,20250600,551.3,20250300,,20250600
2025-01-24 15:00:00,,20250600,549.2,20250300,,20250600
2025-01-24 16:00:00,,20250600,550.1,20250300,,20250600
2025-01-24 17:00:00,,20250600,550.1,20250300,,20250600
2025-01-24 18:00:00,,20250600,550.1,20250300,,20250600
2025-01-24 19:00:00,,20250600,550.1,20250300,,20250600
2025-01-24 20:00:00,,20250600,550.1,20250300,,20250600
2025-01-24 21:00:00,,20250600,550.1,20250300,,20250600
2025-01-24 23:00:00,554.0,20250600,549.9,20250300,554.0,20250600
2025-01-27 08:00:00,,20250600,547.2,20250300,,20250600
2025-01-27 09:00:00,,20250600,547.9,20250300,,20250600
2025-01-27 10:00:00,,20250600,548.0,20250300,,20250600
2025-01-27 11:00:00,,20250600,548.4,20250300,,20250600
2025-01-27 12:00:00,,20250600,548.4,20250300,,20250600
2025-01-27 13:00:00,,20250600,548.8,20250300,,20250600
2025-01-27 14:00:00,,20250600,549.4,20250300,,20250600
2025-01-27 15:00:00,,20250600,550.7,20250300,,20250600
2025-01-27 16:00:00,,20250600,549.9,20250300,,20250600
2025-01-27 17:00:00,,20250600,549.9,20250300,,20250600
2025-01-27 18:00:00,,20250600,549.9,20250300,,20250600
2025-01-27 19:00:00,,20250600,549.9,20250300,,20250600
2025-01-27 20:00:00,,20250600,550.0,20250300,,20250600
2025-01-27 21:00:00,,20250600,550.0,20250300,,20250600
2025-01-27 23:00:00,554.1,20250600,550.0,20250300,554.1,20250600
2025-01-28 08:00:00,,20250600,552.0,20250300,,20250600
2025-01-28 09:00:00,,20250600,552.0,20250300,,20250600
2025-01-28 10:00:00,,20250600,554.8,20250300,,20250600
2025-01-28 11:00:00,,20250600,554.7,20250300,,20250600
2025-01-28 12:00:00,,20250600,554.7,20250300,,20250600
2025-01-28 13:00:00,,20250600,555.2,20250300,,20250600
2025-01-28 14:00:00,,20250600,554.4,20250300,,20250600
2025-01-28 15:00:00,,20250600,555.0,20250300,,20250600
2025-01-28 16:00:00,,20250600,552.5,20250300,,20250600
2025-01-28 17:00:00,,20250600,552.5,20250300,,20250600
2025-01-28 18:00:00,,20250600,552.5,20250300,,20250600
2025-01-28 19:00:00,,20250600,552.5,20250300,,20250600
2025-01-28 20:00:00,,20250600,552.5,20250300,,20250600
2025-01-28 21:00:00,,20250600,552.5,20250300,,20250600
2025-01-28 23:00:00,558.1,20250600,554.0,20250300,558.1,20250600
2025-01-29 08:00:00,,20250600,557.2,20250300,,20250600
2025-01-29 09:00:00,,20250600,556.1,20250300,,20250600
2025-01-29 10:00:00,,20250600,556.1,20250300,,20250600
2025-01-29 11:00:00,,20250600,557.1,20250300,,20250600
2025-01-29 12:00:00,,20250600,557.1,20250300,,20250600
2025-01-29 13:00:00,,20250600,555.5,20250300,,20250600
2025-01-29 14:00:00,,20250600,555.5,20250300,,20250600
2025-01-29 15:00:00,,20250600,555.5,20250300,,20250600
2025-01-29 16:00:00,,20250600,554.4,20250300,,20250600
2025-01-29 17:00:00,,20250600,554.4,20250300,,20250600
2025-01-29 18:00:00,,20250600,554.4,20250300,,20250600
2025-01-29 19:00:00,,20250600,554.4,20250300,,20250600
2025-01-29 20:00:00,,20250600,554.4,20250300,,20250600
2025-01-29 21:00:00,,20250600,554.4,20250300,,20250600
2025-01-29 23:00:00,559.7,20250600,555.6,20250300,559.7,20250600
2025-01-30 08:00:00,,20250600,559.0,20250300,,20250600
2025-01-30 09:00:00,,20250600,558.4,20250300,,20250600
2025-01-30 10:00:00,,20250600,559.1,20250300,,20250600
2025-01-30 11:00:00,,20250600,559.5,20250300,,20250600
2025-01-30 12:00:00,,20250600,559.5,20250300,,20250600
2025-01-30 13:00:00,,20250600,559.5,20250300,,20250600
2025-01-30 14:00:00,,20250600,559.9,20250300,,20250600
2025-01-30 15:00:00,,20250600,559.9,20250300,,20250600
2025-01-30 16:00:00,,20250600,561.1,20250300,,20250600
2025-01-30 17:00:00,,20250600,561.1,20250300,,20250600
2025-01-30 18:00:00,,20250600,561.1,20250300,,20250600
2025-01-30 19:00:00,,20250600,561.1,20250300,,20250600
2025-01-30 20:00:00,,20250600,561.1,20250300,,20250600
2025-01-30 21:00:00,,20250600,561.1,20250300,,20250600
2025-01-30 23:00:00,565.3,20250600,561.2,20250300,565.3,20250600
2025-01-31 08:00:00,,20250600,561.2,20250300,,20250600
2025-01-31 09:00:00,,20250600,562.2,20250300,,20250600
2025-01-31 10:00:00,,20250600,562.2,20250300,,20250600
2025-01-31 11:00:00,,20250600,562.2,20250300,,20250600
2025-01-31 12:00:00,,20250600,562.2,20250300,,20250600
2025-01-31 13:00:00,,20250600,562.2,20250300,,20250600
2025-01-31 14:00:00,,20250600,562.2,20250300,,20250600
2025-01-31 15:00:00,,20250600,560.9,20250300,,20250600
2025-01-31 16:00:00,,20250600,561.2,20250300,,20250600
2025-01-31 17:00:00,,20250600,561.2,20250300,,20250600
2025-01-31 18:00:00,,20250600,561.2,20250300,,20250600
2025-01-31 19:00:00,,20250600,561.2,20250300,,20250600
2025-01-31 20:00:00,,20250600,561.2,20250300,,20250600
2025-01-31 21:00:00,,20250600,561.2,20250300,,20250600
2025-01-31 23:00:00,564.9,20250600,560.7,20250300,564.9,20250600
2025-02-03 07:00:00,,20250600,553.0,20250300,,20250600
2025-02-03 08:00:00,,20250600,553.6,20250300,,20250600
2025-02-03 09:00:00,,20250600,553.6,20250300,,20250600
2025-02-03 10:00:00,,20250600,551.9,20250300,,20250600
2025-02-03 11:00:00,,20250600,553.3,20250300,,20250600
2025-02-03 12:00:00,,20250600,553.4,20250300,,20250600
2025-02-03 13:00:00,,20250600,553.8,20250300,,20250600
2025-02-03 14:00:00,,20250600,552.9,20250300,,20250600
2025-02-03 15:00:00,,20250600,556.1,20250300,,20250600
2025-02-03 16:00:00,,20250600,555.5,20250300,,20250600
2025-02-03 17:00:00,,20250600,555.5,20250300,,20250600
2025-02-03 18:00:00,,20250600,555.5,20250300,,20250600
2025-02-03 19:00:00,,20250600,555.5,20250300,,20250600
2025-02-03 20:00:00,,20250600,555.5,20250300,,20250600
2025-02-03 21:00:00,,20250600,555.5,20250300,,20250600
2025-02-03 23:00:00,560.2,20250600,556.0,20250300,560.2,20250600
2025-02-04 08:00:00,,20250600,554.7,20250300,,20250600
2025-02-04 09:00:00,,20250600,556.0,20250300,,20250600
2025-02-04 10:00:00,,20250600,556.0,20250300,,20250600
2025-02-04 11:00:00,,20250600,556.0,20250300,,20250600
2025-02-04 12:00:00,,20250600,556.0,20250300,,20250600
2025-02-04 13:00:00,,20250600,556.2,20250300,,20250600
2025-02-04 14:00:00,,20250600,556.1,20250300,,20250600
2025-02-04 15:00:00,,20250600,557.1,20250300,,20250600
2025-02-04 16:00:00,,20250600,557.7,20250300,,20250600
2025-02-04 17:00:00,,20250600,557.7,20250300,,20250600
2025-02-04 18:00:00,,20250600,557.7,20250300,,20250600
2025-02-04 19:00:00,,20250600,557.7,20250300,,20250600
2025-02-04 20:00:00,,20250600,557.7,20250300,,20250600
2025-02-04 21:00:00,,20250600,557.7,20250300,,20250600
2025-02-04 23:00:00,562.2,20250600,558.1,20250300,562.2,20250600
2025-02-05 08:00:00,,20250600,556.4,20250300,,20250600
2025-02-05 09:00:00,,20250600,556.4,20250300,,20250600
2025-02-05 10:00:00,,20250600,556.4,20250300,,20250600
2025-02-05 11:00:00,,20250600,557.1,20250300,,20250600
2025-02-05 12:00:00,,20250600,557.7,20250300,,20250600
2025-02-05 13:00:00,,20250600,557.7,20250300,,20250600
2025-02-05 14:00:00,,20250600,557.7,20250300,,20250600
2025-02-05 15:00:00,,20250600,558.2,20250300,,20250600
2025-02-05 16:00:00,,20250600,559.3,20250300,,20250600
2025-02-05 17:00:00,,20250600,559.3,20250300,,20250600
2025-02-05 18:00:00,,20250600,559.3,20250300,,20250600
2025-02-05 19:00:00,,20250600,559.3,20250300,,20250600
2025-02-05 20:00:00,,20250600,559.3,20250300,,20250600
2025-02-05 21:00:00,,20250600,559.3,20250300,,20250600
2025-02-05 23:00:00,563.4,20250600,559.3,20250300,563.4,20250600
2025-02-06 08:00:00,,20250600,562.3,20250300,,20250600
2025-02-06 09:00:00,,20250600,563.3,20250300,,20250600
2025-02-06 10:00:00,,20250600,562.9,20250300,,20250600
2025-02-06 11:00:00,,20250600,562.9,20250300,,20250600
2025-02-06 12:00:00,,20250600,562.9,20250300,,20250600
2025-02-06 13:00:00,,20250600,563.2,20250300,,20250600
2025-02-06 14:00:00,,20250600,564.6,20250300,,20250600
2025-02-06 15:00:00,,20250600,564.7,20250300,,20250600
2025-02-06 16:00:00,,20250600,565.4,20250300,,20250600
2025-02-06 17:00:00,,20250600,565.4,20250300,,20250600
2025-02-06 18:00:00,,20250600,565.4,20250300,,20250600
2025-02-06 19:00:00,,20250600,565.4,20250300,,20250600
2025-02-06 20:00:00,,20250600,565.4,20250300,,20250600
2025-02-06 21:00:00,,20250600,565.4,20250300,,20250600
2025-02-06 23:00:00,569.9,20250600,565.8,20250300,569.9,20250600
2025-02-07 08:00:00,,20250600,564.7,20250300,,20250600
2025-02-07 09:00:00,,20250600,563.6,20250300,,20250600
2025-02-07 10:00:00,,20250600,563.2,20250300,,20250600
2025-02-07 11:00:00,,20250600,563.2,20250300,,20250600
2025-02-07 12:00:00,,20250600,563.2,20250300,,20250600
2025-02-07 13:00:00,,20250600,563.0,20250300,,20250600
2025-02-07 14:00:00,,20250600,563.2,20250300,,20250600
2025-02-07 15:00:00,,20250600,561.6,20250300,,20250600
2025-02-07 16:00:00,,20250600,561.3,20250300,,20250600
2025-02-07 17:00:00,,20250600,561.3,20250300,,20250600
2025-02-07 18:00:00,,20250600,561.3,20250300,,20250600
2025-02-07 19:00:00,,20250600,561.3,20250300,,20250600
2025-02-07 20:00:00,,20250600,561.3,20250300,,20250600
2025-02-07 21:00:00,,20250600,561.3,20250300,,20250600
2025-02-07 23:00:00,565.3,20250600,561.2,20250300,565.3,20250600
2025-02-10 08:00:00,,20250600,563.9,20250300,,20250600
2025-02-10 09:00:00,,20250600,563.9,20250300,,20250600
2025-02-10 10:00:00,,20250600,564.2,20250300,,20250600
2025-02-10 11:00:00,,20250600,564.2,20250300,,20250600
2025-02-10 12:00:00,,20250600,564.5,20250300,,20250600
2025-02-10 13:00:00,,20250600,565.1,20250300,,20250600
2025-02-10 14:00:00,,20250600,564.8,20250300,,20250600
2025-02-10 15:00:00,,20250600,565.1,20250300,,20250600
2025-02-10 16:00:00,,20250600,565.8,20250300,,20250600
2025-02-10 17:00:00,,20250600,565.8,20250300,,20250600
2025-02-10 18:00:00,,20250600,565.8,20250300,,20250600
2025-02-10 19:00:00,,20250600,565.8,20250300,,20250600
2025-02-10 20:00:00,,20250600,565.8,20250300,,20250600
2025-02-10 21:00:00,,20250600,565.8,20250300,,20250600
2025-02-10 23:00:00,569.7,20250600,565.6,20250300,569.7,20250600
2025-02-11 13:00:00,,20250600,565.2,20250300,,20250600
2025-02-11 14:00:00,,20250600,564.9,20250300,,20250600
2025-02-11 15:00:00,,20250600,565.4,20250300,,20250600
2025-02-11 16:00:00,,20250600,565.2,20250300,,20250600
2025-02-11 17:00:00,,20250600,565.2,20250300,,20250600
2025-02-11 18:00:00,,20250600,565.2,20250300,,20250600
2025-02-11 19:00:00,,20250600,565.2,20250300,,20250600
2025-02-11 20:00:00,,20250600,565.2,20250300,,20250600
2025-02-11 21:00:00,,20250600,565.2,20250300,,20250600
2025-02-11 23:00:00,569.5,20250600,565.3,20250300,569.5,20250600
2025-02-12 08:00:00,,20250600,567.3,20250300,,20250600
2025-02-12 09:00:00,,20250600,567.5,20250300,,20250600
2025-02-12 10:00:00,,20250600,567.1,20250300,,20250600
2025-02-12 11:00:00,,20250600,567.1,20250300,,20250600
2025-02-12 12:00:00,,20250600,567.6,20250300,,20250600
2025-02-12 13:00:00,,20250600,564.4,20250300,,20250600
2025-02-12 14:00:00,,20250600,565.2,20250300,,20250600
2025-02-12 15:00:00,,20250600,566.5,20250300,,20250600
2025-02-12 16:00:00,,20250600,566.5,20250300,,20250600
2025-02-12 17:00:00,,20250600,567.9,20250300,,20250600
2025-02-12 18:00:00,,20250600,567.9,20250300,,20250600
2025-02-12 19:00:00,,20250600,567.9,20250300,,20250600
2025-02-12 20:00:00,,20250600,569.0,20250300,,20250600
2025-02-12 21:00:00,,20250600,569.0,20250300,,20250600
2025-02-12 23:00:00,570.3,20250600,566.1,20250300,570.3,20250600
2025-02-13 08:00:00,,20250600,568.7,20250300,,20250600
2025-02-13 09:00:00,,20250600,568.3,20250300,,20250600
2025-02-13 10:00:00,,20250600,568.8,20250300,,20250600
2025-02-13 11:00:00,,20250600,569.4,20250300,,20250600
2025-02-13 12:00:00,,20250600,569.8,20250300,,20250600
2025-02-13 13:00:00,,20250600,570.8,20250300,,20250600
2025-02-13 14:00:00,,20250600,571.4,20250300,,20250600
2025-02-13 15:00:00,,20250600,571.4,20250300,,20250600
2025-02-13 16:00:00,,20250600,572.8,20250300,,20250600
2025-02-13 17:00:00,,20250600,572.8,20250300,,20250600
2025-02-13 18:00:00,,20250600,572.8,20250300,,20250600
2025-02-13 19:00:00,,20250600,572.8,20250300,,20250600
2025-02-13 20:00:00,,20250600,572.8,20250300,,20250600
2025-02-13 21:00:00,,20250600,572.8,20250300,,20250600
2025-02-13 23:00:00,576.7,20250600,572.4,20250300,576.7,20250600
2025-02-14 08:00:00,,20250600,572.5,20250300,,20250600
2025-02-14 09:00:00,,20250600,573.0,20250300,,20250600
2025-02-14 10:00:00,,20250600,572.4,20250300,,20250600
2025-02-14 11:00:00,,20250600,573.4,20250300,,20250600
2025-02-14 12:00:00,,20250600,573.2,20250300,,20250600
2025-02-14 13:00:00,,20250600,573.2,20250300,,20250600
2025-02-14 14:00:00,,20250600,573.2,20250300,,20250600
2025-02-14 15:00:00,,20250600,572.1,20250300,,20250600
2025-02-14 16:00:00,,20250600,571.5,20250300,,20250600
2025-02-14 17:00:00,,20250600,571.5,20250300,,20250600
2025-02-14 18:00:00,,20250600,571.5,20250300,,20250600
2025-02-14 19:00:00,,20250600,571.5,20250300,,20250600
2025-02-14 20:00:00,,20250600,571.5,20250300,,20250600
2025-02-14 21:00:00,,20250600,571.5,20250300,,20250600
2025-02-14 23:00:00,575.5,20250600,571.2,20250300,575.5,20250600
2025-02-17 08:00:00,,20250600,573.0,20250300,,20250600
2025-02-17 09:00:00,,20250600,573.8,20250300,,20250600
2025-02-17 10:00:00,,20250600,573.8,20250300,,20250600
2025-02-17 11:00:00,,20250600,573.8,20250300,,20250600
2025-02-17 12:00:00,,20250600,573.8,20250300,,20250600
2025-02-17 13:00:00,,20250600,573.8,20250300,,20250600
2025-02-17 14:00:00,,20250600,574.8,20250300,,20250600
2025-02-17 15:00:00,,20250600,574.6,20250300,,20250600
2025-02-17 16:00:00,,20250600,574.6,20250300,,20250600
2025-02-17 17:00:00,,20250600,574.6,20250300,,20250600
2025-02-17 18:00:00,,20250600,574.6,20250300,,20250600
2025-02-17 19:00:00,,20250600,574.6,20250300,,20250600
2025-02-17 20:00:00,,20250600,574.6,20250300,,20250600
2025-02-17 21:00:00,,20250600,574.6,20250300,,20250600
2025-02-17 23:00:00,579.2,20250600,575.1,20250300,579.2,20250600
2025-02-18 08:00:00,,20250600,574.7,20250300,,20250600
2025-02-18 09:00:00,,20250600,574.0,20250300,,20250600
2025-02-18 10:00:00,,20250600,574.0,20250300,,20250600
2025-02-18 11:00:00,,20250600,574.0,20250300,,20250600
2025-02-18 12:00:00,,20250600,575.2,20250300,,20250600
2025-02-18 13:00:00,,20250600,576.4,20250300,,20250600
2025-02-18 14:00:00,,20250600,576.0,20250300,,20250600
2025-02-18 15:00:00,,20250600,577.1,20250300,,20250600
2025-02-18 16:00:00,,20250600,576.9,20250300,,20250600
2025-02-18 17:00:00,,20250600,576.9,20250300,,20250600
2025-02-18 18:00:00,,20250600,576.9,20250300,,20250600
2025-02-18 19:00:00,,20250600,576.9,20250300,,20250600
2025-02-18 20:00:00,,20250600,576.9,20250300,,20250600
2025-02-18 21:00:00,,20250600,576.9,20250300,,20250600
2025-02-18 23:00:00,581.1,20250600,576.9,20250300,581.1,20250600
2025-02-19 07:00:00,,20250600,572.7,20250300,,20250600
2025-02-19 08:00:00,,20250600,572.7,20250300,,20250600
2025-02-19 09:00:00,,20250600,572.7,20250300,,20250600
2025-02-19 10:00:00,,20250600,574.6,20250300,,20250600
2025-02-19 11:00:00,,20250600,572.8,20250300,,20250600
2025-02-19 12:00:00,,20250600,571.1,20250300,,20250600
2025-02-19 13:00:00,,20250600,570.9,20250300,,20250600
2025-02-19 14:00:00,,20250600,568.9,20250300,,20250600
2025-02-19 15:00:00,,20250600,569.7,20250300,,20250600
2025-02-19 16:00:00,,20250600,569.8,20250300,,20250600
2025-02-19 17:00:00,,20250600,569.8,20250300,,20250600
2025-02-19 18:00:00,,20250600,569.8,20250300,,20250600
2025-02-19 19:00:00,,20250600,569.8,20250300,,20250600
2025-02-19 20:00:00,,20250600,569.8,20250300,,20250600
2025-02-19 21:00:00,,20250600,569.8,20250300,,20250600
2025-02-19 23:00:00,573.8,20250600,569.7,20250300,573.8,20250600
2025-02-20 08:00:00,,20250600,570.8,20250300,,20250600
2025-02-20 09:00:00,,20250600,572.7,20250300,,20250600
2025-02-20 10:00:00,,20250600,572.3,20250300,,20250600
2025-02-20 11:00:00,,20250600,571.1,20250300,,20250600
2025-02-20 12:00:00,,20250600,571.6,20250300,,20250600
2025-02-20 13:00:00,,20250600,570.6,20250300,,20250600
2025-02-20 14:00:00,,20250600,569.6,20250300,,20250600
2025-02-20 15:00:00,,20250600,568.5,20250300,,20250600
2025-02-20 16:00:00,,20250600,568.5,20250300,,20250600
2025-02-20 17:00:00,,20250600,568.5,20250300,,20250600
2025-02-20 18:00:00,,20250600,568.5,20250300,,20250600
2025-02-20 19:00:00,,20250600,568.5,20250300,,20250600
2025-02-20 20:00:00,,20250600,568.5,20250300,,20250600
2025-02-20 21:00:00,,20250600,568.5,20250300,,20250600
2025-02-20 23:00:00,572.9,20250600,568.6,20250300,572.9,20250600
2025-02-21 08:00:00,,20250600,570.6,20250300,,20250600
2025-02-21 09:00:00,,20250600,570.6,20250300,,20250600
2025-02-21 10:00:00,,20250600,571.8,20250300,,20250600
2025-02-21 11:00:00,,20250600,572.2,20250300,,20250600
2025-02-21 12:00:00,,20250600,572.2,20250300,,20250600
2025-02-21 13:00:00,,20250600,571.7,20250300,,20250600
2025-02-21 14:00:00,,20250600,571.7,20250300,,20250600
2025-02-21 15:00:00,,20250600,569.5,20250300,,20250600
2025-02-21 16:00:00,,20250600,570.5,20250300,,20250600
2025-02-21 17:00:00,,20250600,570.5,20250300,,20250600
2025-02-21 18:00:00,,20250600,570.5,20250300,,20250600
2025-02-21 19:00:00,,20250600,570.5,20250300,,20250600
2025-02-21 20:00:00,,20250600,570.5,20250300,,20250600
2025-02-21 21:00:00,,20250600,570.5,20250300,,20250600
2025-02-21 23:00:00,574.6,20250600,570.3,20250300,574.6,20250600
2025-02-24 08:00:00,,20250600,570.1,20250300,,20250600
2025-02-24 09:00:00,,20250600,570.1,20250300,,20250600
2025-02-24 10:00:00,,20250600,572.6,20250300,,20250600
2025-02-24 11:00:00,,20250600,573.2,20250300,,20250600
2025-02-24 12:00:00,,20250600,573.2,20250300,,20250600
2025-02-24 13:00:00,,20250600,571.7,20250300,,20250600
2025-02-24 14:00:00,,20250600,569.7,20250300,,20250600
2025-02-24 15:00:00,,20250600,569.4,20250300,,20250600
2025-02-24 16:00:00,,20250600,571.3,20250300,,20250600
2025-02-24 17:00:00,,20250600,571.3,20250300,,20250600
2025-02-24 18:00:00,,20250600,571.3,20250300,,20250600
2025-02-24 19:00:00,,20250600,571.3,20250300,,20250600
2025-02-24 20:00:00,,20250600,571.3,20250300,,20250600
2025-02-24 21:00:00,,20250600,571.3,20250300,,20250600
2025-02-24 23:00:00,575.4,20250600,571.2,20250300,575.4,20250600
2025-02-25 08:00:00,,20250600,571.1,20250300,,20250600
2025-02-25 09:00:00,,20250600,571.6,20250300,,20250600
2025-02-25 10:00:00,,20250600,572.0,20250300,,20250600
2025-02-25 11:00:00,,20250600,572.5,20250300,,20250600
2025-02-25 12:00:00,,20250600,572.5,20250300,,20250600
2025-02-25 13:00:00,,20250600,574.6,20250300,,20250600
2025-02-25 14:00:00,,20250600,574.6,20250300,,20250600
2025-02-25 15:00:00,,20250600,572.6,20250300,,20250600
2025-02-25 16:00:00,,20250600,571.7,20250300,,20250600
2025-02-25 17:00:00,,20250600,571.7,20250300,,20250600
2025-02-25 18:00:00,,20250600,571.7,20250300,,20250600
2025-02-25 19:00:00,,20250600,571.7,20250300,,20250600
2025-02-25 20:00:00,,20250600,571.7,20250300,,20250600
2025-02-25 21:00:00,,20250600,571.7,20250300,,20250600
2025-02-25 23:00:00,575.9,20250600,571.7,20250300,575.9,20250600
2025-02-26 08:00:00,,20250600,575.9,20250300,,20250600
2025-02-26 09:00:00,,20250600,576.5,20250300,,20250600
2025-02-26 10:00:00,,20250600,576.7,20250300,,20250600
2025-02-26 11:00:00,,20250600,577.2,20250300,,20250600
2025-02-26 12:00:00,,20250600,577.5,20250300,,20250600
2025-02-26 13:00:00,,20250600,578.5,20250300,,20250600
2025-02-26 14:00:00,,20250600,577.6,20250300,,20250600
2025-02-26 15:00:00,,20250600,577.6,20250300,,20250600
2025-02-26 16:00:00,,20250600,578.2,20250300,,20250600
2025-02-26 17:00:00,,20250600,578.2,20250300,,20250600
2025-02-26 18:00:00,,20250600,578.2,20250300,,20250600
2025-02-26 19:00:00,,20250600,578.2,20250300,,20250600
2025-02-26 20:00:00,,20250600,578.2,20250300,,20250600
2025-02-26 21:00:00,,20250600,578.2,20250300,,20250600
2025-02-26 23:00:00,582.0,20250600,578.0,20250300,582.0,20250600
2025-02-27 08:00:00,,20250600,572.4,20250300,,20250600
2025-02-27 09:00:00,,20250600,574.6,20250300,,20250600
2025-02-27 10:00:00,,20250600,574.1,20250300,,20250600
2025-02-27 11:00:00,,20250600,574.1,20250300,,20250600
2025-02-27 12:00:00,,20250600,574.8,20250300,,20250600
2025-02-27 13:00:00,,20250600,574.7,20250300,,20250600
2025-02-27 14:00:00,,20250600,572.8,20250300,,20250600
2025-02-27 15:00:00,,20250600,573.5,20250300,,20250600
2025-02-27 16:00:00,,20250600,573.5,20250300,,20250600
2025-02-27 17:00:00,,20250600,573.5,20250300,,20250600
2025-02-27 18:00:00,,20250600,573.5,20250300,,20250600
2025-02-27 19:00:00,,20250600,573.5,20250300,,20250600
2025-02-27 20:00:00,,20250600,573.5,20250300,,20250600
2025-02-27 21:00:00,,20250600,573.5,20250300,,20250600
2025-02-27 23:00:00,578.0,20250600,574.0,20250300,578.0,20250600
2025-02-28 08:00:00,,20250600,570.8,20250300,,20250600
2025-02-28 09:00:00,,20250600,570.8,20250300,,20250600
2025-02-28 10:00:00,,20250600,572.4,20250300,,20250600
2025-02-28 11:00:00,,20250600,572.4,20250300,,20250600
2025-02-28 12:00:00,,20250600,571.8,20250300,,20250600
2025-02-28 13:00:00,,20250600,571.8,20250300,,20250600
2025-02-28 14:00:00,,20250600,572.3,20250300,,20250600
2025-02-28 15:00:00,,20250600,573.3,20250300,,20250600
2025-02-28 16:00:00,,20250600,573.1,20250300,,20250600
2025-02-28 17:00:00,,20250600,573.1,20250300,,20250600
2025-02-28 18:00:00,,20250600,573.1,20250300,,20250600
2025-02-28 19:00:00,,20250600,573.1,20250300,,20250600
2025-02-28 20:00:00,,20250600,573.1,20250300,,20250600
2025-02-28 21:00:00,,20250600,573.1,20250300,,20250600
2025-02-28 23:00:00,577.2,20250600,573.2,20250300,577.2,20250600
2025-03-03 08:00:00,,20250600,572.7,20250300,,20250600
2025-03-03 09:00:00,,20250600,575.3,20250300,,20250600
2025-03-03 10:00:00,,20250600,575.8,20250300,,20250600
2025-03-03 11:00:00,,20250600,577.3,20250300,,20250600
2025-03-03 12:00:00,,20250600,579.3,20250300,,20250600
2025-03-03 13:00:00,,20250600,579.3,20250300,,20250600
2025-03-03 14:00:00,,20250600,581.4,20250300,,20250600
2025-03-03 15:00:00,,20250600,580.6,20250300,,20250600
2025-03-03 16:00:00,,20250600,579.4,20250300,,20250600
2025-03-03 17:00:00,,20250600,579.4,20250300,,20250600
2025-03-03 18:00:00,,20250600,579.4,20250300,,20250600
2025-03-03 19:00:00,,20250600,579.4,20250300,,20250600
2025-03-03 20:00:00,,20250600,579.4,20250300,,20250600
2025-03-03 21:00:00,,20250600,579.4,20250300,,20250600
2025-03-03 23:00:00,583.4,20250600,579.4,20250300,583.4,20250600
2025-03-04 08:00:00,,20250600,575.2,20250300,,20250600
2025-03-04 09:00:00,,20250600,573.7,20250300,,20250600
2025-03-04 10:00:00,,20250600,573.7,20250300,,20250600
2025-03-04 11:00:00,,20250600,572.0,20250300,,20250600
2025-03-04 12:00:00,,20250600,572.0,20250300,,20250600
2025-03-04 13:00:00,,20250600,569.0,20250300,,20250600
2025-03-04 14:00:00,,20250600,568.8,20250300,,20250600
2025-03-04 15:00:00,,20250600,566.4,20250300,,20250600
2025-03-04 16:00:00,,20250600,568.0,20250300,,20250600
2025-03-04 17:00:00,,20250600,568.0,20250300,,20250600
2025-03-04 18:00:00,,20250600,568.0,20250300,,20250600
2025-03-04 19:00:00,,20250600,568.0,20250300,,20250600
2025-03-04 20:00:00,,20250600,568.0,20250300,,20250600
2025-03-04 21:00:00,,20250600,568.0,20250300,,20250600
2025-03-04 23:00:00,569.7,20250600,565.6,20250300,569.7,20250600
2025-03-05 07:00:00,,20250600,574.9,20250300,,20250600
2025-03-05 08:00:00,,20250600,574.8,20250300,,20250600
2025-03-05 09:00:00,,20250600,574.8,20250300,,20250600
2025-03-05 10:00:00,,20250600,576.9,20250300,,20250600
2025-03-05 11:00:00,,20250600,576.3,20250300,,20250600
2025-03-05 12:00:00,,20250600,576.3,20250300,,20250600
2025-03-05 13:00:00,,20250600,575.3,20250300,,20250600
2025-03-05 14:00:00,,20250600,574.5,20250300,,20250600
2025-03-05 15:00:00,,20250600,574.7,20250300,,20250600
2025-03-05 16:00:00,,20250600,572.0,20250300,,20250600
2025-03-05 17:00:00,,20250600,572.0,20250300,,20250600
2025-03-05 18:00:00,,20250600,572.0,20250300,,20250600
2025-03-05 19:00:00,,20250600,572.0,20250300,,20250600
2025-03-05 20:00:00,,20250600,572.0,20250300,,20250600
2025-03-05 21:00:00,,20250600,572.0,20250300,,20250600
2025-03-05 23:00:00,578.2,20250600,573.9,20250300,578.2,20250600
2025-03-06 08:00:00,,20250600,576.1,20250300,,20250600
2025-03-06 09:00:00,,20250600,574.7,20250300,,20250600
2025-03-06 10:00:00,,20250600,574.1,20250300,,20250600
2025-03-06 11:00:00,,20250600,574.1,20250300,,20250600
2025-03-06 12:00:00,,20250600,574.1,20250300,,20250600
2025-03-06 13:00:00,,20250600,572.9,20250300,,20250600
2025-03-06 14:00:00,,20250600,576.4,20250300,,20250600
2025-03-06 15:00:00,,20250600,576.3,20250300,,20250600
2025-03-06 16:00:00,,20250600,577.3,20250300,,20250600
2025-03-06 17:00:00,,20250600,577.3,20250300,,20250600
2025-03-06 18:00:00,,20250600,577.3,20250300,,20250600
2025-03-06 19:00:00,,20250600,577.3,20250300,,20250600
2025-03-06 20:00:00,,20250600,577.3,20250300,,20250600
2025-03-06 21:00:00,,20250600,577.3,20250300,,20250600
2025-03-06 23:00:00,582.1,20250600,577.6,20250300,582.1,20250600
2025-03-07 08:00:00,,20250600,572.3,20250300,,20250600
2025-03-07 09:00:00,,20250600,573.4,20250300,,20250600
2025-03-07 10:00:00,,20250600,572.4,20250300,,20250600
2025-03-07 11:00:00,,20250600,572.4,20250300,,20250600
2025-03-07 12:00:00,,20250600,572.4,20250300,,20250600
2025-03-07 13:00:00,,20250600,573.1,20250300,,20250600
2025-03-07 14:00:00,,20250600,573.1,20250300,,20250600
2025-03-07 15:00:00,,20250600,575.4,20250300,,20250600
2025-03-07 16:00:00,,20250600,575.2,20250300,,20250600
2025-03-07 17:00:00,,20250600,575.6,20250300,,20250600
2025-03-07 18:00:00,,20250600,575.6,20250300,,20250600
2025-03-07 19:00:00,,20250600,575.6,20250300,,20250600
2025-03-07 20:00:00,,20250600,575.6,20250300,,20250600
2025-03-07 21:00:00,,20250600,575.6,20250300,,20250600
2025-03-07 23:00:00,568.0,20250600,572.4,20250300,568.0,20250600
2025-03-10 08:00:00,,20250600,576.7,20250300,,20250600
2025-03-10 09:00:00,,20250600,571.2,20250300,,20250600
2025-03-10 10:00:00,,20250600,571.2,20250300,,20250600
2025-03-10 11:00:00,,20250600,571.2,20250300,,20250600
2025-03-10 12:00:00,,20250600,570.0,20250300,,20250600
2025-03-10 13:00:00,,20250600,571.8,20250300,,20250600
2025-03-10 14:00:00,,20250600,569.2,20250300,,20250600
2025-03-10 15:00:00,,20250600,570.4,20250300,,20250600
2025-03-10 16:00:00,,20250600,569.6,20250300,,20250600
2025-03-10 17:00:00,,20250600,569.6,20250300,,20250600
2025-03-10 18:00:00,,20250600,569.6,20250300,,20250600
2025-03-10 19:00:00,,20250600,569.6,20250300,,20250600
2025-03-10 20:00:00,,20250600,569.6,20250300,,20250600
2025-03-10 21:00:00,,20250600,569.6,20250300,,20250600
2025-03-10 23:00:00,573.7,20250600,569.4,20250300,573.7,20250600
2025-03-11 08:00:00,,20250600,570.7,20250300,,20250600
2025-03-11 09:00:00,,20250600,569.5,20250300,,20250600
2025-03-11 10:00:00,,20250600,569.2,20250300,,20250600
2025-03-11 11:00:00,,20250600,568.5,20250300,,20250600
2025-03-11 12:00:00,,20250600,567.5,20250300,,20250600
2025-03-11 13:00:00,,20250600,566.5,20250300,,20250600
2025-03-11 14:00:00,,20250600,564.0,20250300,,20250600
2025-03-11 15:00:00,,20250600,562.9,20250300,,20250600
2025-03-11 16:00:00,,20250600,561.1,20250300,,20250600
2025-03-11 17:00:00,,20250600,561.1,20250300,,20250600
2025-03-11 18:00:00,,20250600,561.1,20250300,,20250600
2025-03-11 19:00:00,,20250600,561.1,20250300,,20250600
2025-03-11 20:00:00,,20250600,561.1,20250300,,20250600
2025-03-11 21:00:00,,20250600,561.1,20250300,,20250600
2025-03-11 23:00:00,555.0,20250600,561.0,20250300,555.0,20250600
2025-03-12 23:00:00,573.1,20250900,558.0,20250600,573.1,20250900
2025-03-13 23:00:00,571.3,20250900,556.0,20250600,571.3,20250900
2025-03-14 23:00:00,577.3,20250900,562.4,20250600,577.3,20250900
2025-03-17 11:00:00,,20250900,565.0,20250600,,20250900
2025-03-17 12:00:00,,20250900,565.0,20250600,,20250900
2025-03-17 13:00:00,,20250900,565.0,20250600,,20250900
2025-03-17 14:00:00,,20250900,566.6,20250600,,20250900
2025-03-17 15:00:00,,20250900,566.6,20250600,,20250900
2025-03-17 16:00:00,,20250900,566.9,20250600,,20250900
2025-03-17 17:00:00,,20250900,566.9,20250600,,20250900
2025-03-17 18:00:00,,20250900,566.9,20250600,,20250900
2025-03-17 19:00:00,,20250900,566.9,20250600,,20250900
2025-03-17 20:00:00,,20250900,566.9,20250600,,20250900
2025-03-17 21:00:00,,20250900,566.9,20250600,,20250900
2025-03-17 23:00:00,581.9,20250900,566.7,20250600,581.9,20250900
2025-03-18 08:00:00,,20250900,570.3,20250600,,20250900
2025-03-18 09:00:00,,20250900,571.4,20250600,,20250900
2025-03-18 10:00:00,,20250900,570.7,20250600,,20250900
2025-03-18 11:00:00,,20250900,570.7,20250600,,20250900
2025-03-18 12:00:00,,20250900,570.7,20250600,,20250900
2025-03-18 13:00:00,,20250900,570.1,20250600,,20250900
2025-03-18 14:00:00,,20250900,569.8,20250600,,20250900
2025-03-18 15:00:00,,20250900,569.8,20250600,,20250900
2025-03-18 16:00:00,,20250900,570.8,20250600,,20250900
2025-03-18 17:00:00,,20250900,570.8,20250600,,20250900
2025-03-18 18:00:00,,20250900,570.8,20250600,,20250900
2025-03-18 19:00:00,,20250900,570.8,20250600,,20250900
2025-03-18 20:00:00,,20250900,570.8,20250600,,20250900
2025-03-18 21:00:00,,20250900,570.8,20250600,,20250900
2025-03-18 23:00:00,574.3,20250900,570.2,20250600,574.3,20250900
2025-03-19 09:00:00,,20250900,569.8,20250600,,20250900
2025-03-19 10:00:00,,20250900,569.6,20250600,,20250900
2025-03-19 11:00:00,,20250900,568.8,20250600,,20250900
2025-03-19 12:00:00,,20250900,568.2,20250600,,20250900
2025-03-19 13:00:00,,20250900,568.2,20250600,,20250900
2025-03-19 14:00:00,,20250900,568.2,20250600,,20250900
2025-03-19 15:00:00,,20250900,568.2,20250600,,20250900
2025-03-19 16:00:00,,20250900,571.7,20250600,,20250900
2025-03-19 17:00:00,,20250900,571.7,20250600,,20250900
2025-03-19 18:00:00,,20250900,571.7,20250600,,20250900
2025-03-19 19:00:00,,20250900,571.7,20250600,,20250900
2025-03-19 20:00:00,,20250900,571.7,20250600,,20250900
2025-03-19 21:00:00,,20250900,571.7,20250600,,20250900
2025-03-19 23:00:00,574.9,20250900,570.5,20250600,574.9,20250900
2025-03-20 08:00:00,,20250900,570.2,20250600,,20250900
2025-03-20 09:00:00,,20250900,566.8,20250600,,20250900
2025-03-20 10:00:00,,20250900,563.7,20250600,,20250900
2025-03-20 11:00:00,,20250900,563.7,20250600,,20250900
2025-03-20 12:00:00,,20250900,563.7,20250600,,20250900
2025-03-20 13:00:00,,20250900,563.7,20250600,,20250900
2025-03-20 14:00:00,,20250900,563.7,20250600,,20250900
2025-03-20 15:00:00,,20250900,563.7,20250600,,20250900
2025-03-20 16:00:00,,20250900,566.7,20250600,,20250900
2025-03-20 17:00:00,,20250900,566.7,20250600,,20250900
2025-03-20 18:00:00,,20250900,566.7,20250600,,20250900
2025-03-20 19:00:00,,20250900,566.7,20250600,,20250900
2025-03-20 20:00:00,,20250900,566.7,20250600,,20250900
2025-03-20 21:00:00,,20250900,566.7,20250600,,20250900
2025-03-20 23:00:00,571.7,20250900,567.4,20250600,571.7,20250900
2025-03-21 11:00:00,,20250900,563.9,20250600,,20250900
2025-03-21 12:00:00,,20250900,563.8,20250600,,20250900
2025-03-21 13:00:00,,20250900,562.9,20250600,,20250900
2025-03-21 14:00:00,,20250900,562.7,20250600,,20250900
2025-03-21 15:00:00,,20250900,563.1,20250600,,20250900
2025-03-21 16:00:00,,20250900,564.0,20250600,,20250900
2025-03-21 17:00:00,,20250900,564.0,20250600,,20250900
2025-03-21 18:00:00,,20250900,564.0,20250600,,20250900
2025-03-21 19:00:00,,20250900,564.0,20250600,,20250900
2025-03-21 20:00:00,,20250900,564.0,20250600,,20250900
2025-03-21 21:00:00,,20250900,564.0,20250600,,20250900
2025-03-21 23:00:00,568.3,20250900,564.3,20250600,568.3,20250900
2025-03-24 08:00:00,,20250900,566.2,20250600,,20250900
2025-03-24 09:00:00,,20250900,566.0,20250600,,20250900
2025-03-24 10:00:00,,20250900,566.0,20250600,,20250900
2025-03-24 11:00:00,,20250900,564.6,20250600,,20250900
2025-03-24 12:00:00,,20250900,563.8,20250600,,20250900
2025-03-24 13:00:00,,20250900,564.6,20250600,,20250900
2025-03-24 14:00:00,,20250900,564.6,20250600,,20250900
2025-03-24 15:00:00,,20250900,564.0,20250600,,20250900
2025-03-24 16:00:00,,20250900,564.0,20250600,,20250900
2025-03-24 17:00:00,,20250900,564.0,20250600,,20250900
2025-03-24 18:00:00,,20250900,564.0,20250600,,20250900
2025-03-24 19:00:00,,20250900,564.0,20250600,,20250900
2025-03-24 20:00:00,,20250900,564.0,20250600,,20250900
2025-03-24 21:00:00,,20250900,564.0,20250600,,20250900
2025-03-24 23:00:00,568.1,20250900,564.0,20250600,568.1,20250900
2025-03-25 08:00:00,,20250900,564.6,20250600,,20250900
2025-03-25 09:00:00,,20250900,565.6,20250600,,20250900
2025-03-25 10:00:00,,20250900,565.6,20250600,,20250900
2025-03-25 11:00:00,,20250900,565.6,20250600,,20250900
2025-03-25 12:00:00,,20250900,565.6,20250600,,20250900
2025-03-25 13:00:00,,20250900,568.2,20250600,,20250900
2025-03-25 14:00:00,,20250900,567.5,20250600,,20250900
2025-03-25 15:00:00,,20250900,567.5,20250600,,20250900
2025-03-25 16:00:00,,20250900,567.9,20250600,,20250900
2025-03-25 17:00:00,,20250900,567.9,20250600,,20250900
2025-03-25 18:00:00,,20250900,567.9,20250600,,20250900
2025-03-25 19:00:00,,20250900,567.9,20250600,,20250900
2025-03-25 20:00:00,,20250900,567.9,20250600,,20250900
2025-03-25 21:00:00,,20250900,567.9,20250600,,20250900
2025-03-25 23:00:00,571.8,20250900,567.8,20250600,571.8,20250900
2025-03-26 08:00:00,,20250900,564.9,20250600,,20250900
2025-03-26 09:00:00,,20250900,564.9,20250600,,20250900
2025-03-26 10:00:00,,20250900,564.9,20250600,,20250900
2025-03-26 11:00:00,,20250900,564.9,20250600,,20250900
2025-03-26 12:00:00,,20250900,564.9,20250600,,20250900
2025-03-26 13:00:00,,20250900,564.9,20250600,,20250900
2025-03-26 14:00:00,,20250900,565.0,20250600,,20250900
2025-03-26 15:00:00,,20250900,564.4,20250600,,20250900
2025-03-26 16:00:00,,20250900,563.8,20250600,,20250900
2025-03-26 17:00:00,,20250900,563.8,20250600,,20250900
2025-03-26 18:00:00,,20250900,563.8,20250600,,20250900
2025-03-26 19:00:00,,20250900,563.8,20250600,,20250900
2025-03-26 20:00:00,,20250900,563.8,20250600,,20250900
2025-03-26 21:00:00,,20250900,563.8,20250600,,20250900
2025-03-26 23:00:00,567.9,20250900,564.0,20250600,567.9,20250900
2025-03-27 08:00:00,,20250900,560.4,20250600,,20250900
2025-03-27 09:00:00,,20250900,560.8,20250600,,20250900
2025-03-27 10:00:00,,20250900,560.8,20250600,,20250900
2025-03-27 11:00:00,,20250900,561.0,20250600,,20250900
2025-03-27 12:00:00,,20250900,560.9,20250600,,20250900
2025-03-27 13:00:00,,20250900,561.7,20250600,,20250900
2025-03-27 14:00:00,,20250900,560.7,20250600,,20250900
2025-03-27 15:00:00,,20250900,562.3,20250600,,20250900
2025-03-27 16:00:00,,20250900,563.1,20250600,,20250900
2025-03-27 17:00:00,,20250900,563.1,20250600,,20250900
2025-03-27 18:00:00,,20250900,563.1,20250600,,20250900
2025-03-27 19:00:00,,20250900,563.1,20250600,,20250900
2025-03-27 20:00:00,,20250900,563.1,20250600,,20250900
2025-03-27 21:00:00,,20250900,563.1,20250600,,20250900
2025-03-27 23:00:00,566.9,20250900,563.0,20250600,566.9,20250900
2025-03-28 08:00:00,,20250900,561.6,20250600,,20250900
2025-03-28 09:00:00,,20250900,559.5,20250600,,20250900
2025-03-28 10:00:00,,20250900,561.1,20250600,,20250900
2025-03-28 11:00:00,,20250900,561.1,20250600,,20250900
2025-03-28 12:00:00,,20250900,561.8,20250600,,20250900
2025-03-28 13:00:00,,20250900,561.8,20250600,,20250900
2025-03-28 14:00:00,,20250900,561.8,20250600,,20250900
2025-03-28 15:00:00,,20250900,558.4,20250600,,20250900
2025-03-28 16:00:00,,20250900,557.8,20250600,,20250900
2025-03-28 17:00:00,,20250900,557.8,20250600,,20250900
2025-03-28 18:00:00,,20250900,557.8,20250600,,20250900
2025-03-28 19:00:00,,20250900,557.8,20250600,,20250900
2025-03-28 20:00:00,,20250900,557.8,20250600,,20250900
2025-03-28 21:00:00,,20250900,557.8,20250600,,20250900
2025-03-28 23:00:00,561.7,20250900,558.1,20250600,561.7,20250900
2025-03-31 08:00:00,,20250900,550.3,20250600,,20250900
2025-03-31 09:00:00,,20250900,550.3,20250600,,20250900
2025-03-31 10:00:00,,20250900,550.3,20250600,,20250900
2025-03-31 11:00:00,,20250900,550.3,20250600,,20250900
2025-03-31 12:00:00,,20250900,546.9,20250600,,20250900
2025-03-31 13:00:00,,20250900,546.9,20250600,,20250900
2025-03-31 14:00:00,,20250900,547.3,20250600,,20250900
2025-03-31 15:00:00,,20250900,547.3,20250600,,20250900
2025-03-31 16:00:00,,20250900,549.5,20250600,,20250900
2025-03-31 17:00:00,,20250900,549.5,20250600,,20250900
2025-03-31 18:00:00,,20250900,549.5,20250600,,20250900
2025-03-31 19:00:00,,20250900,549.5,20250600,,20250900
2025-03-31 20:00:00,,20250900,550.4,20250600,,20250900
2025-03-31 21:00:00,,20250900,550.4,20250600,,20250900
2025-03-31 23:00:00,552.4,20250900,549.0,20250600,552.4,20250900
2025-04-01 08:00:00,,20250900,551.1,20250600,,20250900
2025-04-01 09:00:00,,20250900,554.1,20250600,,20250900
2025-04-01 10:00:00,,20250900,555.7,20250600,,20250900
2025-04-01 11:00:00,,20250900,553.4,20250600,,20250900
2025-04-01 12:00:00,,20250900,553.4,20250600,,20250900
2025-04-01 13:00:00,,20250900,554.3,20250600,,20250900
2025-04-01 14:00:00,,20250900,554.3,20250600,,20250900
2025-04-01 15:00:00,,20250900,551.0,20250600,,20250900
2025-04-01 16:00:00,,20250900,554.1,20250600,,20250900
2025-04-01 17:00:00,,20250900,554.1,20250600,,20250900
2025-04-01 18:00:00,,20250900,554.1,20250600,,20250900
2025-04-01 19:00:00,,20250900,554.1,20250600,,20250900
2025-04-01 20:00:00,,20250900,554.1,20250600,,20250900
2025-04-01 21:00:00,,20250900,554.1,20250600,,20250900
2025-04-01 23:00:00,557.7,20250900,554.2,20250600,557.7,20250900
2025-04-02 08:00:00,,20250900,550.1,20250600,,20250900
2025-04-02 09:00:00,,20250900,550.1,20250600,,20250900
2025-04-02 10:00:00,,20250900,550.1,20250600,,20250900
2025-04-02 11:00:00,,20250900,550.1,20250600,,20250900
2025-04-02 12:00:00,,20250900,550.1,20250600,,20250900
2025-04-02 13:00:00,,20250900,550.1,20250600,,20250900
2025-04-02 14:00:00,,20250900,549.6,20250600,,20250900
2025-04-02 15:00:00,,20250900,549.6,20250600,,20250900
2025-04-02 16:00:00,,20250900,552.8,20250600,,20250900
2025-04-02 17:00:00,,20250900,552.8,20250600,,20250900
2025-04-02 18:00:00,,20250900,552.8,20250600,,20250900
2025-04-02 19:00:00,,20250900,552.8,20250600,,20250900
2025-04-02 20:00:00,,20250900,552.8,20250600,,20250900
2025-04-02 21:00:00,,20250900,552.8,20250600,,20250900
2025-04-02 23:00:00,556.1,20250900,552.6,20250600,556.1,20250900
2025-04-03 08:00:00,,20250900,547.9,20250600,,20250900
2025-04-03 09:00:00,,20250900,549.1,20250600,,20250900
2025-04-03 10:00:00,,20250900,548.1,20250600,,20250900
2025-04-03 11:00:00,,20250900,544.7,20250600,,20250900
2025-04-03 12:00:00,,20250900,544.7,20250600,,20250900
2025-04-03 13:00:00,,20250900,541.9,20250600,,20250900
2025-04-03 14:00:00,,20250900,542.3,20250600,,20250900
2025-04-03 15:00:00,,20250900,542.3,20250600,,20250900
2025-04-03 16:00:00,,20250900,541.5,20250600,,20250900
2025-04-03 17:00:00,,20250900,541.5,20250600,,20250900
2025-04-03 18:00:00,,20250900,541.5,20250600,,20250900
2025-04-03 19:00:00,,20250900,541.5,20250600,,20250900
2025-04-03 20:00:00,,20250900,541.5,20250600,,20250900
2025-04-03 21:00:00,,20250900,541.5,20250600,,20250900
2025-04-03 23:00:00,544.2,20250900,540.8,20250600,544.2,20250900
2025-04-04 08:00:00,,20250900,532.4,20250600,,20250900
2025-04-04 09:00:00,,20250900,530.0,20250600,,20250900
2025-04-04 10:00:00,,20250900,527.9,20250600,,20250900
2025-04-04 11:00:00,,20250900,518.0,20250600,,20250900
2025-04-04 12:00:00,,20250900,513.5,20250600,,20250900
2025-04-04 13:00:00,,20250900,516.4,20250600,,20250900
2025-04-04 14:00:00,,20250900,516.3,20250600,,20250900
2025-04-04 15:00:00,,20250900,508.6,20250600,,20250900
2025-04-04 16:00:00,,20250900,507.7,20250600,,20250900
2025-04-04 17:00:00,,20250900,507.7,20250600,,20250900
2025-04-04 18:00:00,,20250900,507.7,20250600,,20250900
2025-04-04 19:00:00,,20250900,507.7,20250600,,20250900
2025-04-04 20:00:00,,20250900,507.7,20250600,,20250900
2025-04-04 21:00:00,,20250900,507.7,20250600,,20250900
2025-04-04 23:00:00,516.2,20250900,513.0,20250600,516.2,20250900
2025-04-07 08:00:00,,20250900,482.1,20250600,,20250900
2025-04-07 09:00:00,,20250900,482.8,20250600,,20250900
2025-04-07 10:00:00,,20250900,483.7,20250600,,20250900
2025-04-07 11:00:00,,20250900,489.2,20250600,,20250900
2025-04-07 12:00:00,,20250900,490.5,20250600,,20250900
2025-04-07 13:00:00,,20250900,492.2,20250600,,20250900
2025-04-07 14:00:00,,20250900,494.6,20250600,,20250900
2025-04-07 15:00:00,,20250900,499.0,20250600,,20250900
2025-04-07 16:00:00,,20250900,488.1,20250600,,20250900
2025-04-07 17:00:00,,20250900,488.1,20250600,,20250900
2025-04-07 18:00:00,,20250900,488.1,20250600,,20250900
2025-04-07 19:00:00,,20250900,488.1,20250600,,20250900
2025-04-07 20:00:00,,20250900,488.1,20250600,,20250900
2025-04-07 21:00:00,,20250900,488.1,20250600,,20250900
2025-04-07 23:00:00,491.8,20250900,488.7,20250600,491.8,20250900
2025-04-08 08:00:00,,20250900,495.5,20250600,,20250900
2025-04-08 09:00:00,,20250900,495.2,20250600,,20250900
2025-04-08 10:00:00,,20250900,495.2,20250600,,20250900
2025-04-08 11:00:00,,20250900,496.9,20250600,,20250900
2025-04-08 12:00:00,,20250900,502.3,20250600,,20250900
2025-04-08 13:00:00,,20250900,502.3,20250600,,20250900
2025-04-08 14:00:00,,20250900,506.4,20250600,,20250900
2025-04-08 15:00:00,,20250900,504.4,20250600,,20250900
2025-04-08 16:00:00,,20250900,502.8,20250600,,20250900
2025-04-08 17:00:00,,20250900,502.8,20250600,,20250900
2025-04-08 18:00:00,,20250900,502.8,20250600,,20250900
2025-04-08 19:00:00,,20250900,502.8,20250600,,20250900
2025-04-08 20:00:00,,20250900,502.8,20250600,,20250900
2025-04-08 21:00:00,,20250900,502.8,20250600,,20250900
2025-04-08 23:00:00,505.7,20250900,502.7,20250600,505.7,20250900
2025-04-09 08:00:00,,20250900,495.4,20250600,,20250900
2025-04-09 09:00:00,,20250900,490.0,20250600,,20250900
2025-04-09 10:00:00,,20250900,489.9,20250600,,20250900
2025-04-09 11:00:00,,20250900,488.3,20250600,,20250900
2025-04-09 12:00:00,,20250900,482.9,20250600,,20250900
2025-04-09 13:00:00,,20250900,485.5,20250600,,20250900
2025-04-09 14:00:00,,20250900,489.6,20250600,,20250900
2025-04-09 15:00:00,,20250900,485.3,20250600,,20250900
2025-04-09 16:00:00,,20250900,487.2,20250600,,20250900
2025-04-09 17:00:00,,20250900,487.2,20250600,,20250900
2025-04-09 18:00:00,,20250900,514.3,20250600,,20250900
2025-04-09 19:00:00,,20250900,514.3,20250600,,20250900
2025-04-09 20:00:00,,20250900,514.3,20250600,,20250900
2025-04-09 21:00:00,,20250900,514.3,20250600,,20250900
2025-04-09 23:00:00,490.3,20250900,487.3,20250600,490.3,20250900
2025-04-10 08:00:00,,20250900,513.7,20250600,,20250900
2025-04-10 09:00:00,,20250900,513.6,20250600,,20250900
2025-04-10 10:00:00,,20250900,512.3,20250600,,20250900
2025-04-10 11:00:00,,20250900,511.8,20250600,,20250900
2025-04-10 12:00:00,,20250900,513.5,20250600,,20250900
2025-04-10 13:00:00,,20250900,510.1,20250600,,20250900
2025-04-10 14:00:00,,20250900,509.1,20250600,,20250900
2025-04-10 15:00:00,,20250900,508.1,20250600,,20250900
2025-04-10 16:00:00,,20250900,506.3,20250600,,20250900
2025-04-10 17:00:00,,20250900,506.3,20250600,,20250900
2025-04-10 18:00:00,,20250900,506.3,20250600,,20250900
2025-04-10 19:00:00,,20250900,506.3,20250600,,20250900
2025-04-10 20:00:00,,20250900,506.3,20250600,,20250900
2025-04-10 21:00:00,,20250900,506.3,20250600,,20250900
2025-04-10 23:00:00,509.6,20250900,506.5,20250600,509.6,20250900
2025-04-11 08:00:00,,20250900,504.1,20250600,,20250900
2025-04-11 09:00:00,,20250900,504.1,20250600,,20250900
2025-04-11 10:00:00,,20250900,504.1,20250600,,20250900
2025-04-11 11:00:00,,20250900,504.1,20250600,,20250900
2025-04-11 12:00:00,,20250900,504.1,20250600,,20250900
2025-04-11 13:00:00,,20250900,504.1,20250600,,20250900
2025-04-11 14:00:00,,20250900,507.3,20250600,,20250900
2025-04-11 15:00:00,,20250900,508.0,20250600,,20250900
2025-04-11 16:00:00,,20250900,508.0,20250600,,20250900
2025-04-11 17:00:00,,20250900,508.0,20250600,,20250900
2025-04-11 18:00:00,,20250900,508.0,20250600,,20250900
2025-04-11 19:00:00,,20250900,508.0,20250600,,20250900
2025-04-11 20:00:00,,20250900,508.0,20250600,,20250900
2025-04-11 21:00:00,,20250900,508.0,20250600,,20250900
2025-04-11 23:00:00,509.7,20250900,506.5,20250600,509.7,20250900
2025-04-14 10:00:00,,20250900,516.3,20250600,,20250900
2025-04-14 11:00:00,,20250900,518.1,20250600,,20250900
2025-04-14 12:00:00,,20250900,517.9,20250600,,20250900
2025-04-14 13:00:00,,20250900,517.9,20250600,,20250900
2025-04-14 14:00:00,,20250900,517.9,20250600,,20250900
2025-04-14 15:00:00,,20250900,517.9,20250600,,20250900
2025-04-14 16:00:00,,20250900,521.0,20250600,,20250900
2025-04-14 17:00:00,,20250900,521.0,20250600,,20250900
2025-04-14 18:00:00,,20250900,521.0,20250600,,20250900
2025-04-14 19:00:00,,20250900,521.0,20250600,,20250900
2025-04-14 20:00:00,,20250900,521.0,20250600,,20250900
2025-04-14 21:00:00,,20250900,521.0,20250600,,20250900
2025-04-14 23:00:00,524.0,20250900,517.9,20250600,524.0,20250900
2025-04-15 11:00:00,,20250900,527.6,20250600,,20250900
2025-04-15 12:00:00,,20250900,527.3,20250600,,20250900
2025-04-15 13:00:00,,20250900,527.3,20250600,,20250900
2025-04-15 14:00:00,,20250900,527.4,20250600,,20250900
2025-04-15 15:00:00,,20250900,530.1,20250600,,20250900
2025-04-15 16:00:00,,20250900,530.9,20250600,,20250900
2025-04-15 17:00:00,,20250900,530.9,20250600,,20250900
2025-04-15 18:00:00,,20250900,530.9,20250600,,20250900
2025-04-15 19:00:00,,20250900,530.9,20250600,,20250900
2025-04-15 20:00:00,,20250900,530.9,20250600,,20250900
2025-04-15 21:00:00,,20250900,530.9,20250600,,20250900
2025-04-15 23:00:00,534.3,20250900,531.0,20250600,534.3,20250900
2025-04-16 09:00:00,,20250900,527.4,20250600,,20250900
2025-04-16 10:00:00,,20250900,527.4,20250600,,20250900
2025-04-16 11:00:00,,20250900,527.7,20250600,,20250900
2025-04-16 12:00:00,,20250900,527.7,20250600,,20250900
2025-04-16 13:00:00,,20250900,527.7,20250600,,20250900
2025-04-16 14:00:00,,20250900,527.7,20250600,,20250900
2025-04-16 15:00:00,,20250900,527.7,20250600,,20250900
2025-04-16 16:00:00,,20250900,531.2,20250600,,20250900
2025-04-16 17:00:00,,20250900,531.2,20250600,,20250900
2025-04-16 18:00:00,,20250900,531.2,20250600,,20250900
2025-04-16 19:00:00,,20250900,531.2,20250600,,20250900
2025-04-16 20:00:00,,20250900,531.2,20250600,,20250900
2025-04-16 21:00:00,,20250900,531.2,20250600,,20250900
2025-04-16 23:00:00,534.4,20250900,531.1,20250600,534.4,20250900
2025-04-17 11:00:00,,20250900,527.6,20250600,,20250900
2025-04-17 12:00:00,,20250900,527.6,20250600,,20250900
2025-04-17 13:00:00,,20250900,527.6,20250600,,20250900
2025-04-17 14:00:00,,20250900,527.6,20250600,,20250900
2025-04-17 15:00:00,,20250900,527.6,20250600,,20250900
2025-04-17 16:00:00,,20250900,530.2,20250600,,20250900
2025-04-17 17:00:00,,20250900,530.2,20250600,,20250900
2025-04-17 18:00:00,,20250900,530.2,20250600,,20250900
2025-04-17 19:00:00,,20250900,530.2,20250600,,20250900
2025-04-17 20:00:00,,20250900,530.2,20250600,,20250900
2025-04-17 21:00:00,,20250900,530.2,20250600,,20250900
2025-04-17 23:00:00,534.4,20250900,531.1,20250600,534.4,20250900
2025-04-22 13:00:00,,20250900,530.7,20250600,,20250900
2025-04-22 14:00:00,,20250900,530.6,20250600,,20250900
2025-04-22 15:00:00,,20250900,532.6,20250600,,20250900
2025-04-22 16:00:00,,20250900,534.7,20250600,,20250900
2025-04-22 17:00:00,,20250900,534.7,20250600,,20250900
2025-04-22 18:00:00,,20250900,534.7,20250600,,20250900
2025-04-22 19:00:00,,20250900,534.7,20250600,,20250900
2025-04-22 20:00:00,,20250900,534.7,20250600,,20250900
2025-04-22 21:00:00,,20250900,534.7,20250600,,20250900
2025-04-22 23:00:00,537.8,20250900,534.7,20250600,537.8,20250900
2025-04-23 11:00:00,,20250900,540.1,20250600,,20250900
2025-04-23 12:00:00,,20250900,540.1,20250600,,20250900
2025-04-23 13:00:00,,20250900,539.7,20250600,,20250900
2025-04-23 14:00:00,,20250900,542.1,20250600,,20250900
2025-04-23 15:00:00,,20250900,542.0,20250600,,20250900
2025-04-23 16:00:00,,20250900,539.0,20250600,,20250900
2025-04-23 17:00:00,,20250900,539.0,20250600,,20250900
2025-04-23 18:00:00,,20250900,539.0,20250600,,20250900
2025-04-23 19:00:00,,20250900,539.0,20250600,,20250900
2025-04-23 20:00:00,,20250900,539.0,20250600,,20250900
2025-04-23 21:00:00,,20250900,539.0,20250600,,20250900
2025-04-23 23:00:00,544.0,20250900,540.1,20250600,544.0,20250900
2025-04-24 08:00:00,,20250900,540.4,20250600,,20250900
2025-04-24 09:00:00,,20250900,540.4,20250600,,20250900
2025-04-24 10:00:00,,20250900,540.4,20250600,,20250900
2025-04-24 11:00:00,,20250900,540.4,20250600,,20250900
2025-04-24 12:00:00,,20250900,544.4,20250600,,20250900
2025-04-24 13:00:00,,20250900,544.4,20250600,,20250900
2025-04-24 14:00:00,,20250900,542.9,20250600,,20250900
2025-04-24 15:00:00,,20250900,542.9,20250600,,20250900
2025-04-24 16:00:00,,20250900,544.4,20250600,,20250900
2025-04-24 17:00:00,,20250900,544.4,20250600,,20250900
2025-04-24 18:00:00,,20250900,544.4,20250600,,20250900
2025-04-24 19:00:00,,20250900,544.4,20250600,,20250900
2025-04-24 20:00:00,,20250900,544.4,20250600,,20250900
2025-04-24 23:00:00,548.4,20250900,542.9,20250600,548.4,20250900
2025-04-25 07:00:00,,20250900,545.4,20250600,,20250900
2025-04-25 08:00:00,,20250900,545.4,20250600,,20250900
2025-04-25 09:00:00,,20250900,545.4,20250600,,20250900
2025-04-25 10:00:00,,20250900,546.5,20250600,,20250900
2025-04-25 11:00:00,,20250900,546.5,20250600,,20250900
2025-04-25 12:00:00,,20250900,546.5,20250600,,20250900
2025-04-25 13:00:00,,20250900,546.5,20250600,,20250900
2025-04-25 14:00:00,,20250900,546.5,20250600,,20250900
2025-04-25 15:00:00,,20250900,546.9,20250600,,20250900
2025-04-25 16:00:00,,20250900,546.9,20250600,,20250900
2025-04-25 17:00:00,,20250900,546.9,20250600,,20250900
2025-04-25 18:00:00,,20250900,546.9,20250600,,20250900
2025-04-25 19:00:00,,20250900,546.9,20250600,,20250900
2025-04-25 20:00:00,,20250900,546.9,20250600,,20250900
2025-04-25 23:00:00,550.1,20250900,546.7,20250600,550.1,20250900
2025-04-28 08:00:00,,20250900,549.3,20250600,,20250900
2025-04-28 09:00:00,,20250900,549.3,20250600,,20250900
2025-04-28 10:00:00,,20250900,549.3,20250600,,20250900
2025-04-28 11:00:00,,20250900,549.7,20250600,,20250900
2025-04-28 12:00:00,,20250900,549.7,20250600,,20250900
2025-04-28 13:00:00,,20250900,550.7,20250600,,20250900
2025-04-28 14:00:00,,20250900,550.7,20250600,,20250900
2025-04-28 15:00:00,,20250900,547.8,20250600,,20250900
2025-04-28 16:00:00,,20250900,547.8,20250600,,20250900
2025-04-28 17:00:00,,20250900,547.8,20250600,,20250900
2025-04-28 18:00:00,,20250900,547.8,20250600,,20250900
2025-04-28 19:00:00,,20250900,547.8,20250600,,20250900
2025-04-28 20:00:00,,20250900,547.8,20250600,,20250900
2025-04-28 23:00:00,553.0,20250900,547.8,20250600,553.0,20250900
2025-04-29 07:00:00,,20250900,553.7,20250600,,20250900
2025-04-29 08:00:00,,20250900,553.7,20250600,,20250900
2025-04-29 09:00:00,,20250900,553.6,20250600,,20250900
2025-04-29 10:00:00,,20250900,553.2,20250600,,20250900
2025-04-29 11:00:00,,20250900,552.3,20250600,,20250900
2025-04-29 12:00:00,,20250900,552.3,20250600,,20250900
2025-04-29 13:00:00,,20250900,552.7,20250600,,20250900
2025-04-29 14:00:00,,20250900,552.1,20250600,,20250900
2025-04-29 15:00:00,,20250900,553.1,20250600,,20250900
2025-04-29 16:00:00,,20250900,553.1,20250600,,20250900
2025-04-29 17:00:00,,20250900,553.1,20250600,,20250900
2025-04-29 18:00:00,,20250900,553.1,20250600,,20250900
2025-04-29 19:00:00,,20250900,553.1,20250600,,20250900
2025-04-29 20:00:00,,20250900,553.1,20250600,,20250900
2025-04-29 23:00:00,556.4,20250900,553.0,20250600,556.4,20250900
2025-04-30 08:00:00,,20250900,554.9,20250600,,20250900
2025-04-30 09:00:00,,20250900,554.9,20250600,,20250900
2025-04-30 10:00:00,,20250900,554.9,20250600,,20250900
2025-04-30 11:00:00,,20250900,554.9,20250600,,20250900
2025-04-30 12:00:00,,20250900,552.0,20250600,,20250900
2025-04-30 13:00:00,,20250900,552.0,20250600,,20250900
2025-04-30 14:00:00,,20250900,551.8,20250600,,20250900
2025-04-30 15:00:00,,20250900,555.7,20250600,,20250900
2025-04-30 16:00:00,,20250900,555.7,20250600,,20250900
2025-04-30 17:00:00,,20250900,555.7,20250600,,20250900
2025-04-30 18:00:00,,20250900,555.7,20250600,,20250900
2025-04-30 19:00:00,,20250900,555.7,20250600,,20250900
2025-04-30 20:00:00,,20250900,555.7,20250600,,20250900
2025-04-30 23:00:00,559.1,20250900,555.7,20250600,559.1,20250900
2025-05-02 07:00:00,,20250900,560.8,20250600,,20250900
2025-05-02 08:00:00,,20250900,560.1,20250600,,20250900
2025-05-02 09:00:00,,20250900,560.1,20250600,,20250900
2025-05-02 10:00:00,,20250900,560.8,20250600,,20250900
2025-05-02 11:00:00,,20250900,560.8,20250600,,20250900
2025-05-02 12:00:00,,20250900,562.3,20250600,,20250900
2025-05-02 13:00:00,,20250900,562.3,20250600,,20250900
2025-05-02 14:00:00,,20250900,562.3,20250600,,20250900
2025-05-02 15:00:00,,20250900,564.6,20250600,,20250900
2025-05-02 16:00:00,,20250900,564.6,20250600,,20250900
2025-05-02 17:00:00,,20250900,564.6,20250600,,20250900
2025-05-02 18:00:00,,20250900,564.6,20250600,,20250900
2025-05-02 19:00:00,,20250900,564.6,20250600,,20250900
2025-05-02 20:00:00,,20250900,564.6,20250600,,20250900
2025-05-02 23:00:00,568.0,20250900,560.8,20250600,568.0,20250900
2025-05-05 15:00:00,,20250900,566.9,20250600,,20250900
2025-05-05 16:00:00,,20250900,566.9,20250600,,20250900
2025-05-05 17:00:00,,20250900,566.9,20250600,,20250900
2025-05-05 18:00:00,,20250900,566.9,20250600,,20250900
2025-05-05 19:00:00,,20250900,566.9,20250600,,20250900
2025-05-05 20:00:00,,20250900,566.9,20250600,,20250900
2025-05-05 23:00:00,570.3,20250900,566.8,20250600,570.3,20250900
2025-05-06 08:00:00,,20250900,562.5,20250600,,20250900
2025-05-06 09:00:00,,20250900,562.3,20250600,,20250900
2025-05-06 10:00:00,,20250900,563.1,20250600,,20250900
2025-05-06 11:00:00,,20250900,563.1,20250600,,20250900
2025-05-06 12:00:00,,20250900,563.1,20250600,,20250900
2025-05-06 13:00:00,,20250900,564.9,20250600,,20250900
2025-05-06 14:00:00,,20250900,565.6,20250600,,20250900
2025-05-06 15:00:00,,20250900,565.5,20250600,,20250900
2025-05-06 16:00:00,,20250900,565.5,20250600,,20250900
2025-05-06 17:00:00,,20250900,565.5,20250600,,20250900
2025-05-06 18:00:00,,20250900,565.5,20250600,,20250900
2025-05-06 19:00:00,,20250900,565.5,20250600,,20250900
2025-05-06 20:00:00,,20250900,565.5,20250600,,20250900
2025-05-06 23:00:00,569.0,20250900,565.6,20250600,569.0,20250900
2025-05-07 08:00:00,,20250900,564.4,20250600,,20250900
2025-05-07 09:00:00,,20250900,564.4,20250600,,20250900
2025-05-07 10:00:00,,20250900,564.4,20250600,,20250900
2025-05-07 11:00:00,,20250900,564.4,20250600,,20250900
2025-05-07 12:00:00,,20250900,564.4,20250600,,20250900
2025-05-07 13:00:00,,20250900,564.4,20250600,,20250900
2025-05-07 14:00:00,,20250900,564.9,20250600,,20250900
2025-05-07 15:00:00,,20250900,565.1,20250600,,20250900
2025-05-07 16:00:00,,20250900,565.1,20250600,,20250900
2025-05-07 17:00:00,,20250900,565.1,20250600,,20250900
2025-05-07 18:00:00,,20250900,565.1,20250600,,20250900
2025-05-07 19:00:00,,20250900,565.1,20250600,,20250900
2025-05-07 20:00:00,,20250900,565.1,20250600,,20250900
2025-05-07 23:00:00,568.7,20250900,564.9,20250600,568.7,20250900
2025-05-08 07:00:00,,20250900,566.8,20250600,,20250900
2025-05-08 08:00:00,,20250900,568.2,20250600,,20250900
2025-05-08 09:00:00,,20250900,568.2,20250600,,20250900
2025-05-08 10:00:00,,20250900,568.2,20250600,,20250900
2025-05-08 11:00:00,,20250900,570.4,20250600,,20250900
2025-05-08 12:00:00,,20250900,570.4,20250600,,20250900
2025-05-08 13:00:00,,20250900,570.4,20250600,,20250900
2025-05-08 14:00:00,,20250900,570.4,20250600,,20250900
2025-05-08 15:00:00,,20250900,572.0,20250600,,20250900
2025-05-08 16:00:00,,20250900,572.0,20250600,,20250900
2025-05-08 17:00:00,,20250900,572.0,20250600,,20250900
2025-05-08 18:00:00,,20250900,572.0,20250600,,20250900
2025-05-08 19:00:00,,20250900,572.0,20250600,,20250900
2025-05-08 20:00:00,,20250900,572.0,20250600,,20250900
2025-05-08 23:00:00,572.6,20250900,569.1,20250600,572.6,20250900
2025-05-09 06:00:00,,20250900,565.7,20250600,,20250900
2025-05-09 07:00:00,,20250900,570.3,20250600,,20250900
2025-05-09 08:00:00,,20250900,570.3,20250600,,20250900
2025-05-09 09:00:00,,20250900,570.3,20250600,,20250900
2025-05-09 10:00:00,,20250900,570.3,20250600,,20250900
2025-05-09 11:00:00,,20250900,570.1,20250600,,20250900
2025-05-09 12:00:00,,20250900,571.7,20250600,,20250900
2025-05-09 13:00:00,,20250900,571.8,20250600,,20250900
2025-05-09 14:00:00,,20250900,571.8,20250600,,20250900
2025-05-09 15:00:00,,20250900,571.4,20250600,,20250900
2025-05-09 16:00:00,,20250900,571.4,20250600,,20250900
2025-05-09 17:00:00,,20250900,571.4,20250600,,20250900
2025-05-09 18:00:00,,20250900,571.4,20250600,,20250900
2025-05-09 19:00:00,,20250900,571.4,20250600,,20250900
2025-05-09 20:00:00,,20250900,571.4,20250600,,20250900
2025-05-09 23:00:00,574.9,20250900,571.4,20250600,574.9,20250900
2025-05-12 07:00:00,,20250900,579.8,20250600,,20250900
2025-05-12 08:00:00,,20250900,575.6,20250600,,20250900
2025-05-12 09:00:00,,20250900,578.3,20250600,,20250900
2025-05-12 10:00:00,,20250900,578.3,20250600,,20250900
2025-05-12 11:00:00,,20250900,578.1,20250600,,20250900
2025-05-12 12:00:00,,20250900,578.1,20250600,,20250900
2025-05-12 13:00:00,,20250900,577.0,20250600,,20250900
2025-05-12 14:00:00,,20250900,575.3,20250600,,20250900
2025-05-12 15:00:00,,20250900,578.1,20250600,,20250900
2025-05-12 16:00:00,,20250900,578.1,20250600,,20250900
2025-05-12 17:00:00,,20250900,578.1,20250600,,20250900
2025-05-12 18:00:00,,20250900,578.1,20250600,,20250900
2025-05-12 19:00:00,,20250900,578.1,20250600,,20250900
2025-05-12 20:00:00,,20250900,578.1,20250600,,20250900
2025-05-12 23:00:00,581.3,20250900,578.1,20250600,581.3,20250900
2025-05-13 07:00:00,,20250900,580.2,20250600,,20250900
2025-05-13 08:00:00,,20250900,580.2,20250600,,20250900
2025-05-13 09:00:00,,20250900,580.2,20250600,,20250900
2025-05-13 10:00:00,,20250900,580.5,20250600,,20250900
2025-05-13 11:00:00,,20250900,580.4,20250600,,20250900
2025-05-13 12:00:00,,20250900,580.4,20250600,,20250900
2025-05-13 13:00:00,,20250900,580.4,20250600,,20250900
2025-05-13 14:00:00,,20250900,578.8,20250600,,20250900
2025-05-13 15:00:00,,20250900,579.3,20250600,,20250900
2025-05-13 16:00:00,,20250900,579.3,20250600,,20250900
2025-05-13 17:00:00,,20250900,579.3,20250600,,20250900
2025-05-13 18:00:00,,20250900,579.3,20250600,,20250900
2025-05-13 19:00:00,,20250900,579.3,20250600,,20250900
2025-05-13 20:00:00,,20250900,579.3,20250600,,20250900
2025-05-13 23:00:00,583.0,20250900,579.4,20250600,583.0,20250900
2025-05-14 09:00:00,,20250900,578.4,20250600,,20250900
2025-05-14 10:00:00,,20250900,578.4,20250600,,20250900
2025-05-14 11:00:00,,20250900,578.4,20250600,,20250900
2025-05-14 12:00:00,,20250900,581.3,20250600,,20250900
2025-05-14 13:00:00,,20250900,581.3,20250600,,20250900
2025-05-14 14:00:00,,20250900,580.0,20250600,,20250900
2025-05-14 15:00:00,,20250900,579.8,20250600,,20250900
2025-05-14 16:00:00,,20250900,579.8,20250600,,20250900
2025-05-14 17:00:00,,20250900,579.8,20250600,,20250900
2025-05-14 18:00:00,,20250900,579.8,20250600,,20250900
2025-05-14 19:00:00,,20250900,579.8,20250600,,20250900
2025-05-14 20:00:00,,20250900,579.8,20250600,,20250900
2025-05-14 23:00:00,583.6,20250900,580.0,20250600,583.6,20250900
2025-05-15 08:00:00,,20250900,579.4,20250600,,20250900
2025-05-15 09:00:00,,20250900,579.4,20250600,,20250900
2025-05-15 10:00:00,,20250900,581.2,20250600,,20250900
2025-05-15 11:00:00,,20250900,581.2,20250600,,20250900
2025-05-15 12:00:00,,20250900,581.7,20250600,,20250900
2025-05-15 13:00:00,,20250900,581.8,20250600,,20250900
2025-05-15 14:00:00,,20250900,582.2,20250600,,20250900
2025-05-15 15:00:00,,20250900,583.3,20250600,,20250900
2025-05-15 16:00:00,,20250900,583.3,20250600,,20250900
2025-05-15 17:00:00,,20250900,583.3,20250600,,20250900
2025-05-15 18:00:00,,20250900,583.3,20250600,,20250900
2025-05-15 19:00:00,,20250900,583.3,20250600,,20250900
2025-05-15 20:00:00,,20250900,583.3,20250600,,20250900
2025-05-15 23:00:00,586.5,20250900,582.9,20250600,586.5,20250900
2025-05-16 10:00:00,,20250900,586.2,20250600,,20250900
2025-05-16 11:00:00,,20250900,585.6,20250600,,20250900
2025-05-16 12:00:00,,20250900,585.6,20250600,,20250900
2025-05-16 13:00:00,,20250900,582.9,20250600,,20250900
2025-05-16 14:00:00,,20250900,582.9,20250600,,20250900
2025-05-16 15:00:00,,20250900,584.2,20250600,,20250900
2025-05-16 16:00:00,,20250900,584.2,20250600,,20250900
2025-05-16 17:00:00,,20250900,584.2,20250600,,20250900
2025-05-16 18:00:00,,20250900,584.2,20250600,,20250900
2025-05-16 19:00:00,,20250900,584.2,20250600,,20250900
2025-05-16 20:00:00,,20250900,584.2,20250600,,20250900
2025-05-16 23:00:00,588.4,20250900,584.8,20250600,588.4,20250900
2025-05-19 09:00:00,,20250900,581.5,20250600,,20250900
2025-05-19 10:00:00,,20250900,581.5,20250600,,20250900
2025-05-19 11:00:00,,20250900,581.5,20250600,,20250900
2025-05-19 12:00:00,,20250900,583.3,20250600,,20250900
2025-05-19 13:00:00,,20250900,582.8,20250600,,20250900
2025-05-19 14:00:00,,20250900,585.8,20250600,,20250900
2025-05-19 15:00:00,,20250900,586.0,20250600,,20250900
2025-05-19 16:00:00,,20250900,586.0,20250600,,20250900
2025-05-19 17:00:00,,20250900,586.0,20250600,,20250900
2025-05-19 18:00:00,,20250900,586.0,20250600,,20250900
2025-05-19 19:00:00,,20250900,586.0,20250600,,20250900
2025-05-19 20:00:00,,20250900,586.0,20250600,,20250900
2025-05-19 23:00:00,590.0,20250900,581.5,20250600,590.0,20250900
2025-05-20 09:00:00,,20250900,590.2,20250600,,20250900
2025-05-20 10:00:00,,20250900,590.7,20250600,,20250900
2025-05-20 11:00:00,,20250900,590.7,20250600,,20250900
2025-05-20 12:00:00,,20250900,591.7,20250600,,20250900
2025-05-20 13:00:00,,20250900,592.4,20250600,,20250900
2025-05-20 14:00:00,,20250900,592.4,20250600,,20250900
2025-05-20 15:00:00,,20250900,592.0,20250600,,20250900
2025-05-20 16:00:00,,20250900,592.0,20250600,,20250900
2025-05-20 17:00:00,,20250900,592.0,20250600,,20250900
2025-05-20 18:00:00,,20250900,592.0,20250600,,20250900
2025-05-20 19:00:00,,20250900,592.0,20250600,,20250900
2025-05-20 20:00:00,,20250900,592.0,20250600,,20250900
2025-05-20 23:00:00,596.2,20250900,592.5,20250600,596.2,20250900
2025-05-21 12:00:00,,20250900,591.4,20250600,,20250900
2025-05-21 13:00:00,,20250900,591.4,20250600,,20250900
2025-05-21 14:00:00,,20250900,592.1,20250600,,20250900
2025-05-21 15:00:00,,20250900,592.2,20250600,,20250900
2025-05-21 16:00:00,,20250900,592.2,20250600,,20250900
2025-05-21 17:00:00,,20250900,592.2,20250600,,20250900
2025-05-21 18:00:00,,20250900,592.2,20250600,,20250900
2025-05-21 19:00:00,,20250900,592.2,20250600,,20250900
2025-05-21 20:00:00,,20250900,592.2,20250600,,20250900
2025-05-21 23:00:00,596.3,20250900,592.6,20250600,596.3,20250900
2025-05-22 12:00:00,,20250900,587.1,20250600,,20250900
2025-05-22 13:00:00,,20250900,587.1,20250600,,20250900
2025-05-22 14:00:00,,20250900,587.1,20250600,,20250900
2025-05-22 15:00:00,,20250900,588.1,20250600,,20250900
2025-05-22 16:00:00,,20250900,588.1,20250600,,20250900
2025-05-22 17:00:00,,20250900,588.1,20250600,,20250900
2025-05-22 18:00:00,,20250900,588.1,20250600,,20250900
2025-05-22 19:00:00,,20250900,585.0,20250600,,20250900
2025-05-22 20:00:00,,20250900,585.0,20250600,,20250900
2025-05-22 23:00:00,592.3,20250900,588.6,20250600,592.3,20250900
2025-05-23 07:00:00,,20250900,589.9,20250600,,20250900
2025-05-23 08:00:00,,20250900,589.9,20250600,,20250900
2025-05-23 09:00:00,,20250900,589.1,20250600,,20250900
2025-05-23 10:00:00,,20250900,588.5,20250600,,20250900
2025-05-23 11:00:00,,20250900,579.8,20250600,,20250900
2025-05-23 12:00:00,,20250900,580.2,20250600,,20250900
2025-05-23 13:00:00,,20250900,579.1,20250600,,20250900
2025-05-23 14:00:00,,20250900,579.1,20250600,,20250900
2025-05-23 15:00:00,,20250900,584.9,20250600,,20250900
2025-05-23 16:00:00,,20250900,584.9,20250600,,20250900
2025-05-23 17:00:00,,20250900,584.9,20250600,,20250900
2025-05-23 18:00:00,,20250900,584.9,20250600,,20250900
2025-05-23 19:00:00,,20250900,584.9,20250600,,20250900
2025-05-23 20:00:00,,20250900,584.9,20250600,,20250900
2025-05-23 23:00:00,587.8,20250900,584.9,20250600,587.8,20250900
2025-05-26 07:00:00,,20250900,590.8,20250600,,20250900
2025-05-26 08:00:00,,20250900,590.8,20250600,,20250900
2025-05-26 09:00:00,,20250900,590.8,20250600,,20250900
2025-05-26 10:00:00,,20250900,590.8,20250600,,20250900
2025-05-26 11:00:00,,20250900,590.8,20250600,,20250900
2025-05-26 12:00:00,,20250900,590.8,20250600,,20250900
2025-05-26 13:00:00,,20250900,590.8,20250600,,20250900
2025-05-26 14:00:00,,20250900,590.5,20250600,,20250900
2025-05-26 15:00:00,,20250900,590.5,20250600,,20250900
2025-05-26 16:00:00,,20250900,590.5,20250600,,20250900
2025-05-26 17:00:00,,20250900,590.5,20250600,,20250900
2025-05-26 18:00:00,,20250900,590.5,20250600,,20250900
2025-05-26 19:00:00,,20250900,590.5,20250600,,20250900
2025-05-26 20:00:00,,20250900,590.5,20250600,,20250900
2025-05-26 23:00:00,595.2,20250900,591.6,20250600,595.2,20250900
2025-05-27 07:00:00,,20250900,591.6,20250600,,20250900
2025-05-27 08:00:00,,20250900,591.6,20250600,,20250900
2025-05-27 09:00:00,,20250900,591.6,20250600,,20250900
2025-05-27 10:00:00,,20250900,591.6,20250600,,20250900
2025-05-27 11:00:00,,20250900,591.6,20250600,,20250900
2025-05-27 12:00:00,,20250900,591.6,20250600,,20250900
2025-05-27 13:00:00,,20250900,591.6,20250600,,20250900
2025-05-27 14:00:00,,20250900,592.6,20250600,,20250900
2025-05-27 15:00:00,,20250900,592.3,20250600,,20250900
2025-05-27 16:00:00,,20250900,592.3,20250600,,20250900
2025-05-27 17:00:00,,20250900,592.3,20250600,,20250900
2025-05-27 18:00:00,,20250900,592.3,20250600,,20250900
2025-05-27 19:00:00,,20250900,592.3,20250600,,20250900
2025-05-27 20:00:00,,20250900,592.3,20250600,,20250900
2025-05-27 23:00:00,596.0,20250900,592.5,20250600,596.0,20250900
2025-05-28 08:00:00,,20250900,593.5,20250600,,20250900
2025-05-28 09:00:00,,20250900,592.3,20250600,,20250900
2025-05-28 10:00:00,,20250900,592.2,20250600,,20250900
2025-05-28 11:00:00,,20250900,592.4,20250600,,20250900
2025-05-28 12:00:00,,20250900,591.7,20250600,,20250900
2025-05-28 13:00:00,,20250900,592.0,20250600,,20250900
2025-05-28 14:00:00,,20250900,591.1,20250600,,20250900
2025-05-28 15:00:00,,20250900,591.1,20250600,,20250900
2025-05-28 16:00:00,,20250900,591.1,20250600,,20250900
2025-05-28 17:00:00,,20250900,591.1,20250600,,20250900
2025-05-28 18:00:00,,20250900,591.1,20250600,,20250900
2025-05-28 19:00:00,,20250900,591.1,20250600,,20250900
2025-05-28 20:00:00,,20250900,591.1,20250600,,20250900
2025-05-28 23:00:00,594.2,20250900,590.8,20250600,594.2,20250900
2025-05-29 08:00:00,,20250900,592.4,20250600,,20250900
2025-05-29 09:00:00,,20250900,592.4,20250600,,20250900
2025-05-29 10:00:00,,20250900,592.4,20250600,,20250900
2025-05-29 11:00:00,,20250900,592.4,20250600,,20250900
2025-05-29 12:00:00,,20250900,592.4,20250600,,20250900
2025-05-29 13:00:00,,20250900,592.1,20250600,,20250900
2025-05-29 14:00:00,,20250900,592.1,20250600,,20250900
2025-05-29 15:00:00,,20250900,592.2,20250600,,20250900
2025-05-29 16:00:00,,20250900,592.2,20250600,,20250900
2025-05-29 17:00:00,,20250900,592.2,20250600,,20250900
2025-05-29 18:00:00,,20250900,592.2,20250600,,20250900
2025-05-29 19:00:00,,20250900,592.2,20250600,,20250900
2025-05-29 20:00:00,,20250900,592.2,20250600,,20250900
2025-05-29 23:00:00,594.5,20250900,592.2,20250600,594.5,20250900
2025-05-30 13:00:00,,20250900,592.2,20250600,,20250900
2025-05-30 14:00:00,,20250900,591.8,20250600,,20250900
2025-05-30 15:00:00,,20250900,589.8,20250600,,20250900
2025-05-30 16:00:00,,20250900,589.5,20250600,,20250900
2025-05-30 17:00:00,,20250900,589.5,20250600,,20250900
2025-05-30 18:00:00,,20250900,589.5,20250600,,20250900
2025-05-30 19:00:00,,20250900,589.5,20250600,,20250900
2025-05-30 20:00:00,,20250900,589.5,20250600,,20250900
2025-05-30 23:00:00,593.9,20250900,590.4,20250600,593.9,20250900
2025-06-02 07:00:00,,20250900,587.8,20250600,,20250900
2025-06-02 08:00:00,,20250900,589.2,20250600,,20250900
2025-06-02 09:00:00,,20250900,589.2,20250600,,20250900
2025-06-02 10:00:00,,20250900,589.2,20250600,,20250900
2025-06-02 11:00:00,,20250900,588.1,20250600,,20250900
2025-06-02 12:00:00,,20250900,588.1,20250600,,20250900
2025-06-02 13:00:00,,20250900,587.2,20250600,,20250900
2025-06-02 14:00:00,,20250900,586.6,20250600,,20250900
2025-06-02 15:00:00,,20250900,590.3,20250600,,20250900
2025-06-02 16:00:00,,20250900,590.3,20250600,,20250900
2025-06-02 17:00:00,,20250900,590.3,20250600,,20250900
2025-06-02 18:00:00,,20250900,590.3,20250600,,20250900
2025-06-02 19:00:00,,20250900,590.3,20250600,,20250900
2025-06-02 20:00:00,,20250900,590.3,20250600,,20250900
2025-06-02 23:00:00,593.5,20250900,589.2,20250600,593.5,20250900
2025-06-03 08:00:00,,20250900,586.8,20250600,,20250900
2025-06-03 09:00:00,,20250900,586.8,20250600,,20250900
2025-06-03 10:00:00,,20250900,586.8,20250600,,20250900
2025-06-03 11:00:00,,20250900,586.8,20250600,,20250900
2025-06-03 12:00:00,,20250900,586.8,20250600,,20250900
2025-06-03 13:00:00,,20250900,586.8,20250600,,20250900
2025-06-03 14:00:00,,20250900,586.8,20250600,,20250900
2025-06-03 15:00:00,,20250900,587.6,20250600,,20250900
2025-06-03 16:00:00,,20250900,587.6,20250600,,20250900
2025-06-03 17:00:00,,20250900,587.6,20250600,,20250900
2025-06-03 18:00:00,,20250900,587.6,20250600,,20250900
2025-06-03 19:00:00,,20250900,587.6,20250600,,20250900
2025-06-03 20:00:00,,20250900,587.6,20250600,,20250900
2025-06-03 23:00:00,590.9,20250900,587.7,20250600,590.9,20250900
2025-06-04 11:00:00,,20250900,589.1,20250600,,20250900
2025-06-04 12:00:00,,20250900,589.3,20250600,,20250900
2025-06-04 13:00:00,,20250900,589.6,20250600,,20250900
2025-06-04 14:00:00,,20250900,589.7,20250600,,20250900
2025-06-04 15:00:00,,20250900,589.8,20250600,,20250900
2025-06-04 16:00:00,,20250900,589.8,20250600,,20250900
2025-06-04 17:00:00,,20250900,589.8,20250600,,20250900
2025-06-04 18:00:00,,20250900,589.8,20250600,,20250900
2025-06-04 19:00:00,,20250900,589.8,20250600,,20250900
2025-06-04 20:00:00,,20250900,589.8,20250600,,20250900
2025-06-04 23:00:00,592.0,20250900,589.0,20250600,592.0,20250900
2025-06-05 07:00:00,,20250900,590.4,20250600,,20250900
2025-06-05 08:00:00,,20250900,590.4,20250600,,20250900
2025-06-05 09:00:00,,20250900,590.4,20250600,,20250900
2025-06-05 10:00:00,,20250900,590.4,20250600,,20250900
2025-06-05 11:00:00,,20250900,590.4,20250600,,20250900
2025-06-05 12:00:00,,20250900,591.0,20250600,,20250900
2025-06-05 13:00:00,,20250900,587.7,20250600,,20250900
2025-06-05 14:00:00,,20250900,591.0,20250600,,20250900
2025-06-05 15:00:00,,20250900,591.8,20250600,,20250900
2025-06-05 16:00:00,,20250900,591.8,20250600,,20250900
2025-06-05 17:00:00,,20250900,591.8,20250600,,20250900
2025-06-05 18:00:00,,20250900,591.8,20250600,,20250900
2025-06-05 19:00:00,,20250900,591.8,20250600,,20250900
2025-06-05 20:00:00,,20250900,591.8,20250600,,20250900
2025-06-05 23:00:00,593.5,20250900,590.5,20250600,593.5,20250900
2025-06-06 10:00:00,,20250900,590.0,20250600,,20250900
2025-06-06 11:00:00,,20250900,590.0,20250600,,20250900
2025-06-06 12:00:00,,20250900,590.0,20250600,,20250900
2025-06-06 13:00:00,,20250900,590.0,20250600,,20250900
2025-06-06 14:00:00,,20250900,590.0,20250600,,20250900
2025-06-06 15:00:00,,20250900,590.5,20250600,,20250900
2025-06-06 16:00:00,,20250900,590.5,20250600,,20250900
2025-06-06 17:00:00,,20250900,590.5,20250600,,20250900
2025-06-06 18:00:00,,20250900,590.5,20250600,,20250900
2025-06-06 19:00:00,,20250900,590.5,20250600,,20250900
2025-06-06 20:00:00,,20250900,590.5,20250600,,20250900
2025-06-06 23:00:00,593.7,20250900,590.5,20250600,593.7,20250900
2025-06-09 07:00:00,,20250900,592.1,20250600,,20250900
2025-06-09 08:00:00,,20250900,592.2,20250600,,20250900
2025-06-09 09:00:00,,20250900,592.2,20250600,,20250900
2025-06-09 10:00:00,,20250900,592.2,20250600,,20250900
2025-06-09 11:00:00,,20250900,591.7,20250600,,20250900
2025-06-09 12:00:00,,20250900,591.7,20250600,,20250900
2025-06-09 13:00:00,,20250900,591.7,20250600,,20250900
2025-06-09 14:00:00,,20250900,591.7,20250600,,20250900
2025-06-09 15:00:00,,20250900,592.3,20250600,,20250900
2025-06-09 16:00:00,,20250900,592.3,20250600,,20250900
2025-06-09 17:00:00,,20250900,592.3,20250600,,20250900
2025-06-09 18:00:00,,20250900,592.3,20250600,,20250900
2025-06-09 19:00:00,,20250900,592.3,20250600,,20250900
2025-06-09 20:00:00,,20250900,592.3,20250600,,20250900
2025-06-09 23:00:00,592.1,20250900,591.7,20250600,592.1,20250900
2025-06-10 09:00:00,,20250900,591.7,20250600,,20250900
2025-06-10 10:00:00,,20250900,591.7,20250600,,20250900
2025-06-10 11:00:00,,20250900,592.4,20250600,,20250900
2025-06-10 12:00:00,,20250900,592.4,20250600,,20250900
2025-06-10 13:00:00,,20250900,592.8,20250600,,20250900
2025-06-10 14:00:00,,20250900,592.2,20250600,,20250900
2025-06-10 15:00:00,,20250900,592.0,20250600,,20250900
2025-06-10 16:00:00,,20250900,592.0,20250600,,20250900
2025-06-10 17:00:00,,20250900,592.0,20250600,,20250900
2025-06-10 18:00:00,,20250900,592.0,20250600,,20250900
2025-06-10 19:00:00,,20250900,592.0,20250600,,20250900
2025-06-10 20:00:00,,20250900,592.0,20250600,,20250900
2025-06-10 23:00:00,593.1,20250900,592.8,20250600,593.1,20250900
2025-06-11 07:00:00,,20250900,592.2,20250600,,20250900
2025-06-11 08:00:00,,20250900,592.2,20250600,,20250900
2025-06-11 09:00:00,,20250900,593.2,20250600,,20250900
2025-06-11 10:00:00,,20250900,593.2,20250600,,20250900
2025-06-11 11:00:00,,20250900,591.6,20250600,,20250900
2025-06-11 12:00:00,,20250900,592.8,20250600,,20250900
2025-06-11 13:00:00,,20250900,591.7,20250600,,20250900
2025-06-11 14:00:00,,20250900,591.7,20250600,,20250900
2025-06-11 15:00:00,,20250900,591.4,20250600,,20250900
2025-06-11 16:00:00,,20250900,591.0,20250600,,20250900
2025-06-11 17:00:00,,20250900,591.0,20250600,,20250900
2025-06-11 18:00:00,,20250900,591.0,20250600,,20250900
2025-06-11 19:00:00,,20250900,591.0,20250600,,20250900
2025-06-11 20:00:00,,20250900,591.0,20250600,,20250900
2025-06-11 23:00:00,592.4,20250900,593.2,20250600,592.4,20250900
2025-06-12 23:00:00,595.3,20251200,589.1,20250900,595.3,20251200
2025-06-13 07:00:00,,20251200,583.2,20250900,,20251200
2025-06-13 08:00:00,,20251200,583.2,20250900,,20251200
2025-06-13 09:00:00,,20251200,583.2,20250900,,20251200
2025-06-13 10:00:00,,20251200,583.2,20250900,,20251200
2025-06-13 11:00:00,,20251200,583.2,20250900,,20251200
2025-06-13 12:00:00,,20251200,583.2,20250900,,20251200
2025-06-13 13:00:00,,20251200,583.9,20250900,,20251200
2025-06-13 14:00:00,,20251200,583.9,20250900,,20251200
2025-06-13 15:00:00,,20251200,583.9,20250900,,20251200
2025-06-13 16:00:00,,20251200,583.9,20250900,,20251200
2025-06-13 17:00:00,,20251200,583.9,20250900,,20251200
2025-06-13 18:00:00,,20251200,583.9,20250900,,20251200
2025-06-13 19:00:00,,20251200,583.9,20250900,,20251200
2025-06-13 20:00:00,,20251200,583.9,20250900,,20251200
2025-06-13 23:00:00,590.1,20251200,584.3,20250900,590.1,20251200
2025-06-16 15:00:00,,20251200,588.2,20250900,,20251200
2025-06-16 16:00:00,,20251200,588.2,20250900,,20251200
2025-06-16 17:00:00,,20251200,588.2,20250900,,20251200
2025-06-16 18:00:00,,20251200,588.2,20250900,,20251200
2025-06-16 19:00:00,,20251200,588.2,20250900,,20251200
2025-06-16 20:00:00,,20251200,588.2,20250900,,20251200
2025-06-16 23:00:00,593.7,20251200,587.9,20250900,593.7,20251200
2025-06-17 15:00:00,,20251200,583.7,20250900,,20251200
2025-06-17 16:00:00,,20251200,583.7,20250900,,20251200
2025-06-17 17:00:00,,20251200,583.7,20250900,,20251200
2025-06-17 18:00:00,,20251200,583.7,20250900,,20251200
2025-06-17 19:00:00,,20251200,583.7,20250900,,20251200
2025-06-17 20:00:00,,20251200,583.7,20250900,,20251200
2025-06-17 23:00:00,589.7,20251200,583.7,20250900,589.7,20251200
2025-06-18 09:00:00,,20251200,583.2,20250900,,20251200
2025-06-18 10:00:00,,20251200,583.2,20250900,,20251200
2025-06-18 11:00:00,,20251200,583.2,20250900,,20251200
2025-06-18 12:00:00,,20251200,581.7,20250900,,20251200
2025-06-18 13:00:00,,20251200,581.6,20250900,,20251200
2025-06-18 14:00:00,,20251200,581.6,20250900,,20251200
2025-06-18 15:00:00,,20251200,583.0,20250900,,20251200
2025-06-18 16:00:00,,20251200,583.0,20250900,,20251200
2025-06-18 17:00:00,,20251200,583.0,20250900,,20251200
2025-06-18 18:00:00,,20251200,583.0,20250900,,20251200
2025-06-18 19:00:00,,20251200,583.0,20250900,,20251200
2025-06-18 20:00:00,,20251200,583.0,20250900,,20251200
2025-06-18 23:00:00,588.9,20251200,582.9,20250900,588.9,20251200
2025-06-19 11:00:00,,20251200,580.1,20250900,,20251200
2025-06-19 12:00:00,,20251200,580.1,20250900,,20251200
2025-06-19 13:00:00,,20251200,580.1,20250900,,20251200
2025-06-19 14:00:00,,20251200,580.1,20250900,,20251200
2025-06-19 15:00:00,,20251200,577.1,20250900,,20251200
2025-06-19 16:00:00,,20251200,577.1,20250900,,20251200
2025-06-19 17:00:00,,20251200,577.1,20250900,,20251200
2025-06-19 18:00:00,,20251200,577.1,20250900,,20251200
2025-06-19 19:00:00,,20251200,577.1,20250900,,20251200
2025-06-19 20:00:00,,20251200,577.1,20250900,,20251200
2025-06-19 23:00:00,584.1,20251200,577.7,20250900,584.1,20251200
2025-06-20 09:00:00,,20251200,582.5,20250900,,20251200
2025-06-20 10:00:00,,20251200,582.5,20250900,,20251200
2025-06-20 11:00:00,,20251200,582.5,20250900,,20251200
2025-06-20 12:00:00,,20251200,582.9,20250900,,20251200
2025-06-20 13:00:00,,20251200,582.9,20250900,,20251200
2025-06-20 14:00:00,,20251200,582.9,20250900,,20251200
2025-06-20 15:00:00,,20251200,580.4,20250900,,20251200
2025-06-20 16:00:00,,20251200,580.4,20250900,,20251200
2025-06-20 17:00:00,,20251200,580.4,20250900,,20251200
2025-06-20 18:00:00,,20251200,580.4,20250900,,20251200
2025-06-20 19:00:00,,20251200,580.4,20250900,,20251200
2025-06-20 20:00:00,,20251200,580.4,20250900,,20251200
2025-06-20 23:00:00,582.4,20251200,580.4,20250900,582.4,20251200
2025-06-23 07:00:00,,20251200,577.2,20250900,,20251200
2025-06-23 08:00:00,,20251200,577.2,20250900,,20251200
2025-06-23 09:00:00,,20251200,577.8,20250900,,20251200
2025-06-23 10:00:00,,20251200,576.6,20250900,,20251200
2025-06-23 11:00:00,,20251200,575.2,20250900,,20251200
2025-06-23 12:00:00,,20251200,575.2,20250900,,20251200
2025-06-23 13:00:00,,20251200,575.2,20250900,,20251200
2025-06-23 14:00:00,,20251200,577.5,20250900,,20251200
2025-06-23 15:00:00,,20251200,577.3,20250900,,20251200
2025-06-23 16:00:00,,20251200,577.3,20250900,,20251200
2025-06-23 17:00:00,,20251200,577.3,20250900,,20251200
2025-06-23 18:00:00,,20251200,577.3,20250900,,20251200
2025-06-23 19:00:00,,20251200,577.3,20250900,,20251200
2025-06-23 20:00:00,,20251200,577.3,20250900,,20251200
2025-06-23 23:00:00,580.9,20251200,577.8,20250900,580.9,20251200
2025-06-24 07:00:00,,20251200,585.0,20250900,,20251200
2025-06-24 08:00:00,,20251200,585.0,20250900,,20251200
2025-06-24 09:00:00,,20251200,585.0,20250900,,20251200
2025-06-24 10:00:00,,20251200,584.4,20250900,,20251200
2025-06-24 11:00:00,,20251200,584.4,20250900,,20251200
2025-06-24 12:00:00,,20251200,584.4,20250900,,20251200
2025-06-24 13:00:00,,20251200,583.8,20250900,,20251200
2025-06-24 14:00:00,,20251200,583.6,20250900,,20251200
2025-06-24 15:00:00,,20251200,583.8,20250900,,20251200
2025-06-24 16:00:00,,20251200,583.8,20250900,,20251200
2025-06-24 17:00:00,,20251200,583.8,20250900,,20251200
2025-06-24 18:00:00,,20251200,583.8,20250900,,20251200
2025-06-24 19:00:00,,20251200,583.8,20250900,,20251200
2025-06-24 20:00:00,,20251200,583.8,20250900,,20251200
2025-06-24 23:00:00,586.9,20251200,583.7,20250900,586.9,20251200
2025-06-25 13:00:00,,20251200,581.4,20250900,,20251200
2025-06-25 14:00:00,,20251200,581.0,20250900,,20251200
2025-06-25 15:00:00,,20251200,580.3,20250900,,20251200
2025-06-25 16:00:00,,20251200,580.3,20250900,,20251200
2025-06-25 17:00:00,,20251200,580.3,20250900,,20251200
2025-06-25 18:00:00,,20251200,580.3,20250900,,20251200
2025-06-25 19:00:00,,20251200,580.3,20250900,,20251200
2025-06-25 20:00:00,,20251200,580.3,20250900,,20251200
2025-06-25 23:00:00,584.3,20251200,581.1,20250900,584.3,20251200
2025-06-26 11:00:00,,20251200,584.1,20250900,,20251200
2025-06-26 12:00:00,,20251200,584.1,20250900,,20251200
2025-06-26 13:00:00,,20251200,583.5,20250900,,20251200
2025-06-26 14:00:00,,20251200,584.3,20250900,,20251200
2025-06-26 15:00:00,,20251200,585.3,20250900,,20251200
2025-06-26 16:00:00,,20251200,585.3,20250900,,20251200
2025-06-26 17:00:00,,20251200,585.3,20250900,,20251200
2025-06-26 18:00:00,,20251200,585.3,20250900,,20251200
2025-06-26 19:00:00,,20251200,585.3,20250900,,20251200
2025-06-26 20:00:00,,20251200,585.3,20250900,,20251200
2025-06-26 23:00:00,588.4,20251200,585.3,20250900,588.4,20251200
2025-06-27 09:00:00,,20251200,588.1,20250900,,20251200
2025-06-27 10:00:00,,20251200,587.7,20250900,,20251200
2025-06-27 11:00:00,,20251200,587.7,20250900,,20251200
2025-06-27 12:00:00,,20251200,587.7,20250900,,20251200
2025-06-27 13:00:00,,20251200,586.7,20250900,,20251200
2025-06-27 14:00:00,,20251200,587.3,20250900,,20251200
2025-06-27 15:00:00,,20251200,587.3,20250900,,20251200
2025-06-27 16:00:00,,20251200,587.3,20250900,,20251200
2025-06-27 17:00:00,,20251200,587.3,20250900,,20251200
2025-06-27 18:00:00,,20251200,587.3,20250900,,20251200
2025-06-27 19:00:00,,20251200,587.3,20250900,,20251200
2025-06-27 20:00:00,,20251200,587.3,20250900,,20251200
2025-06-27 23:00:00,593.0,20251200,589.8,20250900,593.0,20251200
2025-06-30 06:00:00,,20251200,587.8,20250900,,20251200
2025-06-30 07:00:00,,20251200,590.1,20250900,,20251200
2025-06-30 08:00:00,,20251200,589.6,20250900,,20251200
2025-06-30 09:00:00,,20251200,588.6,20250900,,20251200
2025-06-30 10:00:00,,20251200,588.6,20250900,,20251200
2025-06-30 11:00:00,,20251200,588.6,20250900,,20251200
2025-06-30 12:00:00,,20251200,588.6,20250900,,20251200
2025-06-30 13:00:00,,20251200,587.8,20250900,,20251200
2025-06-30 14:00:00,,20251200,587.8,20250900,,20251200
2025-06-30 15:00:00,,20251200,587.5,20250900,,20251200
2025-06-30 16:00:00,,20251200,587.5,20250900,,20251200
2025-06-30 17:00:00,,20251200,587.5,20250900,,20251200
2025-06-30 18:00:00,,20251200,587.5,20250900,,20251200
2025-06-30 19:00:00,,20251200,587.5,20250900,,20251200
2025-06-30 20:00:00,,20251200,587.5,20250900,,20251200
2025-06-30 23:00:00,590.8,20251200,587.7,20250900,590.8,20251200
2025-07-01 07:00:00,,20251200,589.1,20250900,,20251200
2025-07-01 08:00:00,,20251200,586.9,20250900,,20251200
2025-07-01 09:00:00,,20251200,586.1,20250900,,20251200
2025-07-01 10:00:00,,20251200,586.1,20250900,,20251200
2025-07-01 11:00:00,,20251200,585.1,20250900,,20251200
2025-07-01 12:00:00,,20251200,583.8,20250900,,20251200
2025-07-01 13:00:00,,20251200,583.8,20250900,,20251200
2025-07-01 14:00:00,,20251200,583.8,20250900,,20251200
2025-07-01 15:00:00,,20251200,586.0,20250900,,20251200
2025-07-01 16:00:00,,20251200,586.0,20250900,,20251200
2025-07-01 17:00:00,,20251200,586.0,20250900,,20251200
2025-07-01 18:00:00,,20251200,586.0,20250900,,20251200
2025-07-01 19:00:00,,20251200,586.0,20250900,,20251200
2025-07-01 20:00:00,,20251200,586.0,20250900,,20251200
2025-07-01 23:00:00,589.3,20251200,586.1,20250900,589.3,20251200
2025-07-02 11:00:00,,20251200,586.7,20250900,,20251200
2025-07-02 12:00:00,,20251200,586.7,20250900,,20251200
2025-07-02 13:00:00,,20251200,586.7,20250900,,20251200
2025-07-02 14:00:00,,20251200,586.7,20250900,,20251200
2025-07-02 15:00:00,,20251200,585.0,20250900,,20251200
2025-07-02 16:00:00,,20251200,585.0,20250900,,20251200
2025-07-02 17:00:00,,20251200,585.0,20250900,,20251200
2025-07-02 18:00:00,,20251200,585.0,20250900,,20251200
2025-07-02 19:00:00,,20251200,585.0,20250900,,20251200
2025-07-02 20:00:00,,20251200,585.0,20250900,,20251200
2025-07-02 23:00:00,587.8,20251200,584.7,20250900,587.8,20251200
2025-07-03 14:00:00,,20251200,589.0,20250900,,20251200
2025-07-03 15:00:00,,20251200,588.8,20250900,,20251200
2025-07-03 16:00:00,,20251200,588.8,20250900,,20251200
2025-07-03 17:00:00,,20251200,588.8,20250900,,20251200
2025-07-03 18:00:00,,20251200,588.8,20250900,,20251200
2025-07-03 19:00:00,,20251200,588.8,20250900,,20251200
2025-07-03 20:00:00,,20251200,588.8,20250900,,20251200
2025-07-03 23:00:00,591.8,20251200,588.8,20250900,591.8,20251200
2025-07-04 08:00:00,,20251200,583.6,20250900,,20251200
2025-07-04 09:00:00,,20251200,583.6,20250900,,20251200
2025-07-04 10:00:00,,20251200,583.6,20250900,,20251200
2025-07-04 11:00:00,,20251200,583.6,20250900,,20251200
2025-07-04 12:00:00,,20251200,583.6,20250900,,20251200
2025-07-04 13:00:00,,20251200,583.6,20250900,,20251200
2025-07-04 14:00:00,,20251200,583.6,20250900,,20251200
2025-07-04 15:00:00,,20251200,585.6,20250900,,20251200
2025-07-04 16:00:00,,20251200,585.6,20250900,,20251200
2025-07-04 17:00:00,,20251200,585.6,20250900,,20251200
2025-07-04 18:00:00,,20251200,585.6,20250900,,20251200
2025-07-04 19:00:00,,20251200,585.6,20250900,,20251200
2025-07-04 20:00:00,,20251200,585.6,20250900,,20251200
2025-07-04 23:00:00,588.8,20251200,583.6,20250900,588.8,20251200
2025-07-07 12:00:00,,20251200,587.1,20250900,,20251200
2025-07-07 13:00:00,,20251200,587.1,20250900,,20251200
2025-07-07 14:00:00,,20251200,587.1,20250900,,20251200
2025-07-07 15:00:00,,20251200,587.5,20250900,,20251200
2025-07-07 16:00:00,,20251200,587.5,20250900,,20251200
2025-07-07 17:00:00,,20251200,587.5,20250900,,20251200
2025-07-07 18:00:00,,20251200,587.5,20250900,,20251200
2025-07-07 19:00:00,,20251200,587.5,20250900,,20251200
2025-07-07 20:00:00,,20251200,587.5,20250900,,20251200
2025-07-07 23:00:00,590.7,20251200,587.5,20250900,590.7,20251200
2025-07-08 15:00:00,,20251200,588.1,20250900,,20251200
2025-07-08 16:00:00,,20251200,588.1,20250900,,20251200
2025-07-08 17:00:00,,20251200,588.1,20250900,,20251200
2025-07-08 18:00:00,,20251200,588.1,20250900,,20251200
2025-07-08 19:00:00,,20251200,588.1,20250900,,20251200
2025-07-08 20:00:00,,20251200,588.1,20250900,,20251200
2025-07-08 23:00:00,591.2,20251200,588.1,20250900,591.2,20251200
2025-07-09 07:00:00,,20251200,587.7,20250900,,20251200
2025-07-09 08:00:00,,20251200,587.7,20250900,,20251200
2025-07-09 09:00:00,,20251200,587.7,20250900,,20251200
2025-07-09 10:00:00,,20251200,587.7,20250900,,20251200
2025-07-09 11:00:00,,20251200,587.7,20250900,,20251200
2025-07-09 12:00:00,,20251200,590.0,20250900,,20251200
2025-07-09 13:00:00,,20251200,591.2,20250900,,20251200
2025-07-09 14:00:00,,20251200,590.8,20250900,,20251200
2025-07-09 15:00:00,,20251200,590.6,20250900,,20251200
2025-07-09 16:00:00,,20251200,590.6,20250900,,20251200
2025-07-09 17:00:00,,20251200,590.6,20250900,,20251200
2025-07-09 18:00:00,,20251200,590.6,20250900,,20251200
2025-07-09 19:00:00,,20251200,590.6,20250900,,20251200
2025-07-09 20:00:00,,20251200,590.6,20250900,,20251200
2025-07-09 23:00:00,593.7,20251200,590.6,20250900,593.7,20251200
2025-07-10 07:00:00,,20251200,592.0,20250900,,20251200
2025-07-10 08:00:00,,20251200,592.0,20250900,,20251200
2025-07-10 09:00:00,,20251200,592.0,20250900,,20251200
2025-07-10 10:00:00,,20251200,592.0,20250900,,20251200
2025-07-10 11:00:00,,20251200,592.0,20250900,,20251200
2025-07-10 12:00:00,,20251200,592.0,20250900,,20251200
2025-07-10 13:00:00,,20251200,592.0,20250900,,20251200
2025-07-10 14:00:00,,20251200,592.5,20250900,,20251200
2025-07-10 15:00:00,,20251200,593.5,20250900,,20251200
2025-07-10 16:00:00,,20251200,593.5,20250900,,20251200
2025-07-10 17:00:00,,20251200,593.5,20250900,,20251200
2025-07-10 18:00:00,,20251200,593.5,20250900,,20251200
2025-07-10 19:00:00,,20251200,593.5,20250900,,20251200
2025-07-10 20:00:00,,20251200,593.5,20250900,,20251200
2025-07-10 23:00:00,596.2,20251200,593.0,20250900,596.2,20251200
2025-07-11 08:00:00,,20251200,590.4,20250900,,20251200
2025-07-11 09:00:00,,20251200,590.4,20250900,,20251200
2025-07-11 10:00:00,,20251200,590.4,20250900,,20251200
2025-07-11 11:00:00,,20251200,589.0,20250900,,20251200
2025-07-11 12:00:00,,20251200,588.7,20250900,,20251200
2025-07-11 13:00:00,,20251200,588.7,20250900,,20251200
2025-07-11 14:00:00,,20251200,588.7,20250900,,20251200
2025-07-11 15:00:00,,20251200,588.4,20250900,,20251200
2025-07-11 16:00:00,,20251200,588.4,20250900,,20251200
2025-07-11 17:00:00,,20251200,588.4,20250900,,20251200
2025-07-11 18:00:00,,20251200,588.4,20250900,,20251200
2025-07-11 19:00:00,,20251200,588.4,20250900,,20251200
2025-07-11 20:00:00,,20251200,588.4,20250900,,20251200
2025-07-11 23:00:00,591.5,20251200,590.4,20250900,591.5,20251200
2025-07-14 06:00:00,,20251200,581.5,20250900,,20251200
2025-07-14 07:00:00,,20251200,585.0,20250900,,20251200
2025-07-14 08:00:00,,20251200,585.0,20250900,,20251200
2025-07-14 09:00:00,,20251200,585.0,20250900,,20251200
2025-07-14 10:00:00,,20251200,585.0,20250900,,20251200
2025-07-14 11:00:00,,20251200,585.0,20250900,,20251200
2025-07-14 12:00:00,,20251200,586.4,20250900,,20251200
2025-07-14 13:00:00,,20251200,587.1,20250900,,20251200
2025-07-14 14:00:00,,20251200,587.1,20250900,,20251200
2025-07-14 15:00:00,,20251200,587.0,20250900,,20251200
2025-07-14 16:00:00,,20251200,587.0,20250900,,20251200
2025-07-14 17:00:00,,20251200,587.0,20250900,,20251200
2025-07-14 18:00:00,,20251200,587.0,20250900,,20251200
2025-07-14 19:00:00,,20251200,587.0,20250900,,20251200
2025-07-14 20:00:00,,20251200,587.0,20250900,,20251200
2025-07-14 23:00:00,590.6,20251200,585.0,20250900,590.6,20251200
2025-07-15 13:00:00,,20251200,588.3,20250900,,20251200
2025-07-15 14:00:00,,20251200,588.3,20250900,,20251200
2025-07-15 15:00:00,,20251200,586.8,20250900,,20251200
2025-07-15 16:00:00,,20251200,586.8,20250900,,20251200
2025-07-15 17:00:00,,20251200,586.8,20250900,,20251200
2025-07-15 18:00:00,,20251200,586.8,20250900,,20251200
2025-07-15 19:00:00,,20251200,586.8,20250900,,20251200
2025-07-15 20:00:00,,20251200,586.8,20250900,,20251200
2025-07-15 23:00:00,589.7,20251200,586.8,20250900,589.7,20251200
2025-07-16 15:00:00,,20251200,583.1,20250900,,20251200
2025-07-16 16:00:00,,20251200,583.1,20250900,,20251200
2025-07-16 17:00:00,,20251200,583.1,20250900,,20251200
2025-07-16 18:00:00,,20251200,583.1,20250900,,20251200
2025-07-16 19:00:00,,20251200,583.1,20250900,,20251200
2025-07-16 20:00:00,,20251200,583.1,20250900,,20251200
2025-07-16 23:00:00,586.4,20251200,583.2,20250900,586.4,20251200
2025-07-17 12:00:00,,20251200,587.0,20250900,,20251200
2025-07-17 13:00:00,,20251200,588.3,20250900,,20251200
2025-07-17 14:00:00,,20251200,588.2,20250900,,20251200
2025-07-17 15:00:00,,20251200,588.1,20250900,,20251200
2025-07-17 16:00:00,,20251200,588.1,20250900,,20251200
2025-07-17 17:00:00,,20251200,588.1,20250900,,20251200
2025-07-17 18:00:00,,20251200,588.1,20250900,,20251200
2025-07-17 19:00:00,,20251200,588.1,20250900,,20251200
2025-07-17 20:00:00,,20251200,588.1,20250900,,20251200
2025-07-17 23:00:00,591.6,20251200,588.4,20250900,591.6,20251200
2025-07-18 07:00:00,,20251200,592.1,20250900,,20251200
2025-07-18 08:00:00,,20251200,592.1,20250900,,20251200
2025-07-18 09:00:00,,20251200,592.7,20250900,,20251200
2025-07-18 10:00:00,,20251200,592.7,20250900,,20251200
2025-07-18 11:00:00,,20251200,592.7,20250900,,20251200
2025-07-18 12:00:00,,20251200,592.7,20250900,,20251200
2025-07-18 13:00:00,,20251200,592.7,20250900,,20251200
2025-07-18 14:00:00,,20251200,592.7,20250900,,20251200
2025-07-18 15:00:00,,20251200,591.8,20250900,,20251200
2025-07-18 16:00:00,,20251200,591.8,20250900,,20251200
2025-07-18 17:00:00,,20251200,591.8,20250900,,20251200
2025-07-18 18:00:00,,20251200,591.8,20250900,,20251200
2025-07-18 19:00:00,,20251200,591.8,20250900,,20251200
2025-07-18 20:00:00,,20251200,591.8,20250900,,20251200
2025-07-18 23:00:00,595.0,20251200,591.8,20250900,595.0,20251200
2025-07-21 10:00:00,,20251200,593.0,20250900,,20251200
2025-07-21 11:00:00,,20251200,593.0,20250900,,20251200
2025-07-21 12:00:00,,20251200,593.0,20250900,,20251200
2025-07-21 13:00:00,,20251200,591.7,20250900,,20251200
2025-07-21 14:00:00,,20251200,591.7,20250900,,20251200
2025-07-21 15:00:00,,20251200,593.1,20250900,,20251200
2025-07-21 16:00:00,,20251200,593.1,20250900,,20251200
2025-07-21 17:00:00,,20251200,593.1,20250900,,20251200
2025-07-21 18:00:00,,20251200,593.1,20250900,,20251200
2025-07-21 19:00:00,,20251200,593.1,20250900,,20251200
2025-07-21 20:00:00,,20251200,593.1,20250900,,20251200
2025-07-21 23:00:00,596.1,20251200,592.9,20250900,596.1,20251200
2025-07-22 07:00:00,,20251200,591.6,20250900,,20251200
2025-07-22 08:00:00,,20251200,591.6,20250900,,20251200
2025-07-22 09:00:00,,20251200,591.6,20250900,,20251200
2025-07-22 10:00:00,,20251200,591.6,20250900,,20251200
2025-07-22 11:00:00,,20251200,591.6,20250900,,20251200
2025-07-22 12:00:00,,20251200,591.6,20250900,,20251200
2025-07-22 13:00:00,,20251200,591.9,20250900,,20251200
2025-07-22 14:00:00,,20251200,591.0,20250900,,20251200
2025-07-22 15:00:00,,20251200,591.4,20250900,,20251200
2025-07-22 16:00:00,,20251200,591.4,20250900,,20251200
2025-07-22 17:00:00,,20251200,591.4,20250900,,20251200
2025-07-22 18:00:00,,20251200,591.4,20250900,,20251200
2025-07-22 19:00:00,,20251200,591.4,20250900,,20251200
2025-07-22 20:00:00,,20251200,591.4,20250900,,20251200
2025-07-22 23:00:00,594.6,20251200,591.4,20250900,594.6,20251200
2025-07-23 12:00:00,,20251200,596.4,20250900,,20251200
2025-07-23 13:00:00,,20251200,596.4,20250900,,20251200
2025-07-23 14:00:00,,20251200,596.0,20250900,,20251200
2025-07-23 15:00:00,,20251200,598.5,20250900,,20251200
2025-07-23 16:00:00,,20251200,598.5,20250900,,20251200
2025-07-23 17:00:00,,20251200,598.5,20250900,,20251200
2025-07-23 18:00:00,,20251200,598.5,20250900,,20251200
2025-07-23 19:00:00,,20251200,598.5,20250900,,20251200
2025-07-23 20:00:00,,20251200,598.5,20250900,,20251200
2025-07-23 23:00:00,599.7,20251200,596.3,20250900,599.7,20251200
2025-07-24 07:00:00,,20251200,599.8,20250900,,20251200
2025-07-24 08:00:00,,20251200,599.8,20250900,,20251200
2025-07-24 09:00:00,,20251200,599.8,20250900,,20251200
2025-07-24 10:00:00,,20251200,600.2,20250900,,20251200
2025-07-24 11:00:00,,20251200,600.2,20250900,,20251200
2025-07-24 12:00:00,,20251200,600.2,20250900,,20251200
2025-07-24 13:00:00,,20251200,599.7,20250900,,20251200
2025-07-24 14:00:00,,20251200,599.7,20250900,,20251200
2025-07-24 15:00:00,,20251200,598.4,20250900,,20251200
2025-07-24 16:00:00,,20251200,598.4,20250900,,20251200
2025-07-24 17:00:00,,20251200,598.4,20250900,,20251200
2025-07-24 18:00:00,,20251200,598.4,20250900,,20251200
2025-07-24 19:00:00,,20251200,598.4,20250900,,20251200
2025-07-24 20:00:00,,20251200,598.4,20250900,,20251200
2025-07-24 23:00:00,602.6,20251200,599.2,20250900,602.6,20251200
2025-07-25 07:00:00,,20251200,597.7,20250900,,20251200
2025-07-25 14:00:00,,20251200,597.9,20250900,,20251200
2025-07-25 15:00:00,,20251200,597.9,20250900,,20251200
2025-07-25 16:00:00,,20251200,597.9,20250900,,20251200
2025-07-25 17:00:00,,20251200,597.9,20250900,,20251200
2025-07-25 18:00:00,,20251200,597.9,20250900,,20251200
2025-07-25 19:00:00,,20251200,597.9,20250900,,20251200
2025-07-25 20:00:00,,20251200,597.9,20250900,,20251200
2025-07-25 23:00:00,602.0,20251200,597.9,20250900,602.0,20251200
2025-07-28 06:00:00,,20251200,601.9,20250900,,20251200
2025-07-28 07:00:00,,20251200,600.9,20250900,,20251200
2025-07-28 09:00:00,,20251200,600.3,20250900,,20251200
2025-07-28 10:00:00,,20251200,599.8,20250900,,20251200
2025-07-28 11:00:00,,20251200,598.9,20250900,,20251200
2025-07-28 12:00:00,,20251200,597.7,20250900,,20251200
2025-07-28 13:00:00,,20251200,596.6,20250900,,20251200
2025-07-28 15:00:00,,20251200,595.0,20250900,,20251200
2025-07-28 16:00:00,,20251200,595.0,20250900,,20251200
2025-07-28 17:00:00,,20251200,595.0,20250900,,20251200
2025-07-28 18:00:00,,20251200,595.0,20250900,,20251200
2025-07-28 19:00:00,,20251200,595.0,20250900,,20251200
2025-07-28 20:00:00,,20251200,595.0,20250900,,20251200
2025-07-28 23:00:00,598.6,20251200,595.0,20250900,598.6,20251200
2025-07-29 10:00:00,,20251200,597.8,20250900,,20251200
2025-07-29 11:00:00,,20251200,597.8,20250900,,20251200
2025-07-29 12:00:00,,20251200,597.8,20250900,,20251200
2025-07-29 13:00:00,,20251200,597.8,20250900,,20251200
2025-07-29 14:00:00,,20251200,597.8,20250900,,20251200
2025-07-29 15:00:00,,20251200,596.2,20250900,,20251200
2025-07-29 16:00:00,,20251200,596.2,20250900,,20251200
2025-07-29 17:00:00,,20251200,591.5,20250900,,20251200
2025-07-29 18:00:00,,20251200,591.5,20250900,,20251200
2025-07-29 19:00:00,,20251200,591.5,20250900,,20251200
2025-07-29 20:00:00,,20251200,591.5,20250900,,20251200
2025-07-29 23:00:00,599.5,20251200,596.1,20250900,599.5,20251200
2025-07-30 07:00:00,,20251200,594.9,20250900,,20251200
2025-07-30 08:00:00,,20251200,594.9,20250900,,20251200
2025-07-30 09:00:00,,20251200,594.9,20250900,,20251200
2025-07-30 10:00:00,,20251200,594.9,20250900,,20251200
2025-07-30 11:00:00,,20251200,594.9,20250900,,20251200
2025-07-30 12:00:00,,20251200,594.9,20250900,,20251200
2025-07-30 13:00:00,,20251200,594.9,20250900,,20251200
2025-07-30 14:00:00,,20251200,594.9,20250900,,20251200
2025-07-30 15:00:00,,20251200,596.1,20250900,,20251200
2025-07-30 16:00:00,,20251200,596.1,20250900,,20251200
2025-07-30 17:00:00,,20251200,596.1,20250900,,20251200
2025-07-30 18:00:00,,20251200,596.1,20250900,,20251200
2025-07-30 19:00:00,,20251200,596.1,20250900,,20251200
2025-07-30 20:00:00,,20251200,596.1,20250900,,20251200
2025-07-30 23:00:00,599.0,20251200,595.7,20250900,599.0,20251200
2025-07-31 07:00:00,,20251200,597.2,20250900,,20251200
2025-07-31 08:00:00,,20251200,596.3,20250900,,20251200
2025-07-31 09:00:00,,20251200,596.3,20250900,,20251200
2025-07-31 10:00:00,,20251200,596.3,20250900,,20251200
2025-07-31 11:00:00,,20251200,596.3,20250900,,20251200
2025-07-31 12:00:00,,20251200,596.3,20250900,,20251200
2025-07-31 13:00:00,,20251200,594.0,20250900,,20251200
2025-07-31 14:00:00,,20251200,594.0,20250900,,20251200
2025-07-31 15:00:00,,20251200,593.6,20250900,,20251200
2025-07-31 16:00:00,,20251200,593.6,20250900,,20251200
2025-07-31 17:00:00,,20251200,593.6,20250900,,20251200
2025-07-31 18:00:00,,20251200,593.6,20250900,,20251200
2025-07-31 19:00:00,,20251200,593.6,20250900,,20251200
2025-07-31 20:00:00,,20251200,593.6,20250900,,20251200
2025-07-31 23:00:00,597.0,20251200,593.7,20250900,597.0,20251200
2025-08-01 09:00:00,,20251200,585.2,20250900,,20251200
2025-08-01 10:00:00,,20251200,585.1,20250900,,20251200
2025-08-01 11:00:00,,20251200,585.1,20250900,,20251200
2025-08-01 12:00:00,,20251200,585.4,20250900,,20251200
2025-08-01 13:00:00,,20251200,580.8,20250900,,20251200
2025-08-01 14:00:00,,20251200,581.4,20250900,,20251200
2025-08-01 15:00:00,,20251200,581.4,20250900,,20251200
2025-08-01 16:00:00,,20251200,581.4,20250900,,20251200
2025-08-01 17:00:00,,20251200,581.4,20250900,,20251200
2025-08-01 18:00:00,,20251200,581.4,20250900,,20251200
2025-08-01 19:00:00,,20251200,581.4,20250900,,20251200
2025-08-01 20:00:00,,20251200,581.4,20250900,,20251200
2025-08-01 23:00:00,584.6,20251200,581.4,20250900,584.6,20251200
2025-08-04 07:00:00,,20251200,585.6,20250900,,20251200
2025-08-04 11:00:00,,20251200,586.3,20250900,,20251200
2025-08-04 14:00:00,,20251200,587.5,20250900,,20251200
2025-08-04 15:00:00,,20251200,587.5,20250900,,20251200
2025-08-04 16:00:00,,20251200,587.5,20250900,,20251200
2025-08-04 17:00:00,,20251200,587.5,20250900,,20251200
2025-08-04 18:00:00,,20251200,587.5,20250900,,20251200
2025-08-04 19:00:00,,20251200,587.5,20250900,,20251200
2025-08-04 20:00:00,,20251200,587.5,20250900,,20251200
2025-08-04 23:00:00,590.6,20251200,587.3,20250900,590.6,20251200
2025-08-05 08:00:00,,20251200,588.9,20250900,,20251200
2025-08-05 09:00:00,,20251200,588.9,20250900,,20251200
2025-08-05 10:00:00,,20251200,590.0,20250900,,20251200
2025-08-05 11:00:00,,20251200,589.8,20250900,,20251200
2025-08-05 12:00:00,,20251200,590.6,20250900,,20251200
2025-08-05 13:00:00,,20251200,590.1,20250900,,20251200
2025-08-05 14:00:00,,20251200,588.4,20250900,,20251200
2025-08-05 15:00:00,,20251200,588.8,20250900,,20251200
2025-08-05 16:00:00,,20251200,588.8,20250900,,20251200
2025-08-05 17:00:00,,20251200,588.8,20250900,,20251200
2025-08-05 18:00:00,,20251200,588.8,20250900,,20251200
2025-08-05 19:00:00,,20251200,588.8,20250900,,20251200
2025-08-05 20:00:00,,20251200,588.8,20250900,,20251200
2025-08-05 23:00:00,592.2,20251200,588.9,20250900,592.2,20251200
2025-08-06 07:00:00,,20251200,591.6,20250900,,20251200
2025-08-06 09:00:00,,20251200,589.6,20250900,,20251200
2025-08-06 10:00:00,,20251200,590.1,20250900,,20251200
2025-08-06 11:00:00,,20251200,589.1,20250900,,20251200
2025-08-06 15:00:00,,20251200,590.2,20250900,,20251200
2025-08-06 23:00:00,593.1,20251200,589.7,20250900,593.1,20251200
2025-08-07 07:00:00,,20251200,591.3,20250900,,20251200
2025-08-07 08:00:00,,20251200,591.5,20250900,,20251200
2025-08-07 10:00:00,,20251200,593.9,20250900,,20251200
2025-08-07 13:00:00,,20251200,595.2,20250900,,20251200
2025-08-07 14:00:00,,20251200,594.6,20250900,,20251200
2025-08-07 15:00:00,,20251200,595.7,20250900,,20251200
2025-08-07 16:00:00,,20251200,595.7,20250900,,20251200
2025-08-07 17:00:00,,20251200,595.7,20250900,,20251200
2025-08-07 18:00:00,,20251200,595.7,20250900,,20251200
2025-08-07 19:00:00,,20251200,595.7,20250900,,20251200
2025-08-07 20:00:00,,20251200,595.7,20250900,,20251200
2025-08-07 23:00:00,598.8,20251200,595.2,20250900,598.8,20251200
2025-08-08 07:00:00,,20251200,596.1,20250900,,20251200
2025-08-08 08:00:00,,20251200,596.1,20250900,,20251200
2025-08-08 09:00:00,,20251200,597.1,20250900,,20251200
2025-08-08 10:00:00,,20251200,597.1,20250900,,20251200
2025-08-08 11:00:00,,20251200,596.4,20250900,,20251200
2025-08-08 12:00:00,,20251200,595.7,20250900,,20251200
2025-08-08 13:00:00,,20251200,595.7,20250900,,20251200
2025-08-08 14:00:00,,20251200,595.7,20250900,,20251200
2025-08-08 15:00:00,,20251200,596.1,20250900,,20251200
2025-08-08 16:00:00,,20251200,596.1,20250900,,20251200
2025-08-08 17:00:00,,20251200,596.1,20250900,,20251200
2025-08-08 18:00:00,,20251200,596.1,20250900,,20251200
2025-08-08 19:00:00,,20251200,596.1,20250900,,20251200
2025-08-08 20:00:00,,20251200,596.1,20250900,,20251200
2025-08-08 23:00:00,600.1,20251200,596.1,20250900,600.1,20251200
2025-08-11 07:00:00,,20251200,595.9,20250900,,20251200
2025-08-11 08:00:00,,20251200,595.9,20250900,,20251200
2025-08-11 09:00:00,,20251200,595.9,20250900,,20251200
2025-08-11 10:00:00,,20251200,595.9,20250900,,20251200
2025-08-11 11:00:00,,20251200,595.9,20250900,,20251200
2025-08-11 12:00:00,,20251200,595.9,20250900,,20251200
2025-08-11 13:00:00,,20251200,595.9,20250900,,20251200
2025-08-11 14:00:00,,20251200,595.9,20250900,,20251200
2025-08-11 15:00:00,,20251200,594.7,20250900,,20251200
2025-08-11 16:00:00,,20251200,594.7,20250900,,20251200
2025-08-11 17:00:00,,20251200,594.7,20250900,,20251200
2025-08-11 18:00:00,,20251200,594.7,20250900,,20251200
2025-08-11 19:00:00,,20251200,594.7,20250900,,20251200
2025-08-11 20:00:00,,20251200,594.7,20250900,,20251200
2025-08-11 23:00:00,597.8,20251200,594.2,20250900,597.8,20251200
2025-08-12 15:00:00,,20251200,597.0,20250900,,20251200
2025-08-12 23:00:00,600.5,20251200,596.8,20250900,600.5,20251200
2025-08-13 12:00:00,,20251200,596.9,20250900,,20251200
2025-08-13 13:00:00,,20251200,596.1,20250900,,20251200
2025-08-13 14:00:00,,20251200,595.7,20250900,,20251200
2025-08-13 15:00:00,,20251200,596.9,20250900,,20251200
2025-08-13 23:00:00,600.4,20251200,596.7,20250900,600.4,20251200
2025-08-14 12:00:00,,20251200,598.4,20250900,,20251200
2025-08-14 15:00:00,,20251200,598.6,20250900,,20251200
2025-08-14 23:00:00,602.6,20251200,598.9,20250900,602.6,20251200
2025-08-15 12:00:00,,20251200,599.6,20250900,,20251200
2025-08-15 13:00:00,,20251200,599.6,20250900,,20251200
2025-08-15 14:00:00,,20251200,599.6,20250900,,20251200
2025-08-15 15:00:00,,20251200,599.1,20250900,,20251200
2025-08-15 16:00:00,,20251200,599.1,20250900,,20251200
2025-08-15 17:00:00,,20251200,599.1,20250900,,20251200
2025-08-15 18:00:00,,20251200,599.1,20250900,,20251200
2025-08-15 19:00:00,,20251200,599.1,20250900,,20251200
2025-08-15 20:00:00,,20251200,599.1,20250900,,20251200
2025-08-15 23:00:00,602.7,20251200,599.1,20250900,602.7,20251200
2025-08-18 07:00:00,,20251200,599.4,20250900,,20251200
2025-08-18 08:00:00,,20251200,599.4,20250900,,20251200
2025-08-18 09:00:00,,20251200,599.4,20250900,,20251200
2025-08-18 10:00:00,,20251200,597.8,20250900,,20251200
2025-08-18 11:00:00,,20251200,597.8,20250900,,20251200
2025-08-18 12:00:00,,20251200,598.1,20250900,,20251200
2025-08-18 13:00:00,,20251200,598.1,20250900,,20251200
2025-08-18 14:00:00,,20251200,598.1,20250900,,20251200
2025-08-18 15:00:00,,20251200,598.9,20250900,,20251200
2025-08-18 23:00:00,602.1,20251200,597.8,20250900,602.1,20251200
2025-08-19 07:00:00,,20251200,599.5,20250900,,20251200
2025-08-19 11:00:00,,20251200,601.4,20250900,,20251200
2025-08-19 13:00:00,,20251200,601.8,20250900,,20251200
2025-08-19 14:00:00,,20251200,602.2,20250900,,20251200
2025-08-19 15:00:00,,20251200,602.2,20250900,,20251200
2025-08-19 16:00:00,,20251200,602.2,20250900,,20251200
2025-08-19 17:00:00,,20251200,602.2,20250900,,20251200
2025-08-19 18:00:00,,20251200,602.2,20250900,,20251200
2025-08-19 19:00:00,,20251200,602.2,20250900,,20251200
2025-08-19 20:00:00,,20251200,602.2,20250900,,20251200
2025-08-19 23:00:00,606.2,20251200,602.5,20250900,606.2,20251200
2025-08-20 13:00:00,,20251200,603.5,20250900,,20251200
2025-08-20 14:00:00,,20251200,604.1,20250900,,20251200
2025-08-20 15:00:00,,20251200,604.1,20250900,,20251200
2025-08-20 16:00:00,,20251200,604.1,20250900,,20251200
2025-08-20 17:00:00,,20251200,604.1,20250900,,20251200
2025-08-20 18:00:00,,20251200,604.1,20250900,,20251200
2025-08-20 19:00:00,,20251200,604.1,20250900,,20251200
2025-08-20 20:00:00,,20251200,604.1,20250900,,20251200
2025-08-20 23:00:00,608.0,20251200,604.3,20250900,608.0,20251200
2025-08-21 14:00:00,,20251200,602.6,20250900,,20251200
2025-08-21 15:00:00,,20251200,603.7,20250900,,20251200
2025-08-21 23:00:00,607.3,20251200,603.7,20250900,607.3,20251200
2025-08-22 07:00:00,,20251200,603.0,20250900,,20251200
2025-08-22 08:00:00,,20251200,603.0,20250900,,20251200
2025-08-22 09:00:00,,20251200,603.0,20250900,,20251200
2025-08-22 10:00:00,,20251200,604.7,20250900,,20251200
2025-08-22 11:00:00,,20251200,604.7,20250900,,20251200
2025-08-22 12:00:00,,20251200,604.3,20250900,,20251200
2025-08-22 13:00:00,,20251200,605.4,20250900,,20251200
2025-08-22 14:00:00,,20251200,607.7,20250900,,20251200
2025-08-22 15:00:00,,20251200,607.6,20250900,,20251200
2025-08-22 16:00:00,,20251200,607.6,20250900,,20251200
2025-08-22 17:00:00,,20251200,607.6,20250900,,20251200
2025-08-22 18:00:00,,20251200,607.6,20250900,,20251200
2025-08-22 19:00:00,,20251200,607.6,20250900,,20251200
2025-08-22 20:00:00,,20251200,607.6,20250900,,20251200
2025-08-22 23:00:00,611.2,20251200,604.3,20250900,611.2,20251200
2025-08-25 15:00:00,,20251200,604.4,20250900,,20251200
2025-08-25 16:00:00,,20251200,604.4,20250900,,20251200
2025-08-25 17:00:00,,20251200,604.4,20250900,,20251200
2025-08-25 18:00:00,,20251200,604.4,20250900,,20251200
2025-08-25 19:00:00,,20251200,604.4,20250900,,20251200
2025-08-25 20:00:00,,20251200,604.4,20250900,,20251200
2025-08-25 23:00:00,608.1,20251200,604.4,20250900,608.1,20251200
2025-08-26 07:00:00,,20251200,599.4,20250900,,20251200
2025-08-26 08:00:00,,20251200,598.3,20250900,,20251200
2025-08-26 13:00:00,,20251200,600.9,20250900,,20251200
2025-08-26 14:00:00,,20251200,601.4,20250900,,20251200
2025-08-26 15:00:00,,20251200,600.1,20250900,,20251200
2025-08-26 16:00:00,,20251200,600.1,20250900,,20251200
2025-08-26 17:00:00,,20251200,600.1,20250900,,20251200
2025-08-26 18:00:00,,20251200,600.1,20250900,,20251200
2025-08-26 19:00:00,,20251200,600.1,20250900,,20251200
2025-08-26 20:00:00,,20251200,600.1,20250900,,20251200
2025-08-26 23:00:00,603.2,20251200,599.4,20250900,603.2,20251200
2025-08-27 09:00:00,,20251200,598.5,20250900,,20251200
2025-08-27 10:00:00,,20251200,598.0,20250900,,20251200
2025-08-27 11:00:00,,20251200,597.9,20250900,,20251200
2025-08-27 12:00:00,,20251200,598.0,20250900,,20251200
2025-08-27 13:00:00,,20251200,597.0,20250900,,20251200
2025-08-27 14:00:00,,20251200,595.8,20250900,,20251200
2025-08-27 15:00:00,,20251200,597.6,20250900,,20251200
2025-08-27 16:00:00,,20251200,597.6,20250900,,20251200
2025-08-27 17:00:00,,20251200,597.6,20250900,,20251200
2025-08-27 18:00:00,,20251200,597.6,20250900,,20251200
2025-08-27 19:00:00,,20251200,597.6,20250900,,20251200
2025-08-27 20:00:00,,20251200,597.6,20250900,,20251200
2025-08-27 23:00:00,600.7,20251200,598.0,20250900,600.7,20251200
2025-08-28 09:00:00,,20251200,596.1,20250900,,20251200
2025-08-28 10:00:00,,20251200,594.3,20250900,,20251200
2025-08-28 15:00:00,,20251200,596.0,20250900,,20251200
2025-08-28 23:00:00,599.1,20251200,595.6,20250900,599.1,20251200
2025-08-29 09:00:00,,20251200,593.1,20250900,,20251200
2025-08-29 12:00:00,,20251200,593.9,20250900,,20251200
2025-08-29 13:00:00,,20251200,594.4,20250900,,20251200
2025-08-29 14:00:00,,20251200,593.0,20250900,,20251200
2025-08-29 15:00:00,,20251200,590.3,20250900,,20251200
2025-08-29 16:00:00,,20251200,590.9,20250900,,20251200
2025-08-29 23:00:00,595.9,20251200,590.9,20250900,595.9,20251200
2025-09-01 07:00:00,,20251200,593.3,20250900,,20251200
2025-09-01 10:00:00,,20251200,592.1,20250900,,20251200
2025-09-01 13:00:00,,20251200,592.5,20250900,,20251200
2025-09-01 14:00:00,,20251200,592.5,20250900,,20251200
2025-09-01 15:00:00,,20251200,592.7,20250900,,20251200
2025-09-01 23:00:00,596.4,20251200,592.7,20250900,596.4,20251200
2025-09-02 07:00:00,,20251200,588.6,20250900,,20251200
2025-09-02 08:00:00,,20251200,586.2,20250900,,20251200
2025-09-02 12:00:00,,20251200,580.9,20250900,,20251200
2025-09-02 13:00:00,,20251200,580.5,20250900,,20251200
2025-09-02 15:00:00,,20251200,581.0,20250900,,20251200
2025-09-02 23:00:00,584.9,20251200,581.4,20250900,584.9,20251200
2025-09-03 15:00:00,,20251200,584.3,20250900,,20251200
